NORAD_CAT_ID,OBJECT_NAME,OBJECT_TYPE,EPOCH,MEAN_MOTION,ECCENTRICITY,INCLINATION,RA_OF_ASC_NODE,ARG_OF_PERICENTER,MEAN_ANOMALY,BSTAR,MEAN_MOTION_DOT,MEAN_MOTION_DDOT,TLE_LINE0,TLE_LINE1,TLE_LINE2,SEMIMAJOR_AXIS,PERIOD,APOGEE,PERIGEE,DECAYED
52535.0,STARLINK-3958,PAYLOAD,2022-05-18 18:00:00,15.81935615,0.0001252999999999,53.2184,269.3736,51.6348,284.6043,-0.0044219,-0.00834099,0.0,0 STARLINK-3958,1 52535U 22051C   22138.75001157 -.00834099  00000-0 -44219-2 0  9999,2 52535  53.2184 269.3736 0001253  51.6348 284.6043 15.81935615  1304,6703.104,91.028,325.809,324.129,0.0
52535.0,STARLINK-3958,PAYLOAD,2022-05-19 06:00:00,15.81022884,0.0001164,53.2173,266.8655,53.1119,251.4472,-0.0048753999999999,-0.00876715,0.0,0 STARLINK-3958,1 52535U 22051C   22139.25001157 -.00876715  00000-0 -48754-2 0  9994,2 52535  53.2173 266.8655 0001164  53.1119 251.4472 15.81022884  1378,6705.684,91.08,328.329,326.768,0.0
52535.0,STARLINK-3958,PAYLOAD,2022-05-19 14:00:01,15.80395718,0.0001584,53.2174,265.1994,31.655,10.9113,-0.0050373999999999,-0.00879681,0.0,0 STARLINK-3958,1 52535U 22051C   22139.58335648 -.00879681  00000-0 -50374-2 0  9991,2 52535  53.2174 265.1994 0001584  31.6550  10.9113 15.80395718  1304,6707.458000000001,91.116,330.385,328.26,0.0
52535.0,STARLINK-3958,PAYLOAD,2022-05-19 22:00:00,15.79765839,0.0001354,53.2172,263.5331,47.0143,92.6734,-0.0051802,-0.00878701,0.0,0 STARLINK-3958,1 52535U 22051C   22139.91667824 -.00878701  00000-0 -51802-2 0  9991,2 52535  53.2172 263.5331 0001354  47.0143  92.6734 15.79765839  1302,6709.241,91.153,332.014,330.19699999999995,0.0
52535.0,STARLINK-3958,PAYLOAD,2022-05-20 04:00:00,15.79290707,0.0001527,53.2175,262.2828,36.9247,85.1587,-0.0052533,-0.00872574,0.0,0 STARLINK-3958,1 52535U 22051C   22140.16667824 -.00872574  00000-0 -52533-2 0  9994,2 52535  53.2175 262.2828 0001527  36.9247  85.1587 15.79290707  1520,6710.5859999999975,91.18,333.476,331.426,0.0
52535.0,STARLINK-3958,PAYLOAD,2022-05-20 14:00:01,15.78507024,0.0001683,53.2176,260.2049,29.7833,302.0098,-0.0054804,-0.00877824,0.0,0 STARLINK-3958,1 52535U 22051C   22140.58334491 -.00877824  00000-0 -54804-2 0  9997,2 52535  53.2176 260.2049 0001683  29.7833 302.0098 15.78507024  1304,6712.807,91.225,335.802,333.542,0.0
52535.0,STARLINK-3958,PAYLOAD,2022-05-20 22:00:00,15.77877267,0.0001779,53.2171,258.5429,26.2335,40.4781,-0.0056278,-0.00876272,0.0,0 STARLINK-3958,1 52535U 22051C   22140.91667824 -.00876272  00000-0 -56278-2 0  9996,2 52535  53.2171 258.5429 0001779  26.2335  40.4781 15.77877267  1643,6714.593000000003,91.262,337.653,335.264,0.0
52535.0,STARLINK-3958,PAYLOAD,2022-05-21 06:00:00,15.77247814,0.0001698,53.2172,256.8809,34.5005,126.3745,-0.0057917,-0.00876525,0.0,0 STARLINK-3958,1 52535U 22051C   22141.25001157 -.00876525  00000-0 -57917-2 0  9997,2 52535  53.2172 256.8809 0001698  34.5005 126.3745 15.77247814  1309,6716.379,91.298,339.385,337.1040000000001,0.0
52535.0,STARLINK-3958,PAYLOAD,2022-05-21 14:00:01,15.76617883,0.0001896,53.2173,255.2243,29.8241,224.5218,-0.0059505,-0.00875682,0.0,0 STARLINK-3958,1 52535U 22051C   22141.58335648 -.00875682  00000-0 -59505-2 0  9996,2 52535  53.2173 255.2243 0001896  29.8241 224.5218 15.76617883  1306,6718.168000000002,91.335,341.307,338.759,0.0
52535.0,STARLINK-3958,PAYLOAD,2022-05-21 20:00:01,15.76146323,0.0001429,53.2172,253.9815,45.4286,188.4089,-0.006069,-0.00874508,0.0,0 STARLINK-3958,1 52535U 22051C   22141.83334491 -.00874508  00000-0 -60690-2 0  9992,2 52535  53.2172 253.9815 0001429  45.4286 188.4089 15.76146323  1782,6719.5080000000025,91.362,342.333,340.413,0.0
52535.0,STARLINK-3958,PAYLOAD,2022-05-21 22:00:00,15.75990152,0.0001296999999999,53.2173,253.5669,41.5305,305.3988,-0.0061303,-0.00876932,0.0,0 STARLINK-3958,1 52535U 22051C   22141.91667824 -.00876932  00000-0 -61303-2 0  9995,2 52535  53.2173 253.5669 0001297  41.5305 305.3988 15.75990152  1300,6719.9519999999975,91.371,342.689,340.945,0.0
52535.0,STARLINK-3958,PAYLOAD,2022-05-22 14:00:01,15.74729678,0.0001975,53.2175,250.2575,30.2522,139.7087,-0.0064551,-0.00874026,0.0,0 STARLINK-3958,1 52535U 22051C   22142.58334491 -.00874026  00000-0 -64551-2 0  9990,2 52535  53.2175 250.2575 0001975  30.2522 139.7087 15.74729678  1908,6723.538000000001,91.444,346.73,344.075,0.0
52535.0,STARLINK-3958,PAYLOAD,2022-05-22 22:00:01,15.74101053,0.0001646,53.2172,248.6044,36.5837,223.824,-0.0066476,-0.00875422,0.0,0 STARLINK-3958,1 52535U 22051C   22142.91668981 -.00875422  00000-0 -66476-2 0  9990,2 52535  53.2172 248.6044 0001646  36.5837 223.8240 15.74101053  1301,6725.3269999999975,91.481,348.2990000000001,346.085,0.0
52535.0,STARLINK-3958,PAYLOAD,2022-05-23 04:00:00,15.7345862,0.0002044,53.2172,247.3647,27.8932,209.7683,-0.0026811,-0.00365121,0.0,0 STARLINK-3958,1 52535U 22051C   22143.16667824 -.00365121  00000-0 -26811-2 0  9992,2 52535  53.2172 247.3647 0002044  27.8932 209.7683 15.73458620  1991,6727.158,91.518,350.398,347.648,0.0
52535.0,STARLINK-3958,PAYLOAD,2022-05-23 14:00:01,15.73207217,0.000203,53.2172,245.3046,330.153,108.8141,-3.6966e-05,-5.807e-05,0.0,0 STARLINK-3958,1 52535U 22051C   22143.58334491 -.00005807  00000-0 -36966-4 0  9995,2 52535  53.2172 245.3046 0002030 330.1530 108.8141 15.73207217  1308,6727.875,91.533,351.105,348.374,0.0
52535.0,STARLINK-3958,PAYLOAD,2022-05-23 16:00:00,15.73204586,0.0002038,53.2174,244.8924,331.8672,219.3344,-1.0162e-07,-6.35e-06,0.0,0 STARLINK-3958,1 52535U 22051C   22143.66667824 -.00000635  00000-0 -10162-6 0  9999,2 52535  53.2174 244.8924 0002038 331.8672 219.3344 15.73204586  2076,6727.882,91.533,351.11800000000005,348.376,0.0
52535.0,STARLINK-3958,PAYLOAD,2022-05-23 20:00:01,15.73257436,0.0003334,53.2203,244.0782,293.7898,122.096,-0.00064502,-0.00090434,0.0,0 STARLINK-3958,1 52535U 22051C   22143.83334491 -.00090434  00000-0 -64502-3 0  9999,2 52535  53.2203 244.0782 0003334 293.7898 122.0960 15.73257436  2109,6727.731,91.53,351.839,347.353,0.0
52535.0,STARLINK-3958,PAYLOAD,2022-05-23 22:00:01,15.73246513,0.0003215,53.2203,243.6652,293.8349,234.3615,-0.00067604,-0.00094659,0.0,0 STARLINK-3958,1 52535U 22051C   22143.91668981 -.00094659  00000-0 -67604-3 0  9991,2 52535  53.2203 243.6652 0003215 293.8349 234.3615 15.73246513  1309,6727.763000000001,91.53,351.791,347.465,0.0
52535.0,STARLINK-3958,PAYLOAD,2022-05-24 12:32:05,15.73317553,0.0003037,53.221,240.6666,282.4956,77.5724,0.00071026,0.00100786,0.0,0 STARLINK-3958,1 52535U 22051C   22144.52229067  .00100786  00000-0  71026-3 0  9997,2 52535  53.2210 240.6666 0003037 282.4956  77.5724 15.73317553  2211,6727.56,91.526,351.468,347.38199999999995,0.0
52535.0,STARLINK-3958,PAYLOAD,2022-05-24 22:00:00,15.73184814,0.000283,53.2187,238.7172,305.4261,129.4023,0.00022063,0.00030439,0.0,0 STARLINK-3958,1 52535U 22051C   22144.91667824  .00030439  00000-0  22063-3 0  9991,2 52535  53.2187 238.7172 0002830 305.4261 129.4023 15.73184814  2276,6727.938,91.534,351.707,347.899,0.0
52535.0,STARLINK-3958,PAYLOAD,2022-05-25 14:00:01,15.73278567,0.0002712,53.2193,235.4196,314.5835,298.1255,-0.00088119,-0.00122941,0.0,0 STARLINK-3958,1 52535U 22051C   22145.58334491 -.00122941  00000-0 -88119-3 0  9992,2 52535  53.2193 235.4196 0002712 314.5835 298.1255 15.73278567  1303,6727.670999999999,91.529,351.361,347.712,0.0
52535.0,STARLINK-3958,PAYLOAD,2022-05-25 20:33:12,15.73247611,0.0002888,53.2204,234.0658,316.4732,43.606,0.00024288,0.00033676,0.0,0 STARLINK-3958,1 52535U 22051C   22145.85639758  .00033676  00000-0  24288-3 0  9997,2 52535  53.2204 234.0658 0002888 316.4732  43.6060 15.73247611  2354,6727.759,91.53,351.56699999999995,347.681,0.0
52535.0,STARLINK-3958,PAYLOAD,2022-05-26 06:00:00,15.73235428,0.0002391,53.2199,232.1186,323.671,106.925,-0.00015847,-0.00022838,0.0,0 STARLINK-3958,1 52535U 22051C   22146.25001157 -.00022838  00000-0 -15847-3 0  9999,2 52535  53.2199 232.1186 0002391 323.6710 106.9250 15.73235428  2488,6727.794,91.531,351.26800000000014,348.051,0.0
52535.0,STARLINK-3958,PAYLOAD,2022-05-26 11:48:01,15.731544199999998,0.0002704,53.2197,230.9224,339.9311,20.1603,-9.3285e-05,-0.00013669,0.0,0 STARLINK-3958,1 52535U 22051C   22146.49168450 -.00013669  00000-0 -93285-4 0  9990,2 52535  53.2197 230.9224 0002704 339.9311  20.1603 15.73154420  2526,6728.025,91.536,351.709,348.071,0.0
52535.0,STARLINK-3958,PAYLOAD,2022-05-26 13:19:30,15.73191047,0.0002713,53.2197,230.6081,345.6578,14.4364,0.00021998,0.00030355,0.0,0 STARLINK-3958,1 52535U 22051C   22146.55521053  .00030355  00000-0  21998-3 0  9999,2 52535  53.2197 230.6081 0002713 345.6578  14.4364 15.73191047  2462,6727.920999999999,91.534,351.611,347.96,0.0
52535.0,STARLINK-3958,PAYLOAD,2022-05-26 19:25:25,15.73210146,0.0002602,53.2197,229.3508,336.1431,23.9468,0.00031885,0.00044388,0.0,0 STARLINK-3958,1 52535U 22051C   22146.80932069  .00044388  00000-0  31885-3 0  9997,2 52535  53.2197 229.3508 0002602 336.1431  23.9468 15.73210146  2575,6727.866,91.533,351.482,347.981,0.0
52535.0,STARLINK-3958,PAYLOAD,2022-05-26 20:57:08,15.71942727,0.0002349,53.2197,229.0377,84.8375,275.2912,-0.007543,-0.00902287,0.0,0 STARLINK-3958,1 52535U 22051C   22146.87301317 -.00902287  00000-0 -75430-2 0  9996,2 52535  53.2197 229.0377 0002349  84.8375 275.2912 15.71942727  2513,6731.482,91.606,354.92800000000005,351.766,0.0
52535.0,STARLINK-3958,PAYLOAD,2022-05-27 02:00:01,15.73152687,0.0002342,53.2192,227.9953,336.1272,136.8282,0.00069446,0.00097791,0.0,0 STARLINK-3958,1 52535U 22051C   22147.08334491  .00097791  00000-0  69446-3 0  9993,2 52535  53.2192 227.9953 0002342 336.1272 136.8282 15.73152687  2610,6728.03,91.536,351.471,348.319,0.0
52535.0,STARLINK-3958,PAYLOAD,2022-05-27 13:43:11,15.73117791,0.0002009,53.2198,225.5794,355.2764,4.8237,-0.00034929,-0.00049187,0.0,0 STARLINK-3958,1 52535U 22051C   22147.57166521 -.00049187  00000-0 -34929-3 0  9990,2 52535  53.2198 225.5794 0002009 355.2764   4.8237 15.73117791  2690,6728.13,91.538,351.346,348.64300000000014,0.0
52535.0,STARLINK-3958,PAYLOAD,2022-05-27 14:00:01,15.73243467,0.0002583,53.2188,225.5236,344.6628,81.6751,-0.00042463,-0.00059914,0.0,0 STARLINK-3958,1 52535U 22051C   22147.58334491 -.00059914  00000-0 -42463-3 0  9995,2 52535  53.2188 225.5236 0002583 344.6628  81.6751 15.73243467  1309,6727.771,91.531,351.374,347.898,0.0
52535.0,STARLINK-3958,PAYLOAD,2022-05-27 22:00:01,15.73047685,0.0002221,53.2176,223.8607,341.3433,173.9129,0.0017798999999999,0.00255252,0.0,0 STARLINK-3958,1 52535U 22051C   22147.91668981  .00255252  00000-0  17799-2 0  9990,2 52535  53.2176 223.8607 0002221 341.3433 173.9129 15.73047685  2743,6728.329000000002,91.542,351.689,348.7,0.0
52535.0,STARLINK-3958,PAYLOAD,2022-05-28 06:00:02,15.7321334,0.0002467,53.2181,222.2227,357.5789,246.7102,0.00049232,0.00069089,0.0,0 STARLINK-3958,1 52535U 22051C   22148.25002315  .00069089  00000-0  49232-3 0  9990,2 52535  53.2181 222.2227 0002467 357.5789 246.7102 15.73213340  2793,6727.857,91.532,351.38199999999995,348.06199999999984,0.0
52535.0,STARLINK-3958,PAYLOAD,2022-05-28 12:35:22,15.73304958,0.0003484,53.2195,220.864,2.466,357.6377,0.00095614,0.00136407,0.0,0 STARLINK-3958,1 52535U 22051C   22148.52456452  .00136407  00000-0  95614-3 0  9999,2 52535  53.2195 220.8640 0003484   2.4660 357.6377 15.73304958  2775,6727.596,91.527,351.805,347.117,0.0
52535.0,STARLINK-3958,PAYLOAD,2022-05-28 14:00:01,15.73261236,0.0002801,53.2178,220.5754,2.1485,331.0341,-0.00015561,-0.00022465,0.0,0 STARLINK-3958,1 52535U 22051C   22148.58334491 -.00022465  00000-0 -15561-3 0  9996,2 52535  53.2178 220.5754 0002801   2.1485 331.0341 15.73261236  2850,6727.721,91.53,351.47,347.701,0.0
52535.0,STARLINK-3958,PAYLOAD,2022-05-28 22:00:00,15.73279593,0.0002702,53.2173,218.9243,6.7866,55.4019,-0.00035756,-0.00050683,0.0,0 STARLINK-3958,1 52535U 22051C   22148.91667824 -.00050683  00000-0 -35756-3 0  9993,2 52535  53.2173 218.9243 0002702   6.7866  55.4019 15.73279593  1305,6727.668000000002,91.529,351.351,347.715,0.0
52535.0,STARLINK-3958,PAYLOAD,2022-05-29 12:59:03,15.73020998,0.000274,53.2187,215.8345,353.3604,6.7379,-0.00099985,-0.0013765,0.0,0 STARLINK-3958,1 52535U 22051C   22149.54101709 -.00137650  00000-0 -99985-3 0  9992,2 52535  53.2187 215.8345 0002740 353.3604   6.7379 15.73020998  2933,6728.406,91.544,352.11400000000015,348.427,0.0
52535.0,STARLINK-3958,PAYLOAD,2022-05-29 14:00:01,15.73154569,0.0002983,53.2174,215.6273,15.2057,224.8782,-0.00044271,-0.00062192,0.0,0 STARLINK-3958,1 52535U 22051C   22149.58334491 -.00062192  00000-0 -44271-3 0  9998,2 52535  53.2174 215.6273 0002983  15.2057 224.8782 15.73154569  3004,6728.025,91.536,351.897,347.8830000000001,0.0
52535.0,STARLINK-3958,PAYLOAD,2022-05-29 20:00:01,15.72861927,0.0003483,53.2172,214.3897,358.2014,218.2067,-0.0002576,-0.00036114,0.0,0 STARLINK-3958,1 52535U 22051C   22149.83334491 -.00036114  00000-0 -25760-3 0  9993,2 52535  53.2172 214.3897 0003483 358.2014 218.2067 15.72861927  3048,6728.859,91.553,353.0680000000001,348.381,0.0
52535.0,STARLINK-3958,PAYLOAD,2022-05-29 22:00:00,15.72825321,0.0003392,53.2174,213.977,359.0938,329.4531,0.00028331,0.000387,0.0,0 STARLINK-3958,1 52535U 22051C   22149.91667824  .00038700  00000-0  28331-3 0  9999,2 52535  53.2174 213.9770 0003392 359.0938 329.4531 15.72825321  1304,6728.964,91.555,353.111,348.546,0.0
52535.0,STARLINK-3958,PAYLOAD,2022-05-30 06:00:00,15.72847386,0.0003358,53.2176,212.3283,359.9536,57.0763,0.00066226,0.00091963,0.0,0 STARLINK-3958,1 52535U 22051C   22150.25001157  .00091963  00000-0  66226-3 0  9994,2 52535  53.2176 212.3283 0003358 359.9536  57.0763 15.72847386  3110,6728.901,91.554,353.025,348.506,0.0
52535.0,STARLINK-3958,PAYLOAD,2022-05-30 13:23:03,15.72859637,0.0003487,53.217,210.8067,8.7062,351.4018,0.00023766,0.00032388,0.0,0 STARLINK-3958,1 52535U 22051C   22150.55767498  .00032388  00000-0  23766-3 0  9992,2 52535  53.2170 210.8067 0003487   8.7062 351.4018 15.72859637  3096,6728.866,91.553,353.077,348.384,0.0
52535.0,STARLINK-3958,PAYLOAD,2022-05-30 21:00:31,15.72966612,0.0003227,53.2168,209.2355,3.5147,356.5895,0.00027732,0.00038096,0.0,0 STARLINK-3958,1 52535U 22051C   22150.87536237  .00038096  00000-0  27732-3 0  9991,2 52535  53.2168 209.2355 0003227   3.5147 356.5895 15.72966612  3141,6728.561,91.547,352.597,348.254,0.0
52535.0,STARLINK-3958,PAYLOAD,2022-05-31 04:37:56,15.73126162,0.000366,53.2169,207.6632,350.9422,9.1531,0.00090758,0.00128338,0.0,0 STARLINK-3958,1 52535U 22051C   22151.19301381  .00128338  00000-0  90758-3 0  9994,2 52535  53.2169 207.6632 0003660 350.9422   9.1531 15.73126162  3268,6728.106,91.537,352.43300000000005,347.5080000000001,0.0
52535.0,STARLINK-3958,PAYLOAD,2022-05-31 06:00:02,15.74053265,0.000421,53.2181,207.3606,0.1634,323.9451,-0.015037,-0.01906487,0.0,0 STARLINK-3958,1 52535U 22051C   22151.25002315 -.01906487  00000-0 -15037-1 0  9993,2 52535  53.2181 207.3606 0004210   0.1634 323.9451 15.74053265  1306,6725.464,91.484,350.16,344.497,0.0
52535.0,STARLINK-3958,PAYLOAD,2022-05-31 14:00:01,15.7268964,0.0004051,53.2173,205.7107,0.4876,52.5909,-0.0056427,-0.00713628,0.0,0 STARLINK-3958,1 52535U 22051C   22151.58334491 -.00713628  00000-0 -56427-2 0  9993,2 52535  53.2173 205.7107 0004051   0.4876  52.5909 15.72689640  3326,6729.351,91.563,353.94199999999995,348.49,0.0
52535.0,STARLINK-3958,PAYLOAD,2022-05-31 22:00:00,15.72181452,0.0003707,53.2175,204.0587,4.2083,136.8793,-0.0057876,-0.00715873,0.0,0 STARLINK-3958,1 52535U 22051C   22151.91667824 -.00715873  00000-0 -57876-2 0  9992,2 52535  53.2175 204.0587 0003707   4.2083 136.8793 15.72181452  1302,6730.801,91.592,355.161,350.171,0.0
52535.0,STARLINK-3958,PAYLOAD,2022-06-01 12:00:00,15.71288035,0.0003165,53.2177,201.1762,330.8795,232.7481,-0.0060017,-0.0071458,0.0,0 STARLINK-3958,1 52535U 22051C   22152.50001157 -.00714580  00000-0 -60017-2 0  9994,2 52535  53.2177 201.1762 0003165 330.8795 232.7481 15.71288035  3466,6733.352,91.645,357.348,353.086,0.0
52535.0,STARLINK-3958,PAYLOAD,2022-06-01 20:00:01,15.70773844,0.0005665,53.2175,199.5282,290.4879,359.4653,-0.0060522,-0.00706657,0.0,0 STARLINK-3958,1 52535U 22051C   22152.83334491 -.00706657  00000-0 -60522-2 0  9997,2 52535  53.2175 199.5282 0005665 290.4879 359.4653 15.70773844  3512,6734.821,91.675,360.501,352.871,0.0
52535.0,STARLINK-3958,PAYLOAD,2022-06-03 02:51:25,15.69290299,0.0003282,53.2169,193.2263,286.0165,74.0492,-0.0013736,-0.00161048,0.0,0 STARLINK-3958,1 52535U 22051C   22154.11905074 -.00161048  00000-0 -13736-2 0  9995,2 52535  53.2169 193.2263 0003282 286.0165  74.0492 15.69290299  3727,6739.065,91.761,363.142,358.718,0.0
52535.0,STARLINK-3958,PAYLOAD,2022-06-03 08:58:33,15.68492237,0.0004184,53.2168,191.9715,331.9925,28.0867,-0.0033407,-0.00369078,0.0,0 STARLINK-3958,1 52535U 22051C   22154.37399607 -.00369078  00000-0 -33407-2 0  9992,2 52535  53.2168 191.9715 0004184 331.9925  28.0867 15.68492237  3763,6741.351,91.808,366.036,360.395,0.0
52535.0,STARLINK-3958,PAYLOAD,2022-06-03 13:33:45,15.683624800000002,0.0001184,53.2152,191.029,3.7698,356.3329,-0.0037368,-0.00408316,0.0,0 STARLINK-3958,1 52535U 22051C   22154.56510679 -.00408316  00000-0 -37368-2 0  9996,2 52535  53.2152 191.0290 0001184   3.7698 356.3329 15.68362480  3792,6741.723000000001,91.816,364.386,362.789,0.0
52535.0,STARLINK-3958,PAYLOAD,2022-06-04 01:48:17,15.67523841,0.0003048,53.215,188.5255,69.1537,290.9807,-0.0025191,-0.00270668,0.0,0 STARLINK-3958,1 52535U 22051C   22155.07519712 -.00270668  00000-0 -25191-2 0  9998,2 52535  53.2150 188.5255 0003048  69.1537 290.9807 15.67523841  3873,6744.127,91.865,368.048,363.936,0.0
52535.0,STARLINK-3958,PAYLOAD,2022-06-04 12:30:41,15.68043296,0.0008413,53.2153,186.3342,337.8046,22.2606,0.0047336,0.0057414,0.0,0 STARLINK-3958,1 52535U 22051C   22155.52131115  .00574140  00000-0  47336-2 0  9990,2 52535  53.2153 186.3342 0008413 337.8046  22.2606 15.68043296  3943,6742.637,91.834,370.175,358.83,0.0
52535.0,STARLINK-3958,PAYLOAD,2022-06-05 22:00:00,15.64531277,0.0001151,53.2174,179.459,60.9677,246.7157,-0.0079128,-0.00713029,0.0,0 STARLINK-3958,1 52535U 22051C   22156.91667824 -.00713029  00000-0 -79128-2 0  9992,2 52535  53.2174 179.4590 0001151  60.9677 246.7157 15.64531277  4166,6752.724,92.04,375.366,373.812,0.0
52535.0,STARLINK-3958,PAYLOAD,2022-06-06 14:00:01,15.63513573,0.0001129,53.2171,176.202,68.8401,34.6366,-0.0082785,-0.00716101,0.0,0 STARLINK-3958,1 52535U 22051C   22157.58334491 -.00716101  00000-0 -82785-2 0  9994,2 52535  53.2171 176.2020 0001129  68.8401  34.6366 15.63513573  1300,6755.654,92.1,378.282,376.756,0.0
52535.0,STARLINK-3958,PAYLOAD,2022-06-06 22:00:00,15.63003168,0.0001215,53.2172,174.5726,64.1089,116.3477,-0.0084397,-0.00715529,0.0,0 STARLINK-3958,1 52535U 22051C   22157.91667824 -.00715529  00000-0 -84397-2 0  9994,2 52535  53.2172 174.5726 0001215  64.1089 116.3477 15.63003168  4311,6757.125,92.13,379.811,378.169,0.0
52535.0,STARLINK-3958,PAYLOAD,2022-06-07 14:00:01,15.61984088,0.000105,53.2172,171.3232,76.7045,255.8688,-0.0087905,-0.00715951,0.0,0 STARLINK-3958,1 52535U 22051C   22158.58334491 -.00715951  00000-0 -87905-2 0  9996,2 52535  53.2172 171.3232 0001050  76.7045 255.8688 15.61984088  1302,6760.063,92.19,382.638,381.219,0.0
52535.0,STARLINK-3958,PAYLOAD,2022-06-07 22:00:00,15.61472225,0.0001114,53.2172,169.6974,58.8863,348.8295,-0.0089461,-0.00714363,0.0,0 STARLINK-3958,1 52535U 22051C   22158.91667824 -.00714363  00000-0 -89461-2 0  9997,2 52535  53.2172 169.6974 0001114  58.8863 348.8295 15.61472225  4478,6761.541,92.221,384.159,382.652,0.0
52535.0,STARLINK-3958,PAYLOAD,2022-06-08 14:00:01,15.6045451,0.0001238,53.2172,166.4551,72.14399999999998,124.0118,-0.0093503,-0.00717479,0.0,0 STARLINK-3958,1 52535U 22051C   22159.58334491 -.00717479  00000-0 -93503-2 0  9995,2 52535  53.2172 166.4551 0001238  72.1440 124.0118 15.60454510  1304,6764.48,92.281,387.1830000000001,385.508,0.0
52535.0,STARLINK-3958,PAYLOAD,2022-06-08 22:00:01,15.59941935,0.000125,53.2174,164.8331,65.3432,204.1812,-0.0094712,-0.00712943,0.0,0 STARLINK-3958,1 52535U 22051C   22159.91668981 -.00712943  00000-0 -94712-2 0  9990,2 52535  53.2174 164.8331 0001250  65.3432 204.1812 15.59941935  4622,6765.962,92.311,388.673,386.981,0.0
52535.0,STARLINK-3958,PAYLOAD,2022-06-09 14:00:01,15.58923433,0.0001121,53.2171,161.5984,62.3728,351.8499,-0.0098682,-0.00714252,0.0,0 STARLINK-3958,1 52535U 22051C   22160.58334491 -.00714252  00000-0 -98682-2 0  9996,2 52535  53.2171 161.5984 0001121  62.3728 351.8499 15.58923433  1304,6768.909000000002,92.371,391.532,390.015,0.0
52535.0,STARLINK-3958,PAYLOAD,2022-06-09 22:00:00,15.58413817,0.0001295,53.2172,159.9802,57.9222,67.7651,-0.01009,-0.00716133,0.0,0 STARLINK-3958,1 52535U 22051C   22160.91667824 -.00716133  00000-0 -10090-1 0  9998,2 52535  53.2172 159.9802 0001295  57.9222  67.7651 15.58413817  1309,6770.384,92.402,393.126,391.372,0.0
52535.0,STARLINK-3958,PAYLOAD,2022-06-10 00:00:00,15.58285859,0.0001332,53.2174,159.5764,65.3579,168.09900000000005,-0.010096,-0.00713342,0.0,0 STARLINK-3958,1 52535U 22051C   22161.00001157 -.00713342  00000-0 -10096-1 0  9995,2 52535  53.2174 159.5764 0001332  65.3579 168.0990 15.58285859  4794,6770.755,92.409,393.522,391.718,0.0
52535.0,STARLINK-3958,PAYLOAD,2022-06-10 14:00:01,15.57395135,0.0001206,53.2172,156.7523,74.4375,192.3367,-0.010509,-0.00717513,0.0,0 STARLINK-3958,1 52535U 22051C   22161.58334491 -.00717513  00000-0 -10509-1 0  9991,2 52535  53.2172 156.7523 0001206  74.4375 192.3367 15.57395135  1309,6773.3359999999975,92.462,396.018,394.384,0.0
52535.0,STARLINK-3958,PAYLOAD,2022-06-10 22:00:00,15.56881228,0.0001162,53.2173,155.1379,62.8834,273.5182,-0.010614,-0.0071135,0.0,0 STARLINK-3958,1 52535U 22051C   22161.91667824 -.00711350  00000-0 -10614-1 0  9997,2 52535  53.2173 155.1379 0001162  62.8834 273.5182 15.56881228  4946,6774.8269999999975,92.493,397.479,395.904,0.0
52535.0,STARLINK-3958,PAYLOAD,2022-06-11 22:00:00,15.55353846,0.0001351,53.2174,150.30700000000004,62.9723,118.6265,-0.011295,-0.00714767,0.0,0 STARLINK-3958,1 52535U 22051C   22162.91667824 -.00714767  00000-0 -11295-1 0  9999,2 52535  53.2174 150.3070 0001351  62.9723 118.6265 15.55353846  5097,6779.261,92.583,402.042,400.21,0.0
52535.0,STARLINK-3958,PAYLOAD,2022-06-12 14:00:01,15.54334641,0.0001148,53.2172,147.094,74.3369,240.996,-0.011749,-0.00715869,0.0,0 STARLINK-3958,1 52535U 22051C   22163.58334491 -.00715869  00000-0 -11749-1 0  9992,2 52535  53.2172 147.0940 0001148  74.3369 240.9960 15.54334641  1303,6782.224,92.644,404.86800000000005,403.311,0.0
52535.0,STARLINK-3958,PAYLOAD,2022-06-12 22:00:00,15.53821599,0.0001136,53.2174,145.4873,66.4791,314.8037,-0.011878,-0.00710682,0.0,0 STARLINK-3958,1 52535U 22051C   22163.91667824 -.00710682  00000-0 -11878-1 0  9999,2 52535  53.2174 145.4873 0001136  66.4791 314.8037 15.53821599  5256,6783.717,92.675,406.353,404.812,0.0
52535.0,STARLINK-3958,PAYLOAD,2022-06-13 14:00:01,15.52804037,0.0001232,53.2171,142.2815,70.64699999999998,80.6926,-0.012395,-0.00714245,0.0,0 STARLINK-3958,1 52535U 22051C   22164.58334491 -.00714245  00000-0 -12395-1 0  9998,2 52535  53.2171 142.2815 0001232  70.6470  80.6926 15.52804037  1306,6786.681,92.735,409.382,407.709,0.0
52535.0,STARLINK-3958,PAYLOAD,2022-06-13 22:00:00,15.52293179,0.0001355,53.2173,140.6786,68.361,147.0891,-0.012583,-0.00711979,0.0,0 STARLINK-3958,1 52535U 22051C   22164.91667824 -.00711979  00000-0 -12583-1 0  9994,2 52535  53.2173 140.6786 0001355  68.3610 147.0891 15.52293179  1301,6788.169,92.766,410.954,409.115,0.0
52535.0,STARLINK-3958,PAYLOAD,2022-06-14 14:00:01,15.51274537,0.0001111,53.2173,137.48,71.3412,270.4896,-0.013111,-0.00723938,0.0,0 STARLINK-3958,1 52535U 22051C   22165.58334491 -.00723938  00000-0 -13111-1 0  9995,2 52535  53.2173 137.4800 0001111  71.3412 270.4896 15.51274537  1308,6791.141,92.827,413.76,412.251,0.0
52535.0,STARLINK-3958,PAYLOAD,2022-06-14 22:00:00,15.5076259,0.0001185,53.2175,135.8813,63.9497,340.1536,-0.013285,-0.0072048,0.0,0 STARLINK-3958,1 52535U 22051C   22165.91667824 -.00720480  00000-0 -13285-1 0  9992,2 52535  53.2175 135.8813 0001185  63.9497 340.1536 15.50762590  5565,6792.635,92.858,415.305,413.695,0.0
52535.0,STARLINK-3958,PAYLOAD,2022-06-15 14:00:01,15.4988827,0.0001293,53.2173,132.6925,63.9782,102.854,-9.1599e-05,-5.647e-05,0.0,0 STARLINK-3958,1 52535U 22051C   22166.58334491 -.00005647  00000-0 -91599-4 0  9995,2 52535  53.2173 132.6925 0001293  63.9782 102.8540 15.49888270  5660,6795.19,92.91,417.9330000000001,416.176,0.0
52535.0,STARLINK-3958,PAYLOAD,2022-06-15 22:00:00,15.49912102,8.4e-05,53.2163,131.1085,60.7462,167.0531,0.00048614,0.00027262,0.0,0 STARLINK-3958,1 52535U 22051C   22166.91667824  .00027262  00000-0  48614-3 0  9995,2 52535  53.2163 131.1085 0000840  60.7462 167.0531 15.49912102  5718,6795.12,92.908,417.556,416.414,0.0
52535.0,STARLINK-3958,PAYLOAD,2022-06-16 02:00:01,15.49932302,9.13e-05,53.2166,130.3103,51.7856,26.4905,-0.0001205,-7.295e-05,0.0,0 STARLINK-3958,1 52535U 22051C   22167.08334491 -.00007295  00000-0 -12050-3 0  9996,2 52535  53.2166 130.3103 0000913  51.7856  26.4905 15.49932302  1309,6795.061,92.907,417.546,416.306,0.0
52535.0,STARLINK-3958,PAYLOAD,2022-06-19 14:00:01,15.45410566,0.0001344,53.2174,113.6004,61.678,92.5044,-0.016021,-0.00720055,0.0,0 STARLINK-3958,1 52535U 22051C   22170.58334491 -.00720055  00000-0 -16021-1 0  9991,2 52535  53.2174 113.6004 0001344  61.6780  92.5044 15.45410566  1304,6808.309,93.179,431.089,429.259,0.0
52535.0,STARLINK-3958,PAYLOAD,2022-06-19 20:00:01,15.45027416,0.000137,53.2176,112.4119,56.3285,49.3321,-0.016197,-0.00718557,0.0,0 STARLINK-3958,1 52535U 22051C   22170.83334491 -.00718557  00000-0 -16197-1 0  9997,2 52535  53.2176 112.4119 0001370  56.3285  49.3321 15.45027416  6323,6809.435,93.202,432.232,430.367,0.0
52535.0,STARLINK-3958,PAYLOAD,2022-06-19 22:00:00,15.4489969,0.0001440999999999,53.2177,112.0165,61.6548,147.7551,-0.016261,-0.00718273,0.0,0 STARLINK-3958,1 52535U 22051C   22170.91667824 -.00718273  00000-0 -16261-1 0  9992,2 52535  53.2177 112.0165 0001441  61.6548 147.7551 15.44899690  1302,6809.81,93.21,432.656,430.694,0.0
52535.0,STARLINK-3958,PAYLOAD,2022-06-20 14:00:01,15.43881714,0.00012,53.2174,108.8522,70.8596,247.1661,-0.016934,-0.00722066,0.0,0 STARLINK-3958,1 52535U 22051C   22171.58334491 -.00722066  00000-0 -16934-1 0  9999,2 52535  53.2174 108.8522 0001200  70.8596 247.1661 15.43881714  1301,6812.803000000001,93.271,435.485,433.85,0.0
52535.0,STARLINK-3958,PAYLOAD,2022-06-20 22:00:00,15.43371885,0.0001232,53.2176,107.272,57.9287,313.4855,-0.017223,-0.00721789,0.0,0 STARLINK-3958,1 52535U 22051C   22171.91667824 -.00721789  00000-0 -17223-1 0  9998,2 52535  53.2176 107.2720 0001232  57.9287 313.4855 15.43371885  6494,6814.303000000001,93.302,437.008,435.329,0.0
52535.0,STARLINK-3958,PAYLOAD,2022-06-21 14:00:01,15.42349396,0.0001284,53.2173,104.1149,62.0269,54.3279,-0.017718,-0.00717622,0.0,0 STARLINK-3958,1 52535U 22051C   22172.58334491 -.00717622  00000-0 -17718-1 0  9993,2 52535  53.2173 104.1149 0001284  62.0269  54.3279 15.42349396  1303,6817.314,93.364,440.055,438.304,0.0
52535.0,STARLINK-3958,PAYLOAD,2022-06-21 22:00:00,15.41840013,0.0001406999999999,53.2174,102.5384,63.4626,104.4424,-0.018049,-0.00718547,0.0,0 STARLINK-3958,1 52535U 22051C   22172.91667824 -.00718547  00000-0 -18049-1 0  9994,2 52535  53.2174 102.5384 0001407  63.4626 104.4424 15.41840013  1306,6818.816,93.395,441.64,439.722,0.0
52535.0,STARLINK-3958,PAYLOAD,2022-06-22 00:00:02,15.41711495,0.0001356,53.2173,102.145,68.2609,202.5002,-0.018071,-0.00716481,0.0,0 STARLINK-3958,1 52535U 22051C   22173.00002315 -.00716481  00000-0 -18071-1 0  9993,2 52535  53.2173 102.1450 0001356  68.2609 202.5002 15.41711495  6669,6819.195,93.403,441.985,440.135,0.0
52535.0,STARLINK-3958,PAYLOAD,2022-06-22 14:00:01,15.40819874,0.0001315,53.2175,99.3883,66.5297,202.6385,-0.018661,-0.00717993,0.0,0 STARLINK-3958,1 52535U 22051C   22173.58334491 -.00717993  00000-0 -18661-1 0  9993,2 52535  53.2175  99.3883 0001315  66.5297 202.6385 15.40819874  1307,6821.825,93.457,444.587,442.793,0.0
52535.0,STARLINK-3958,PAYLOAD,2022-06-22 22:00:00,15.40310859,0.0001307,53.2175,97.8158,62.6776,256.2018,-0.019022,-0.00719459,0.0,0 STARLINK-3958,1 52535U 22051C   22173.91667824 -.00719459  00000-0 -19022-1 0  9990,2 52535  53.2175  97.8158 0001307  62.6776 256.2018 15.40310859  6802,6823.328,93.488,446.085,444.301,0.0
52535.0,STARLINK-3958,PAYLOAD,2022-06-23 14:00:01,15.39289294,0.0001222,53.2175,94.6728,56.9125,359.5542,-0.019608,-0.00717112,0.0,0 STARLINK-3958,1 52535U 22051C   22174.58334491 -.00717112  00000-0 -19608-1 0  9999,2 52535  53.2175  94.6728 0001222  56.9125 359.5542 15.39289294  1305,6826.347,93.55,449.046,447.378,0.0
52535.0,STARLINK-3958,PAYLOAD,2022-06-23 22:00:00,15.38781037,0.0001348,53.2175,93.1042,59.2587,45.0806,-0.020018,-0.00719747,0.0,0 STARLINK-3958,1 52535U 22051C   22174.91667824 -.00719747  00000-0 -20018-1 0  9998,2 52535  53.2175  93.1042 0001348  59.2587  45.0806 15.38781037  6952,6827.85,93.581,450.635,448.794,0.0
52535.0,STARLINK-3958,PAYLOAD,2022-06-24 14:00:01,15.37758864,0.0001453999999999,53.2173,89.9681,58.1545,140.0955,-0.020568,-0.00715496,0.0,0 STARLINK-3958,1 52535U 22051C   22175.58334491 -.00715496  00000-0 -20568-1 0  9990,2 52535  53.2173  89.9681 0001454  58.1545 140.0955 15.37758864  1308,6830.875,93.643,453.733,451.747,0.0
52535.0,STARLINK-3958,PAYLOAD,2022-06-24 22:00:01,15.37249336,0.0001475,53.2176,88.4033,59.9599,184.3887,-0.020936,-0.00716231,0.0,0 STARLINK-3958,1 52535U 22051C   22175.91668981 -.00716231  00000-0 -20936-1 0  9998,2 52535  53.2176  88.4033 0001475  59.9599 184.3887 15.37249336  7116,6832.384,93.674,455.257,453.242,0.0
52535.0,STARLINK-3958,PAYLOAD,2022-06-25 14:00:01,15.36228344,0.0001243,53.2174,85.2745,62.6145,271.9038,-0.021595,-0.00714768,0.0,0 STARLINK-3958,1 52535U 22051C   22176.58334491 -.00714768  00000-0 -21595-1 0  9993,2 52535  53.2174  85.2745 0001243  62.6145 271.9038 15.36228344  1301,6835.411,93.736,458.126,456.427,0.0
52535.0,STARLINK-3958,PAYLOAD,2022-06-25 22:00:00,15.35721035,0.0001286,53.2176,83.7135,56.4892,322.2243,-0.022086,-0.00718813,0.0,0 STARLINK-3958,1 52535U 22051C   22176.91667824 -.00718813  00000-0 -22086-1 0  9990,2 52535  53.2176  83.7135 0001286  56.4892 322.2243 15.35721035  7269,6836.917,93.767,459.661,457.902,0.0
52535.0,STARLINK-3958,PAYLOAD,2022-06-26 14:00:01,15.34699557,0.0001302,53.2173,80.5917,59.3368,45.99800000000001,-0.022755,-0.00716824,0.0,0 STARLINK-3958,1 52535U 22051C   22177.58335648 -.00716824  00000-0 -22755-1 0  9993,2 52535  53.2173  80.5917 0001302  59.3368  45.9980 15.34699557  1306,6839.95,93.829,462.706,460.924,0.0
52535.0,STARLINK-3958,PAYLOAD,2022-06-26 20:00:01,15.34319264,0.0001409,53.2176,79.4234,49.1961,357.8998,-0.023143,-0.00719984,0.0,0 STARLINK-3958,1 52535U 22051C   22177.83334491 -.00719984  00000-0 -23143-1 0  9998,2 52535  53.2176  79.4234 0001409  49.1961 357.8998 15.34319264  7407,6841.08,93.853,463.909,461.981,0.0
52535.0,STARLINK-3958,PAYLOAD,2022-06-26 22:00:00,15.34189144,0.0001619,53.2174,79.0344,48.1924,99.4364,-0.023091,-0.0071576,0.0,0 STARLINK-3958,1 52535U 22051C   22177.91667824 -.00715760  00000-0 -23091-1 0  9996,2 52535  53.2174  79.0344 0001619  48.1924  99.4364 15.34189144  1305,6841.467,93.861,464.44,462.224,0.0
52535.0,STARLINK-3958,PAYLOAD,2022-06-27 14:00:01,15.33169539,0.0001399,53.2172,75.9196,65.7266,164.7821,-0.023868,-0.00716152,0.0,0 STARLINK-3958,1 52535U 22051C   22178.58334491 -.00716152  00000-0 -23868-1 0  9999,2 52535  53.2172  75.9196 0001399  65.7266 164.7821 15.33169539  1301,6844.5,93.923,467.322,465.407,0.0
52535.0,STARLINK-3958,PAYLOAD,2022-06-27 22:00:00,15.32658721,0.0001449,53.2174,74.3662,61.6851,209.3431,-0.024191,-0.00714346,0.0,0 STARLINK-3958,1 52535U 22051C   22178.91667824 -.00714346  00000-0 -24191-1 0  9998,2 52535  53.2174  74.3662 0001449  61.6851 209.3431 15.32658721  7578,6846.021,93.954,468.878,466.894,0.0
52535.0,STARLINK-3958,PAYLOAD,2022-06-28 14:00:01,15.31638078,0.0001255,53.2172,71.2587,61.9456,288.2864,-0.024962,-0.00713791,0.0,0 STARLINK-3958,1 52535U 22051C   22179.58334491 -.00713791  00000-0 -24962-1 0  9992,2 52535  53.2172  71.2587 0001255  61.9456 288.2864 15.31638078  1300,6849.062,94.017,471.786,470.067,0.0
52535.0,STARLINK-3958,PAYLOAD,2022-06-28 22:00:00,15.31130825,0.0001445,53.2174,69.7089,47.995,340.9168,-0.025507,-0.00717575,0.0,0 STARLINK-3958,1 52535U 22051C   22179.91667824 -.00717575  00000-0 -25507-1 0  9998,2 52535  53.2174  69.7089 0001445  47.9950 340.9168 15.31130825  1305,6850.574000000001,94.048,473.429,471.449,0.0
52535.0,STARLINK-3958,PAYLOAD,2022-06-29 06:00:00,15.30620367,0.0001247,53.2171,68.15899999999999,66.9152,0.1188,-0.025868,-0.00716284,0.0,0 STARLINK-3958,1 52535U 22051C   22180.25001157 -.00716284  00000-0 -25868-1 0  9994,2 52535  53.2171  68.1590 0001247  66.9152   0.1188 15.30620367  7775,6852.097,94.08,474.817,473.108,0.0
52535.0,STARLINK-3958,PAYLOAD,2022-06-29 14:00:01,15.30109865,0.0001393,53.2173,66.6084,57.8114,46.6806,-0.02631,-0.00716982,0.0,0 STARLINK-3958,1 52535U 22051C   22180.58334491 -.00716982  00000-0 -26310-1 0  9998,2 52535  53.2173  66.6084 0001393  57.8114  46.6806 15.30109865  1307,6853.621,94.111,476.441,474.532,0.0
52535.0,STARLINK-3958,PAYLOAD,2022-06-29 22:00:00,15.29599257,0.0001661,53.2172,65.0623,48.3633,92.9714,-0.026664,-0.00715361,0.0,0 STARLINK-3958,1 52535U 22051C   22180.91667824 -.00715361  00000-0 -26664-1 0  9996,2 52535  53.2172  65.0623 0001661  48.3633  92.9714 15.29599257  1305,6855.146,94.142,478.15,475.87300000000016,0.0
52535.0,STARLINK-3958,PAYLOAD,2022-06-30 06:00:00,15.29090536,0.0001394,53.2172,63.5159,66.1691,111.3961,-0.027153,-0.00716923,0.0,0 STARLINK-3958,1 52535U 22051C   22181.25001157 -.00716923  00000-0 -27153-1 0  9994,2 52535  53.2172  63.5159 0001394  66.1691 111.3961 15.29090536  7927,6856.667,94.174,479.48800000000006,477.576,0.0
52535.0,STARLINK-3958,PAYLOAD,2022-06-30 14:00:01,15.28580515,0.0001437,53.2171,61.9689,62.6604,150.5239,-0.027622,-0.00726172,0.0,0 STARLINK-3958,1 52535U 22051C   22181.58334491 -.00726172  00000-0 -27622-1 0  9998,2 52535  53.2171  61.9689 0001437  62.6604 150.5239 15.28580515  1308,6858.191999999999,94.205,481.042,479.071,0.0
52535.0,STARLINK-3958,PAYLOAD,2022-06-30 22:00:00,15.28068337,0.0001606,53.2173,60.4267,51.9525,196.2366,-0.027876,-0.00721728,0.0,0 STARLINK-3958,1 52535U 22051C   22181.91667824 -.00721728  00000-0 -27876-1 0  9997,2 52535  53.2173  60.4267 0001606  51.9525 196.2366 15.28068337  1308,6859.724,94.237,482.691,480.48800000000006,0.0
52535.0,STARLINK-3958,PAYLOAD,2022-07-01 14:00:01,15.2704812,0.0001337,53.2173,57.3404,62.0158,254.3467,-0.028759,-0.00721664,0.0,0 STARLINK-3958,1 52535U 22051C   22182.58334491 -.00721664  00000-0 -28759-1 0  9992,2 52535  53.2173  57.3404 0001337  62.0158 254.3467 15.27048120  1307,6862.779,94.3,485.562,483.727,0.0
52535.0,STARLINK-3958,PAYLOAD,2022-07-01 22:00:00,15.26540562,0.0001601,53.2172,55.8018,45.0677,304.4594,-0.029356,-0.00725127,0.0,0 STARLINK-3958,1 52535U 22051C   22182.91667824 -.00725127  00000-0 -29356-1 0  9990,2 52535  53.2172  55.8018 0001601  45.0677 304.4594 15.26540562  1305,6864.3,94.331,487.264,485.066,0.0
52535.0,STARLINK-3958,PAYLOAD,2022-07-02 14:00:01,15.25518643,0.0001403,53.2172,52.7225,55.5359,358.4887,-0.030147,-0.00722124,0.0,0 STARLINK-3958,1 52535U 22051C   22183.58334491 -.00722124  00000-0 -30147-1 0  9999,2 52535  53.2172  52.7225 0001403  55.5359 358.4887 15.25518643  8286,6867.365,94.394,490.194,488.267,0.0
52535.0,STARLINK-3958,PAYLOAD,2022-07-02 22:00:00,15.25011505,0.0001659,53.2173,51.1877,45.5705,39.7802,-0.030811,-0.00726532,0.0,0 STARLINK-3958,1 52535U 22051C   22183.91667824 -.00726532  00000-0 -30811-1 0  9990,2 52535  53.2173  51.1877 0001659  45.5705  39.7802 15.25011505  1307,6868.888000000001,94.426,491.892,489.61300000000006,0.0
52535.0,STARLINK-3958,PAYLOAD,2022-07-03 14:00:01,15.23990321,0.000153,53.2174,48.1156,56.2352,89.9357,-0.031671,-0.00724374,0.0,0 STARLINK-3958,1 52535U 22051C   22184.58334491 -.00724374  00000-0 -31671-1 0  9992,2 52535  53.2174  48.1156 0001530  56.2352  89.9357 15.23990321  8432,6871.956,94.489,494.872,492.77,0.0
52535.0,STARLINK-3958,PAYLOAD,2022-07-03 22:00:00,15.2347976,0.000167,53.2172,46.5843,51.4709,124.1893,-0.032109,-0.00723349,0.0,0 STARLINK-3958,1 52535U 22051C   22184.91667824 -.00723349  00000-0 -32109-1 0  9996,2 52535  53.2172  46.5843 0001670  51.4709 124.1893 15.23479760  1308,6873.491,94.52,496.504,494.208,0.0
52535.0,STARLINK-3958,PAYLOAD,2022-07-04 14:00:01,15.22459813,0.0001569,53.2173,43.5194,54.9714,177.8318,-0.03308,-0.00722941,0.0,0 STARLINK-3958,1 52535U 22051C   22185.58334491 -.00722941  00000-0 -33080-1 0  9997,2 52535  53.2173  43.5194 0001569  54.9714 177.8318 15.22459813  1309,6876.561,94.584,499.505,497.347,0.0
52535.0,STARLINK-3958,PAYLOAD,2022-07-04 22:00:00,15.21949333,0.0001799,53.2173,41.9916,43.2635,217.1906,-0.033547,-0.00722214,0.0,0 STARLINK-3958,1 52535U 22051C   22185.91667824 -.00722214  00000-0 -33547-1 0  9994,2 52535  53.2173  41.9916 0001799  43.2635 217.1906 15.21949333  8646,6878.098000000001,94.616,501.201,498.726,0.0
52535.0,STARLINK-3958,PAYLOAD,2022-07-05 14:00:01,15.20928439,0.0001506,53.2174,38.9339,52.5895,261.3311,-0.034472,-0.00720203,0.0,0 STARLINK-3958,1 52535U 22051C   22186.58334491 -.00720203  00000-0 -34472-1 0  9993,2 52535  53.2174  38.9339 0001506  52.5895 261.3311 15.20928439  1309,6881.176,94.679,504.077,502.005,0.0
52535.0,STARLINK-3958,PAYLOAD,2022-07-05 22:00:00,15.20420853,0.0001665,53.2173,37.4098,43.9987,295.7333,-0.035218,-0.00724598,0.0,0 STARLINK-3958,1 52535U 22051C   22186.91667824 -.00724598  00000-0 -35218-1 0  9999,2 52535  53.2173  37.4098 0001665  43.9987 295.7333 15.20420853  8798,6882.706999999999,94.711,505.718,503.426,0.0
52535.0,STARLINK-3958,PAYLOAD,2022-07-06 14:00:01,15.19398306,0.0001541,53.2174,34.3593,48.1604,341.3621,-0.036032,-0.0071982,0.0,0 STARLINK-3958,1 52535U 22051C   22187.58334491 -.00719820  00000-0 -36032-1 0  9991,2 52535  53.2174  34.3593 0001541  48.1604 341.3621 15.19398306  1304,6885.795,94.774,508.721,506.599,0.0
52535.0,STARLINK-3958,PAYLOAD,2022-07-06 20:11:48,15.20360702,0.0001401,53.2194,33.2027,144.0686,216.0405,-0.010497,-0.00224676,0.0,0 STARLINK-3958,1 52535U 22051C   22187.84152793 -.00224676  00000-0 -10497-1 0  9990,2 52535  53.2194  33.2027 0001401 144.0686 216.0405 15.20360702  8932,6882.889,94.714,505.718,503.789,0.0
52535.0,STARLINK-3958,PAYLOAD,2022-07-07 06:00:02,15.18380622,0.0001593,53.2174,31.316,46.2312,30.691,-0.037364,-0.00724337,0.0,0 STARLINK-3958,1 52535U 22051C   22188.25002315 -.00724337  00000-0 -37364-1 0  9991,2 52535  53.2174  31.3160 0001593  46.2312  30.6910 15.18380622  8995,6888.871,94.838,511.834,509.639,0.0
52535.0,STARLINK-3958,PAYLOAD,2022-07-07 13:34:26,15.191949,9.49e-05,53.2202,29.9027,62.0471,298.0621,-0.010427,-0.00215979,0.0,0 STARLINK-3958,1 52535U 22051C   22188.56558136 -.00215979  00000-0 -10427-1 0  9990,2 52535  53.2202  29.9027 0000949  62.0471 298.0621 15.19194900  9047,6886.41,94.787,508.92800000000005,507.621,0.0
52535.0,STARLINK-3958,PAYLOAD,2022-07-07 22:00:00,15.17360746,0.0001843,53.2174,28.2781,42.0667,79.6774,-0.038474,-0.00724215,0.0,0 STARLINK-3958,1 52535U 22051C   22188.91667824 -.00724215  00000-0 -38474-1 0  9994,2 52535  53.2174  28.2781 0001843  42.0667  79.6774 15.17360746  9091,6891.958000000001,94.902,515.0930000000002,512.553,0.0
52535.0,STARLINK-3958,PAYLOAD,2022-07-08 14:00:01,15.16339412,0.0001740999999999,53.2176,25.242,47.732,116.4486,-0.039458,-0.00721429,0.0,0 STARLINK-3958,1 52535U 22051C   22189.58334491 -.00721429  00000-0 -39458-1 0  9996,2 52535  53.2176  25.2420 0001741  47.7320 116.4486 15.16339412  1306,6895.052,94.966,518.118,515.717,0.0
52535.0,STARLINK-3958,PAYLOAD,2022-07-08 22:00:01,15.15829145,0.0001858,53.2174,23.7283,44.054,140.4872,-0.040019,-0.00721111,0.0,0 STARLINK-3958,1 52535U 22051C   22189.91668981 -.00721111  00000-0 -40019-1 0  9990,2 52535  53.2174  23.7283 0001858  44.0540 140.4872 15.15829145  9240,6896.599,94.998,519.746,517.183,0.0
52535.0,STARLINK-3958,PAYLOAD,2022-07-09 14:00:01,15.14809528,0.000171,53.2176,20.6995,49.375,173.862,-0.041212,-0.007213,0.0,0 STARLINK-3958,1 52535U 22051C   22190.58334491 -.00721300  00000-0 -41212-1 0  9997,2 52535  53.2176  20.6995 0001710  49.3750 173.8620 15.14809528  1308,6899.694,95.061,522.739,520.379,0.0
52535.0,STARLINK-3958,PAYLOAD,2022-07-09 20:00:01,15.14428042,0.0001852,53.2173,19.5669,44.1162,103.0222,-0.041801,-0.00723577,0.0,0 STARLINK-3958,1 52535U 22051C   22190.83334491 -.00723577  00000-0 -41801-1 0  9997,2 52535  53.2173  19.5669 0001852  44.1162 103.0222 15.14428042  1308,6900.853,95.085,523.996,521.439,0.0
52535.0,STARLINK-3958,PAYLOAD,2022-07-10 14:00:01,15.13279714,0.0001735,53.2175,16.1676,44.8456,231.9328,-0.043039,-0.00721348,0.0,0 STARLINK-3958,1 52535U 22051C   22191.58334491 -.00721348  00000-0 -43039-1 0  9999,2 52535  53.2175  16.1676 0001735  44.8456 231.9328 15.13279714  1301,6904.343000000003,95.158,527.406,525.01,0.0
52535.0,STARLINK-3958,PAYLOAD,2022-07-10 22:00:00,15.12768539,0.0001555,53.2174,14.6609,54.1063,239.2932,-0.04353,-0.00719282,0.0,0 STARLINK-3958,1 52535U 22051C   22191.91667824 -.00719282  00000-0 -43530-1 0  9995,2 52535  53.2174  14.6609 0001555  54.1063 239.2932 15.12768539  9551,6905.898,95.19,528.837,526.69,0.0
52535.0,STARLINK-3958,PAYLOAD,2022-07-11 14:00:01,15.11750106,0.0001663,53.2176,11.6463,44.8318,279.9729,-0.044964,-0.00721887,0.0,0 STARLINK-3958,1 52535U 22051C   22192.58334491 -.00721887  00000-0 -44964-1 0  9996,2 52535  53.2176  11.6463 0001663  44.8318 279.9729 15.11750106  1307,6909.0,95.254,532.014,529.716,0.0
52535.0,STARLINK-3958,PAYLOAD,2022-07-11 22:00:00,15.11238591,0.0001515,53.2175,10.1431,51.9642,287.6234,-0.045435,-0.00719278,0.0,0 STARLINK-3958,1 52535U 22051C   22192.91667824 -.00719278  00000-0 -45435-1 0  9997,2 52535  53.2175  10.1431 0001515  51.9642 287.6234 15.11238591  9708,6910.559,95.286,533.471,531.377,0.0
52535.0,STARLINK-3958,PAYLOAD,2022-07-12 14:00:01,15.10220505,0.0001633,53.2177,7.1358,44.6267,322.6891,-0.04697,-0.00722596,0.0,0 STARLINK-3958,1 52535U 22051C   22193.58334491 -.00722596  00000-0 -46970-1 0  9994,2 52535  53.2177   7.1358 0001633  44.6267 322.6891 15.10220505  1309,6913.6640000000025,95.35,536.658,534.4,0.0
52535.0,STARLINK-3958,PAYLOAD,2022-07-12 22:00:00,15.0970924,0.0001558,53.2175,5.6363,45.4732,334.7873,-0.047603,-0.00722069,0.0,0 STARLINK-3958,1 52535U 22051C   22193.91667824 -.00722069  00000-0 -47603-1 0  9999,2 52535  53.2175   5.6363 0001558  45.4732 334.7873 15.09709240  1308,6915.225,95.383,538.1669999999998,536.012,0.0
52535.0,STARLINK-3958,PAYLOAD,2022-07-13 06:00:00,15.09132241,0.0001409,53.2175,4.1356,50.5046,342.0942,-0.023238,-0.00355121,0.0,0 STARLINK-3958,1 52535U 22051C   22194.25001157 -.00355121  00000-0 -23238-1 0  9997,2 52535  53.2175   4.1356 0001409  50.5046 342.0942 15.09132241  9908,6916.986999999999,95.419,539.827,537.878,0.0
52535.0,STARLINK-3958,PAYLOAD,2022-07-13 14:00:01,15.08836271,0.00016,53.2177,2.6386,48.2874,356.1101,4.0615e-05,3.58e-06,0.0,0 STARLINK-3958,1 52535U 22051C   22194.58334491  .00000358  00000-0  40615-4 0  9991,2 52535  53.2177   2.6386 0001600  48.2874 356.1101 15.08836271  1304,6917.892,95.438,540.864,538.65,0.0
52535.0,STARLINK-3958,PAYLOAD,2022-07-13 22:00:00,15.08848492,0.0001771999999999,53.2191,1.1538,48.2693,7.7634,0.0035678,0.00056966,0.0,0 STARLINK-3958,1 52535U 22051C   22194.91667824  .00056966  00000-0  35678-2 0  9994,2 52535  53.2191   1.1538 0001772  48.2693   7.7634 15.08848492 10007,6917.854,95.437,540.945,538.494,0.0
52535.0,STARLINK-3958,PAYLOAD,2022-07-14 08:00:01,15.08859192,0.0001597,53.2187,359.2812,54.9276,105.6325,-0.0031149,-0.00049547,0.0,0 STARLINK-3958,1 52535U 22051C   22195.33334491 -.00049547  00000-0 -31149-2 0  9990,2 52535  53.2187 359.2812 0001597  54.9276 105.6325 15.08859192 10060,6917.821999999999,95.436,540.7919999999998,538.582,0.0
52535.0,STARLINK-3958,PAYLOAD,2022-07-14 14:00:01,15.0884834,0.0001685,53.2189,358.1599,55.1321,24.1184,-0.0080542,-0.00126262,0.0,0 STARLINK-3958,1 52535U 22051C   22195.58334491 -.00126262  00000-0 -80542-2 0  9998,2 52535  53.2189 358.1599 0001685  55.1321  24.1184 15.08848340  1302,6917.855,95.437,540.886,538.554,0.0
52535.0,STARLINK-3958,PAYLOAD,2022-07-14 22:00:00,15.08729962,0.0001754,53.2188,356.6647,47.9496,42.8704,0.007114,0.0011443,0.0,0 STARLINK-3958,1 52535U 22051C   22195.91667824  .00114430  00000-0  71140-2 0  9990,2 52535  53.2188 356.6647 0001754  47.9496  42.8704 15.08729962  1300,6918.217,95.445,541.295,538.868,0.0
52535.0,STARLINK-3958,PAYLOAD,2022-07-15 06:00:00,15.08785572,0.0001523,53.2189,355.1668,51.347,50.9873,0.0060978,0.00097964,0.0,0 STARLINK-3958,1 52535U 22051C   22196.25001157  .00097964  00000-0  60978-2 0  9998,2 52535  53.2189 355.1668 0001523  51.3470  50.9873 15.08785572 10208,6918.047,95.441,540.965,538.8580000000002,0.0
52535.0,STARLINK-3958,PAYLOAD,2022-07-15 14:00:01,15.08885017,0.0001530999999999,53.219,353.6711,47.8307,66.0719,-0.0044536,-0.0007056,0.0,0 STARLINK-3958,1 52535U 22051C   22196.58334491 -.00070560  00000-0 -44536-2 0  9991,2 52535  53.2190 353.6711 0001531  47.8307  66.0719 15.08885017  1303,6917.743,95.435,540.6669999999998,538.549,0.0
52535.0,STARLINK-3958,PAYLOAD,2022-07-15 22:00:00,15.08823477,0.0001626999999999,53.2189,352.1759,39.1538,86.3743,0.0031301,0.00049858,0.0,0 STARLINK-3958,1 52535U 22051C   22196.91667824  .00049858  00000-0  31301-2 0  9997,2 52535  53.2189 352.1759 0001627  39.1538  86.3743 15.08823477 10307,6917.931,95.439,540.9209999999998,538.67,0.0
52535.0,STARLINK-3958,PAYLOAD,2022-07-16 14:00:01,15.08870064,0.0001648,53.2194,349.1823,46.6696,102.0666,-0.002791,-0.00044469,0.0,0 STARLINK-3958,1 52535U 22051C   22197.58334491 -.00044469  00000-0 -27910-2 0  9998,2 52535  53.2194 349.1823 0001648  46.6696 102.0666 15.08870064 10407,6917.788000000001,95.436,540.794,538.513,0.0
52535.0,STARLINK-3958,PAYLOAD,2022-07-16 22:00:00,15.0884891,0.0001836,53.2193,347.6869,42.435,117.9169,0.00041841,6.379e-05,0.0,0 STARLINK-3958,1 52535U 22051C   22197.91667824  .00006379  00000-0  41841-3 0  9990,2 52535  53.2193 347.6869 0001836  42.4350 117.9169 15.08848910  1306,6917.853,95.437,540.988,538.448,0.0
52535.0,STARLINK-3958,PAYLOAD,2022-07-17 06:00:00,15.08817762,0.0001688,53.2196,346.1889,47.9187,124.0525,0.0030507,0.00048569,0.0,0 STARLINK-3958,1 52535U 22051C   22198.25001157  .00048569  00000-0  30507-2 0  9992,2 52535  53.2196 346.1889 0001688  47.9187 124.0525 15.08817762 10506,6917.948,95.439,540.981,538.646,0.0
52535.0,STARLINK-3958,PAYLOAD,2022-07-17 14:00:01,15.08852882,0.0001759,53.2198,344.6936,47.1764,136.3728,-0.003074,-0.00048897,0.0,0 STARLINK-3958,1 52535U 22051C   22198.58334491 -.00048897  00000-0 -30740-2 0  9993,2 52535  53.2198 344.6936 0001759  47.1764 136.3728 15.08852882 10565,6917.840999999999,95.437,540.923,538.489,0.0
52535.0,STARLINK-3958,PAYLOAD,2022-07-17 22:00:00,15.08832272,0.0001849,53.2185,343.1939,40.7103,154.4287,-0.0022584,-0.00036044,0.0,0 STARLINK-3958,1 52535U 22051C   22198.91667824 -.00036044  00000-0 -22584-2 0  9997,2 52535  53.2185 343.1939 0001849  40.7103 154.4287 15.08832272  1308,6917.904,95.438,541.048,538.49,0.0
52535.0,STARLINK-3958,PAYLOAD,2022-07-18 06:00:00,15.08786385,0.0001569,53.2199,341.7002,43.7093,163.0082,0.0031904,0.00050778,0.0,0 STARLINK-3958,1 52535U 22051C   22199.25001157  .00050778  00000-0  31904-2 0  9990,2 52535  53.2199 341.7002 0001569  43.7093 163.0082 15.08786385 10669,6918.044,95.441,540.995,538.8240000000002,0.0
52535.0,STARLINK-3958,PAYLOAD,2022-07-18 14:00:01,15.08828752,0.0001688,53.22,340.2052,43.0589,175.2076,-0.00086037,-0.00013951,0.0,0 STARLINK-3958,1 52535U 22051C   22199.58334491 -.00013951  00000-0 -86037-3 0  9998,2 52535  53.2200 340.2052 0001688  43.0589 175.2076 15.08828752  1300,6917.915,95.438,540.948,538.612,0.0
52535.0,STARLINK-3958,PAYLOAD,2022-07-18 22:00:00,15.08824316,0.0001781,53.2196,338.7093,38.9136,190.9266,0.0012578,0.00019778,0.0,0 STARLINK-3958,1 52535U 22051C   22199.91667824  .00019778  00000-0  12578-2 0  9993,2 52535  53.2196 338.7093 0001781  38.9136 190.9266 15.08824316 10763,6917.928000000001,95.439,541.025,538.561,0.0
52535.0,STARLINK-3958,PAYLOAD,2022-07-19 14:00:01,15.08869221,0.0001717,53.2198,335.7166,43.1287,209.9029,-0.0014584,-0.00023442,0.0,0 STARLINK-3958,1 52535U 22051C   22200.58334491 -.00023442  00000-0 -14584-2 0  9994,2 52535  53.2198 335.7166 0001717  43.1287 209.9029 15.08869221  1309,6917.791,95.436,540.844,538.4680000000002,0.0
52535.0,STARLINK-3958,PAYLOAD,2022-07-19 22:00:00,15.08855965,0.0001843,53.2183,334.2162,39.7301,224.9163,-0.0017315999999999,-0.00027753,0.0,0 STARLINK-3958,1 52535U 22051C   22200.91667824 -.00027753  00000-0 -17316-2 0  9995,2 52535  53.2183 334.2162 0001843  39.7301 224.9163 15.08855965  1307,6917.831999999999,95.437,540.972,538.422,0.0
52535.0,STARLINK-3958,PAYLOAD,2022-07-20 06:00:00,15.08851774,0.0001683,53.2194,332.7226,48.2422,228.0472,0.0019764,0.00031317,0.0,0 STARLINK-3958,1 52535U 22051C   22201.25001157  .00031317  00000-0  19764-2 0  9992,2 52535  53.2194 332.7226 0001683  48.2422 228.0472 15.08851774 10968,6917.844,95.437,540.874,538.545,0.0
52535.0,STARLINK-3958,PAYLOAD,2022-07-20 14:00:01,15.08864286,0.0001848,53.2193,331.2277,47.2507,240.6558,-0.0021564,-0.00034467,0.0,0 STARLINK-3958,1 52535U 22051C   22201.58334491 -.00034467  00000-0 -21564-2 0  9990,2 52535  53.2193 331.2277 0001848  47.2507 240.6558 15.08864286  1308,6917.806,95.436,540.95,538.393,0.0
52535.0,STARLINK-3958,PAYLOAD,2022-07-20 22:00:01,15.08859199,0.0001889,53.2188,329.7314,44.8907,254.6839,-0.0050477,-0.00079777,0.0,0 STARLINK-3958,1 52535U 22051C   22201.91668981 -.00079777  00000-0 -50477-2 0  9999,2 52535  53.2188 329.7314 0001889  44.8907 254.6839 15.08859199  1302,6917.821999999999,95.436,540.993,538.38,0.0
52535.0,STARLINK-3958,PAYLOAD,2022-07-21 14:00:01,15.08803347,0.0001943,53.2187,326.7390000000001,50.4713,272.2166,-0.00078498,-0.00012747,0.0,0 STARLINK-3958,1 52535U 22051C   22202.58335648 -.00012747  00000-0 -78498-3 0  9992,2 52535  53.2187 326.7390 0001943  50.4713 272.2166 15.08803347  1304,6917.9919999999975,95.44,541.202,538.513,0.0
52535.0,STARLINK-3958,PAYLOAD,2022-07-21 22:00:00,15.08815214,0.0001948,53.2183,325.2427,47.3584,286.809,-0.00063577,-0.00010385,0.0,0 STARLINK-3958,1 52535U 22051C   22202.91667824 -.00010385  00000-0 -63577-3 0  9991,2 52535  53.2183 325.2427 0001948  47.3584 286.8090 15.08815214  1304,6917.956,95.439,541.169,538.474,0.0
52535.0,STARLINK-3958,PAYLOAD,2022-07-22 06:00:00,15.087879,0.0001778,53.2184,323.745,53.2574,292.481,0.0063793,0.00102573,0.0,0 STARLINK-3958,1 52535U 22051C   22203.25001157  .00102573  00000-0  63793-2 0  9998,2 52535  53.2184 323.7450 0001778  53.2574 292.4810 15.08787900  1303,6918.04,95.441,541.135,538.675,0.0
52535.0,STARLINK-3958,PAYLOAD,2022-07-22 22:00:00,15.08891704,0.0001873,53.2182,320.7536,43.4958,325.4316,-0.0033531,-0.00053334,0.0,0 STARLINK-3958,1 52535U 22051C   22203.91667824 -.00053334  00000-0 -33531-2 0  9999,2 52535  53.2182 320.7536 0001873  43.4958 325.4316 15.08891704 11369,6917.722,95.434,540.883,538.2919999999998,0.0
52535.0,STARLINK-3958,PAYLOAD,2022-07-23 14:00:01,15.08845026,0.0001819,53.2184,317.761,43.0074,349.2132,-0.0023704,-0.00037821,0.0,0 STARLINK-3958,1 52535U 22051C   22204.58335648 -.00037821  00000-0 -23704-2 0  9993,2 52535  53.2184 317.7610 0001819  43.0074 349.2132 15.08845026  1304,6917.865,95.437,540.988,538.472,0.0
52535.0,STARLINK-3958,PAYLOAD,2022-07-23 16:00:00,15.08846868,0.0001889,53.2186,317.3872,44.0444,81.0087,0.0011517,0.00018092,0.0,0 STARLINK-3958,1 52535U 22051C   22204.66667824  .00018092  00000-0  11517-2 0  9992,2 52535  53.2186 317.3872 0001889  44.0444  81.0087 15.08846868 11475,6917.859,95.437,541.031,538.418,0.0
52535.0,STARLINK-3958,PAYLOAD,2022-07-23 22:00:00,15.08885443,0.0001829,53.2185,316.2643,41.062,2.6919,-0.0041303,-0.00065507,0.0,0 STARLINK-3958,1 52535U 22051C   22204.91667824 -.00065507  00000-0 -41303-2 0  9991,2 52535  53.2185 316.2643 0001829  41.0620   2.6919 15.08885443  1301,6917.741,95.435,540.872,538.341,0.0
52535.0,STARLINK-3958,PAYLOAD,2022-07-24 14:00:01,15.0886317,0.000183,53.2189,313.272,41.1467,25.8195,-0.003332,-0.00052961,0.0,0 STARLINK-3958,1 52535U 22051C   22205.58334491 -.00052961  00000-0 -33320-2 0  9996,2 52535  53.2189 313.2720 0001830  41.1467  25.8195 15.08863170  1306,6917.81,95.436,540.941,538.409,0.0
52535.0,STARLINK-3958,PAYLOAD,2022-07-24 22:00:00,15.08839615,0.0001761,53.219,311.7752,37.412,41.152,-0.0014327,-0.00023017,0.0,0 STARLINK-3958,1 52535U 22051C   22205.91667824 -.00023017  00000-0 -14327-2 0  9998,2 52535  53.2190 311.7752 0001761  37.4120  41.1520 15.08839615  1303,6917.882,95.438,540.965,538.528,0.0
52535.0,STARLINK-3958,PAYLOAD,2022-07-25 06:00:00,15.08888405,0.000175,53.2182,310.2712,41.2522,48.9314,-0.0085276,-0.00133676,0.0,0 STARLINK-3958,1 52535U 22051C   22206.25001157 -.00133676  00000-0 -85276-2 0  9991,2 52535  53.2182 310.2712 0001750  41.2522  48.9314 15.08888405 11714,6917.732,95.434,540.808,538.387,0.0
52535.0,STARLINK-3958,PAYLOAD,2022-07-25 14:00:01,15.08851824,0.0001929,53.2194,308.7831,37.7041,64.0841,-0.0010003,-0.00016178,0.0,0 STARLINK-3958,1 52535U 22051C   22206.58334491 -.00016178  00000-0 -10003-2 0  9990,2 52535  53.2194 308.7831 0001929  37.7041  64.0841 15.08851824  1308,6917.844,95.437,541.044,538.375,0.0
52535.0,STARLINK-3958,PAYLOAD,2022-07-25 22:00:00,15.08860669,0.000192,53.2194,307.2862,37.9985,75.3917,-0.0034997,-0.00055589,0.0,0 STARLINK-3958,1 52535U 22051C   22206.91667824 -.00055589  00000-0 -34997-2 0  9993,2 52535  53.2194 307.2862 0001920  37.9985  75.3917 15.08860669  1302,6917.816999999999,95.436,541.01,538.354,0.0
52535.0,STARLINK-3958,PAYLOAD,2022-07-26 14:00:01,15.08838635,0.0001989,53.2182,304.2945,39.3882,97.1812,-0.0010363,-0.00016743,0.0,0 STARLINK-3958,1 52535U 22051C   22207.58334491 -.00016743  00000-0 -10363-2 0  9998,2 52535  53.2182 304.2945 0001989  39.3882  97.1812 15.08838635  1309,6917.885,95.438,541.126,538.374,0.0
52535.0,STARLINK-3958,PAYLOAD,2022-07-26 22:00:00,15.08841946,0.0001873,53.2176,302.7975,37.6156,110.543,-0.0030235,-0.00048089,0.0,0 STARLINK-3958,1 52535U 22051C   22207.91667824 -.00048089  00000-0 -30235-2 0  9992,2 52535  53.2176 302.7975 0001873  37.6156 110.5430 15.08841946  1300,6917.874,95.437,541.035,538.444,0.0
52535.0,STARLINK-3958,PAYLOAD,2022-07-27 14:00:01,15.08815932,0.0001933,53.2177,299.806,37.266,134.0359,0.00031396,4.709e-05,0.0,0 STARLINK-3958,1 52535U 22051C   22208.58334491  .00004709  00000-0  31396-3 0  9996,2 52535  53.2177 299.8060 0001933  37.2660 134.0359 15.08815932  1302,6917.954000000002,95.439,541.156,538.482,0.0
52535.0,STARLINK-3958,PAYLOAD,2022-07-27 16:00:00,15.08801278,0.0001966,53.2176,299.4321,36.2244,227.9739,0.0025518,0.00040515,0.0,0 STARLINK-3958,1 52535U 22051C   22208.66667824  .00040515  00000-0  25518-2 0  9997,2 52535  53.2176 299.4321 0001966  36.2244 227.9739 15.08801278 12089,6917.999,95.44,541.224,538.504,0.0
52535.0,STARLINK-3958,PAYLOAD,2022-07-27 22:00:00,15.08841773,0.0001836,53.2173,298.3088,37.689,145.1804,-0.0018995,-0.00030393,0.0,0 STARLINK-3958,1 52535U 22051C   22208.91667824 -.00030393  00000-0 -18995-2 0  9991,2 52535  53.2173 298.3088 0001836  37.6890 145.1804 15.08841773  1303,6917.875,95.437,541.01,538.47,0.0
52535.0,STARLINK-3958,PAYLOAD,2022-07-28 14:00:01,15.08824915,0.0001939,53.2171,295.3175,37.8178,168.2237,0.00077971,0.00012138,0.0,0 STARLINK-3958,1 52535U 22051C   22209.58334491  .00012138  00000-0  77971-3 0  9991,2 52535  53.2171 295.3175 0001939  37.8178 168.2237 15.08824915  1305,6917.926,95.439,541.133,538.45,0.0
52535.0,STARLINK-3958,PAYLOAD,2022-07-28 22:00:00,15.08852983,0.0001828,53.2167,293.8201,38.6237,178.9998,-0.0018881,-0.00030223,0.0,0 STARLINK-3958,1 52535U 22051C   22209.91667824 -.00030223  00000-0 -18881-2 0  9998,2 52535  53.2167 293.8201 0001828  38.6237 178.9998 15.08852983  1303,6917.840999999999,95.437,540.97,538.441,0.0
52535.0,STARLINK-3958,PAYLOAD,2022-07-29 00:00:00,15.08834014,0.0001778,53.2167,293.4457,40.0138,270.5153,0.00044452,6.792e-05,0.0,0 STARLINK-3958,1 52535U 22051C   22210.00001157  .00006792  00000-0  44452-3 0  9997,2 52535  53.2167 293.4457 0001778  40.0138 270.5153 15.08834014 12289,6917.899,95.438,540.994,538.534,0.0
52535.0,STARLINK-3958,PAYLOAD,2022-07-29 14:00:01,15.08831212,0.0001976,53.2164,290.8288,38.5186,202.3031,0.0012420999999999,0.00019531,0.0,0 STARLINK-3958,1 52535U 22051C   22210.58334491  .00019531  00000-0  12421-2 0  9995,2 52535  53.2164 290.8288 0001976  38.5186 202.3031 15.08831212  1300,6917.906999999997,95.438,541.139,538.405,0.0
52535.0,STARLINK-3958,PAYLOAD,2022-07-29 22:00:00,15.0885848,0.0001858,53.216,289.3312,39.2566,213.1558,-0.0018930999999999,-0.00030306,0.0,0 STARLINK-3958,1 52535U 22051C   22210.91667824 -.00030306  00000-0 -18931-2 0  9998,2 52535  53.2160 289.3312 0001858  39.2566 213.1558 15.08858480  1306,6917.824000000001,95.436,540.974,538.404,0.0
52535.0,STARLINK-3958,PAYLOAD,2022-07-30 06:00:00,15.08854491,0.0001814,53.216,287.8345,44.1596,219.8545,0.00018581,2.671e-05,0.0,0 STARLINK-3958,1 52535U 22051C   22211.25001157  .00002671  00000-0  18581-3 0  9991,2 52535  53.2160 287.8345 0001814  44.1596 219.8545 15.08854491 12472,6917.8359999999975,95.437,540.956,538.446,0.0
52535.0,STARLINK-3958,PAYLOAD,2022-07-30 14:00:01,15.08844239,0.0002016,53.2158,286.3398,38.1667,237.4625,0.00020508,2.978e-05,0.0,0 STARLINK-3958,1 52535U 22051C   22211.58334491  .00002978  00000-0  20508-3 0  9999,2 52535  53.2158 286.3398 0002016  38.1667 237.4625 15.08844239  1302,6917.8669999999975,95.437,541.127,538.3380000000002,0.0
52535.0,STARLINK-3958,PAYLOAD,2022-07-30 22:00:00,15.08845541,0.0001865,53.2157,284.8419,37.105,250.1288,-0.0024983,-0.00039836,0.0,0 STARLINK-3958,1 52535U 22051C   22211.91667824 -.00039836  00000-0 -24983-2 0  9990,2 52535  53.2157 284.8419 0001865  37.1050 250.1288 15.08845541  1308,6917.863,95.437,541.019,538.438,0.0
52535.0,STARLINK-3958,PAYLOAD,2022-07-31 14:00:01,15.08813312,0.0002063,53.2157,281.8506,36.2279,274.1792,0.0020096,0.00031817,0.0,0 STARLINK-3958,1 52535U 22051C   22212.58334491  .00031817  00000-0  20096-2 0  9995,2 52535  53.2157 281.8506 0002063  36.2279 274.1792 15.08813312  1303,6917.962,95.439,541.254,538.4,0.0
52535.0,STARLINK-3958,PAYLOAD,2022-07-31 22:00:00,15.08841729,0.0001935,53.2157,280.3527,37.0337,284.953,-0.0011311,-0.00018246,0.0,0 STARLINK-3958,1 52535U 22051C   22212.91667824 -.00018246  00000-0 -11311-2 0  9994,2 52535  53.2157 280.3527 0001935  37.0337 284.9530 15.08841729  1303,6917.875,95.437,541.0790000000002,538.401,0.0
52535.0,STARLINK-3958,PAYLOAD,2022-08-01 14:00:01,15.08822683,0.0002148,53.2158,277.3612,36.4759,308.7033,0.0023462,0.00037232,0.0,0 STARLINK-3958,1 52535U 22051C   22213.58334491  .00037232  00000-0  23462-2 0  9993,2 52535  53.2158 277.3612 0002148  36.4759 308.7033 15.08822683 12823,6917.933000000001,95.439,541.284,538.312,0.0
52535.0,STARLINK-3958,PAYLOAD,2022-08-01 22:00:00,15.08848551,0.0001999,53.2159,275.8632,37.9449,318.8284,-0.00055873,-9.172e-05,0.0,0 STARLINK-3958,1 52535U 22051C   22213.91667824 -.00009172  00000-0 -55873-3 0  9995,2 52535  53.2159 275.8632 0001999  37.9449 318.8284 15.08848551  1307,6917.854,95.437,541.102,538.336,0.0
52535.0,STARLINK-3958,PAYLOAD,2022-08-02 06:00:02,15.08874283,0.000196,53.2161,274.3666,39.369,329.0603,-0.0034928,-0.00055501,0.0,0 STARLINK-3958,1 52535U 22051C   22214.25002315 -.00055501  00000-0 -34928-2 0  9995,2 52535  53.2161 274.3666 0001960  39.3690 329.0603 15.08874283 12923,6917.776,95.435,540.996,538.285,0.0
52535.0,STARLINK-3958,PAYLOAD,2022-08-02 14:00:01,15.08803735,0.000213,53.216,272.8717,34.1502,345.8363,0.0025105,0.00039854,0.0,0 STARLINK-3958,1 52535U 22051C   22214.58334491  .00039854  00000-0  25105-2 0  9992,2 52535  53.2160 272.8717 0002130  34.1502 345.8363 15.08803735 12975,6917.991,95.44,541.33,538.383,0.0
52535.0,STARLINK-3958,PAYLOAD,2022-08-03 06:00:00,15.08846559,0.0001961,53.2163,269.8774,38.2493,4.8823,-0.0012885,-0.0002073999999999,0.0,0 STARLINK-3958,1 52535U 22051C   22215.25001157 -.00020740  00000-0 -12885-2 0  9994,2 52535  53.2163 269.8774 0001961  38.2493   4.8823 15.08846559 13078,6917.86,95.437,541.082,538.369,0.0
52535.0,STARLINK-3958,PAYLOAD,2022-08-03 14:00:01,15.08811532,0.0002148,53.2161,268.3824,34.326,20.4041,0.0026636999999999,0.00042327,0.0,0 STARLINK-3958,1 52535U 22051C   22215.58334491  .00042327  00000-0  26637-2 0  9993,2 52535  53.2161 268.3824 0002148  34.3260  20.4041 15.08811532  1305,6917.967,95.439,541.318,538.346,0.0
52535.0,STARLINK-3958,PAYLOAD,2022-08-03 22:00:01,15.08828233,0.000195,53.2162,266.8842,37.3275,29.0508,0.00054465,8.388e-05,0.0,0 STARLINK-3958,1 52535U 22051C   22215.91668981  .00008388  00000-0  54465-3 0  9994,2 52535  53.2162 266.8842 0001950  37.3275  29.0508 15.08828233  1307,6917.916,95.438,541.13,538.432,0.0
52535.0,STARLINK-3958,PAYLOAD,2022-08-04 06:00:00,15.08855626,0.0001981,53.2162,265.3882,38.8877,39.007,-0.0016789,-0.0002692,0.0,0 STARLINK-3958,1 52535U 22051C   22216.25001157 -.00026920  00000-0 -16789-2 0  9998,2 52535  53.2162 265.3882 0001981  38.8877  39.0070 15.08855626 13228,6917.833000000001,95.437,541.068,538.327,0.0
52535.0,STARLINK-3958,PAYLOAD,2022-08-04 14:00:01,15.08818299,0.0002153,53.2159,263.8931,34.8404,54.6619,0.0027146,0.00043155,0.0,0 STARLINK-3958,1 52535U 22051C   22216.58334491  .00043155  00000-0  27146-2 0  9990,2 52535  53.2159 263.8931 0002153  34.8404  54.6619 15.08818299  1309,6917.946999999999,95.439,541.3009999999998,538.322,0.0
52535.0,STARLINK-3958,PAYLOAD,2022-08-04 22:00:00,15.08829777,0.0001950999999999,53.216,262.3949,38.4318,62.6641,0.0010137,0.00015877,0.0,0 STARLINK-3958,1 52535U 22051C   22216.91667824  .00015877  00000-0  10137-2 0  9998,2 52535  53.2160 262.3949 0001951  38.4318  62.6641 15.08829777 13325,6917.9119999999975,95.438,541.126,538.427,0.0
52535.0,STARLINK-3958,PAYLOAD,2022-08-05 14:00:01,15.08824432,0.0002176,53.2156,259.4038,35.9193,88.4383,0.0026331999999999,0.00041851,0.0,0 STARLINK-3958,1 52535U 22051C   22217.58335648  .00041851  00000-0  26332-2 0  9993,2 52535  53.2156 259.4038 0002176  35.9193  88.4383 15.08824432  1306,6917.928000000001,95.439,541.298,538.288,0.0
52535.0,STARLINK-3958,PAYLOAD,2022-08-05 22:00:00,15.0883304,0.0001986,53.2155,257.9058,39.7406,96.1568,0.0014916999999999,0.00023528,0.0,0 STARLINK-3958,1 52535U 22051C   22217.91667824  .00023528  00000-0  14917-2 0  9991,2 52535  53.2155 257.9058 0001986  39.7406  96.1568 15.08833040  1303,6917.901999999999,95.438,541.141,538.393,0.0
52535.0,STARLINK-3958,PAYLOAD,2022-08-06 00:00:02,15.08827818,0.0001986999999999,53.2154,257.5313,41.0591,187.8026,0.0025001999999999,0.00039714,0.0,0 STARLINK-3958,1 52535U 22051C   22218.00002315  .00039714  00000-0  25002-2 0  9991,2 52535  53.2154 257.5313 0001987  41.0591 187.8026 15.08827818 13490,6917.918000000002,95.438,541.1569999999998,538.408,0.0
52535.0,STARLINK-3958,PAYLOAD,2022-08-06 14:00:01,15.08828782,0.0002189,53.2152,254.9147,35.2521,123.8555,0.00031242,4.686e-05,0.0,0 STARLINK-3958,1 52535U 22051C   22218.58334491  .00004686  00000-0  31242-3 0  9991,2 52535  53.2152 254.9147 0002189  35.2521 123.8555 15.08828782  1302,6917.915,95.438,541.294,538.265,0.0
52535.0,STARLINK-3958,PAYLOAD,2022-08-06 19:39:26,15.08842572,0.0002217,53.2165,253.855,39.3146,320.8007,5.2407e-05,5.46e-06,0.0,0 STARLINK-3958,1 52535U 22051C   22218.81905482  .00000546  00000-0  52407-4 0  9999,2 52535  53.2165 253.8550 0002217  39.3146 320.8007 15.08842572 13545,6917.873000000001,95.437,541.271,538.2040000000002,0.0
52535.0,STARLINK-3958,PAYLOAD,2022-08-07 11:33:18,15.08836484,0.0002157,53.2164,250.8811,40.83,319.2853,-3.2841999999999995e-05,-8.11e-06,0.0,0 STARLINK-3958,1 52535U 22051C   22219.48146194 -.00000811  00000-0 -32842-4 0  9998,2 52535  53.2164 250.8811 0002157  40.8300 319.2853 15.08836484 13718,6917.891,95.438,541.248,538.264,0.0
52535.0,STARLINK-3958,PAYLOAD,2022-08-07 19:30:13,15.08839592,0.0002151999999999,53.2165,249.3943,42.2447,317.871,-2.0029e-05,-6.07e-06,0.0,0 STARLINK-3958,1 52535U 22051C   22219.81265990 -.00000607  00000-0 -20029-4 0  9998,2 52535  53.2165 249.3943 0002152  42.2447 317.8710 15.08839592 13697,6917.882,95.438,541.235,538.258,0.0
52535.0,STARLINK-3958,PAYLOAD,2022-08-08 14:00:01,15.08835031,0.0002365,53.215,245.9364,36.5226,192.1603,0.0016555999999999,0.00026156,0.0,0 STARLINK-3958,1 52535U 22051C   22220.58335648  .00026156  00000-0  16556-2 0  9995,2 52535  53.2150 245.9364 0002365  36.5226 192.1603 15.08835031  1301,6917.896,95.438,541.3969999999998,538.124,0.0
52535.0,STARLINK-3958,PAYLOAD,2022-08-08 22:00:00,15.08831481,0.0002185,53.2152,244.4382,39.9547,200.2747,0.0022574,0.00035814,0.0,0 STARLINK-3958,1 52535U 22051C   22220.91667824  .00035814  00000-0  22574-2 0  9994,2 52535  53.2152 244.4382 0002185  39.9547 200.2747 15.08831481  1305,6917.906,95.438,541.283,538.26,0.0
52535.0,STARLINK-3958,PAYLOAD,2022-08-09 06:00:00,15.0886018,0.0002287,53.2152,242.9429,38.9175,212.9119,-0.0033022,-0.00052491,0.0,0 STARLINK-3958,1 52535U 22051C   22221.25001157 -.00052491  00000-0 -33022-2 0  9995,2 52535  53.2152 242.9429 0002287  38.9175 212.9119 15.08860180 13987,6917.819,95.436,541.266,538.102,0.0
52535.0,STARLINK-3958,PAYLOAD,2022-08-09 14:00:01,15.08826136,0.0002381999999999,53.2149,241.4472,35.481,227.9406,0.00075118,0.00011683,0.0,0 STARLINK-3958,1 52535U 22051C   22221.58334491  .00011683  00000-0  75118-3 0  9990,2 52535  53.2149 241.4472 0002382  35.4810 227.9406 15.08826136  1300,6917.9230000000025,95.438,541.436,538.14,0.0
52535.0,STARLINK-3958,PAYLOAD,2022-08-09 22:00:00,15.0881033,0.0002207,53.2151,239.949,39.6842,235.3311,0.0028347,0.00045079,0.0,0 STARLINK-3958,1 52535U 22051C   22221.91667824  .00045079  00000-0  28347-2 0  9993,2 52535  53.2151 239.9490 0002207  39.6842 235.3311 15.08810330 14088,6917.971,95.439,541.363,538.309,0.0
52535.0,STARLINK-3958,PAYLOAD,2022-08-10 14:00:01,15.08842277,0.0002428,53.2148,236.9578,36.7993,261.3875,-2.4793e-05,-6.83e-06,0.0,0 STARLINK-3958,1 52535U 22051C   22222.58334491 -.00000683  00000-0 -24793-4 0  9995,2 52535  53.2148 236.9578 0002428  36.7993 261.3875 15.08842277  1308,6917.873000000001,95.437,541.418,538.059,0.0
52535.0,STARLINK-3958,PAYLOAD,2022-08-10 17:07:18,15.08857893,0.000234,53.215,236.373,38.3296,246.7547,-0.0022936999999999,-0.00036627,0.0,0 STARLINK-3958,1 52535U 22051C   22222.71341435 -.00036627  00000-0 -22937-2 0  9999,2 52535  53.2150 236.3730 0002340  38.3296 246.7547 15.08857893 14208,6917.826,95.436,541.309,538.072,0.0
52535.0,STARLINK-3958,PAYLOAD,2022-08-10 22:00:00,15.08826855,0.0002210999999999,53.215,235.4597,40.8845,268.9078,0.0013583,0.00021388,0.0,0 STARLINK-3958,1 52535U 22051C   22222.91667824  .00021388  00000-0  13583-2 0  9997,2 52535  53.2150 235.4597 0002211  40.8845 268.9078 15.08826855  1300,6917.920999999999,95.438,541.315,538.256,0.0
52535.0,STARLINK-3958,PAYLOAD,2022-08-11 06:00:02,15.08859796,0.0002343,53.215,233.9645,38.9679,282.4801,-0.0041253999999999,-0.00065387,0.0,0 STARLINK-3958,1 52535U 22051C   22223.25002315 -.00065387  00000-0 -41254-2 0  9998,2 52535  53.2150 233.9645 0002343  38.9679 282.4801 15.08859796 14282,6917.82,95.436,541.306,538.064,0.0
52535.0,STARLINK-3958,PAYLOAD,2022-08-11 14:00:01,15.08826797,0.0002379999999999,53.2146,232.4682,36.0454,296.9259,-0.00067605,-0.00011028,0.0,0 STARLINK-3958,1 52535U 22051C   22223.58334491 -.00011028  00000-0 -67605-3 0  9999,2 52535  53.2146 232.4682 0002380  36.0454 296.9259 15.08826797  1304,6917.920999999999,95.438,541.432,538.139,0.0
52535.0,STARLINK-3958,PAYLOAD,2022-08-11 22:00:00,15.08797863,0.0002179,53.2148,230.9703,41.1611,303.3938,0.0029593,0.0004707,0.0,0 STARLINK-3958,1 52535U 22051C   22223.91667824  .00047070  00000-0  29593-2 0  9992,2 52535  53.2148 230.9703 0002179  41.1611 303.3938 15.08797863 14381,6918.009,95.44,541.382,538.367,0.0
52535.0,STARLINK-3958,PAYLOAD,2022-08-12 14:00:01,15.08838937,0.0002392,53.2144,227.9788,38.1141,329.5869,-0.00097514,-0.00015774,0.0,0 STARLINK-3958,1 52535U 22051C   22224.58334491 -.00015774  00000-0 -97514-3 0  9994,2 52535  53.2144 227.9788 0002392  38.1141 329.5869 15.08838937  1306,6917.884,95.438,541.403,538.094,0.0
52535.0,STARLINK-3958,PAYLOAD,2022-08-12 22:00:01,15.0880891,0.0002210999999999,53.2145,226.4809,43.5864,335.7709,0.0029274,0.00046571,0.0,0 STARLINK-3958,1 52535U 22051C   22224.91668981  .00046571  00000-0  29274-2 0  9999,2 52535  53.2145 226.4809 0002211  43.5864 335.7709 15.08808910  1307,6917.975,95.44,541.37,538.311,0.0
52535.0,STARLINK-3958,PAYLOAD,2022-08-13 14:00:01,15.08846442,0.0002432,53.2143,223.4894,40.3033,2.1521,-0.0013583,-0.00021846,0.0,0 STARLINK-3958,1 52535U 22051C   22225.58334491 -.00021846  00000-0 -13583-2 0  9995,2 52535  53.2143 223.4894 0002432  40.3033   2.1521 15.08846442  1303,6917.861,95.437,541.408,538.043,0.0
52535.0,STARLINK-3958,PAYLOAD,2022-08-13 22:00:00,15.08817256,0.0002287,53.2144,221.9915,45.6362,8.4185,0.0025941,0.00041214,0.0,0 STARLINK-3958,1 52535U 22051C   22225.91667824  .00041214  00000-0  25941-2 0  9991,2 52535  53.2144 221.9915 0002287  45.6362   8.4185 15.08817256  1308,6917.95,95.439,541.3969999999998,538.2330000000002,0.0
52535.0,STARLINK-3958,PAYLOAD,2022-08-14 06:00:02,15.08841968,0.0002446,53.2156,220.4919,43.8461,21.8617,-0.00064825,-0.00010592,0.0,0 STARLINK-3958,1 52535U 22051C   22226.25002315 -.00010592  00000-0 -64825-3 0  9999,2 52535  53.2156 220.4919 0002446  43.8461  21.8617 15.08841968 14733,6917.874,95.437,541.431,538.047,0.0
52535.0,STARLINK-3958,PAYLOAD,2022-08-14 14:00:01,15.08856798,0.00025,53.2145,218.9999,42.1816,35.0551,-0.0014897,-0.00023931,0.0,0 STARLINK-3958,1 52535U 22051C   22226.58334491 -.00023931  00000-0 -14897-2 0  9992,2 52535  53.2145 218.9999 0002500  42.1816  35.0551 15.08856798  1308,6917.829000000002,95.436,541.424,537.965,0.0
52535.0,STARLINK-3958,PAYLOAD,2022-08-14 22:00:00,15.08831279,0.0002387999999999,53.2148,217.5021,47.3266,41.5201,0.0023403,0.00037147,0.0,0 STARLINK-3958,1 52535U 22051C   22226.91667824  .00037147  00000-0  23403-2 0  9993,2 52535  53.2148 217.5021 0002388  47.3266  41.5201 15.08831279  1303,6917.906999999997,95.438,541.424,538.12,0.0
52535.0,STARLINK-3958,PAYLOAD,2022-08-15 00:00:00,15.08851832,0.0002420999999999,53.215,217.1283,48.1462,133.5938,0.00041105,6.262e-05,0.0,0 STARLINK-3958,1 52535U 22051C   22227.00001157  .00006262  00000-0  41105-3 0  9999,2 52535  53.2150 217.1283 0002421  48.1462 133.5938 15.08851832 14857,6917.844,95.437,541.384,538.034,0.0
52535.0,STARLINK-3958,PAYLOAD,2022-08-15 14:00:01,15.08876524,0.0002548,53.215,214.5105,42.8427,69.209,-0.0046111999999999,-0.0007301,0.0,0 STARLINK-3958,1 52535U 22051C   22227.58334491 -.00073010  00000-0 -46112-2 0  9991,2 52535  53.2150 214.5105 0002548  42.8427  69.2090 15.08876524  1308,6917.769,95.435,541.396,537.871,0.0
52535.0,STARLINK-3958,PAYLOAD,2022-08-15 22:00:00,15.08818088,0.0002414,53.2154,213.0127,46.9275,76.7347,0.0020632,0.00032682,0.0,0 STARLINK-3958,1 52535U 22051C   22227.91667824  .00032682  00000-0  20632-2 0  9994,2 52535  53.2154 213.0127 0002414  46.9275  76.7347 15.08818088  1307,6917.946999999999,95.439,541.482,538.1419999999998,0.0
52535.0,STARLINK-3958,PAYLOAD,2022-08-16 00:00:00,15.08837133,0.0002444,53.2155,212.6391,47.3893,169.1617,0.00017045,2.425e-05,0.0,0 STARLINK-3958,1 52535U 22051C   22228.00001157  .00002425  00000-0  17045-3 0  9993,2 52535  53.2155 212.6391 0002444  47.3893 169.1617 15.08837133 15001,6917.889,95.438,541.445,538.063,0.0
52535.0,STARLINK-3958,PAYLOAD,2022-08-16 14:00:01,15.08854349,0.0002599,53.2156,210.0212,44.0043,102.8238,-0.0017164,-0.00027513,0.0,0 STARLINK-3958,1 52535U 22051C   22228.58334491 -.00027513  00000-0 -17164-2 0  9994,2 52535  53.2156 210.0212 0002599  44.0043 102.8238 15.08854349  1307,6917.837,95.437,541.499,537.904,0.0
52535.0,STARLINK-3958,PAYLOAD,2022-08-16 22:00:00,15.08835694,0.0002516,53.216,208.5237,48.8082,109.6206,0.0017957,0.00028404,0.0,0 STARLINK-3958,1 52535U 22051C   22228.91667824  .00028404  00000-0  17957-2 0  9998,2 52535  53.2160 208.5237 0002516  48.8082 109.6206 15.08835694  1307,6917.894,95.438,541.499,538.018,0.0
52535.0,STARLINK-3958,PAYLOAD,2022-08-17 06:00:02,15.08846382,0.0002706,53.216,207.0291,45.5384,124.5562,-4.8171e-05,-1.055e-05,0.0,0 STARLINK-3958,1 52535U 22051C   22229.25002315 -.00001055  00000-0 -48171-4 0  9993,2 52535  53.2160 207.0291 0002706  45.5384 124.5562 15.08846382 15189,6917.861,95.437,541.5980000000002,537.854,0.0
52535.0,STARLINK-3958,PAYLOAD,2022-08-17 16:00:00,15.08850987,0.0002543,53.2162,205.1575,45.8507,228.6865,-0.0029536,-0.00047005,0.0,0 STARLINK-3958,1 52535U 22051C   22229.66667824 -.00047005  00000-0 -29536-2 0  9997,2 52535  53.2162 205.1575 0002543  45.8507 228.6865 15.08850987  1301,6917.847,95.437,541.471,537.953,0.0
52535.0,STARLINK-3958,PAYLOAD,2022-08-18 08:00:01,15.08829763,0.000269,53.2167,202.1612,45.0891,252.6254,-0.00044188,-7.313e-05,0.0,0 STARLINK-3958,1 52535U 22051C   22230.33334491 -.00007313  00000-0 -44188-3 0  9993,2 52535  53.2167 202.1612 0002690  45.0891 252.6254 15.08829763 15353,6917.9119999999975,95.438,541.638,537.9159999999998,0.0
52535.0,STARLINK-3958,PAYLOAD,2022-08-18 14:00:01,15.08863408,0.0002576,53.216,201.0429,46.4368,169.9681,-0.0018149,-0.00029077,0.0,0 STARLINK-3958,1 52535U 22051C   22230.58334491 -.00029077  00000-0 -18149-2 0  9998,2 52535  53.2160 201.0429 0002576  46.4368 169.9681 15.08863408  1305,6917.809,95.436,541.456,537.8919999999998,0.0
52535.0,STARLINK-3958,PAYLOAD,2022-08-18 22:00:00,15.08864689,0.0002447,53.2162,199.5458,50.7453,177.266,-0.0017495999999999,-0.00028046,0.0,0 STARLINK-3958,1 52535U 22051C   22230.91667824 -.00028046  00000-0 -17496-2 0  9993,2 52535  53.2162 199.5458 0002447  50.7453 177.2660 15.08864689  1301,6917.805,95.436,541.363,537.977,0.0
52535.0,STARLINK-3958,PAYLOAD,2022-08-19 14:00:01,15.08849767,0.0002421999999999,53.2157,196.5538,45.8908,205.3221,-0.0036935,-0.00058611,0.0,0 STARLINK-3958,1 52535U 22051C   22231.58334491 -.00058611  00000-0 -36935-2 0  9998,2 52535  53.2157 196.5538 0002422  45.8908 205.3221 15.08849767  1300,6917.851,95.437,541.391,538.04,0.0
52535.0,STARLINK-3958,PAYLOAD,2022-08-19 22:00:00,15.08818329,0.0002325,53.2158,195.0569,49.9951,212.7915,0.00090799,0.00014184,0.0,0 STARLINK-3958,1 52535U 22051C   22231.91667824  .00014184  00000-0  90799-3 0  9998,2 52535  53.2158 195.0569 0002325  49.9951 212.7915 15.08818329  1306,6917.946999999999,95.439,541.42,538.203,0.0
52535.0,STARLINK-3958,PAYLOAD,2022-08-20 08:00:01,15.08801333,0.0002525999999999,53.2154,193.1884,45.5438,321.7146,0.0027952,0.00044432,0.0,0 STARLINK-3958,1 52535U 22051C   22232.33334491  .00044432  00000-0  27952-2 0  9995,2 52535  53.2154 193.1884 0002526  45.5438 321.7146 15.08801333 15653,6917.999,95.44,541.611,538.116,0.0
52535.0,STARLINK-3958,PAYLOAD,2022-08-20 14:00:01,15.08843228,0.0002417,53.2152,192.0648,47.9185,238.0161,-0.0015659,-0.00025127,0.0,0 STARLINK-3958,1 52535U 22051C   22232.58334491 -.00025127  00000-0 -15659-2 0  9995,2 52535  53.2152 192.0648 0002417  47.9185 238.0161 15.08843228  1304,6917.871,95.437,541.408,538.063,0.0
52535.0,STARLINK-3958,PAYLOAD,2022-08-20 22:00:00,15.08837921,0.0002373,53.2152,190.5681,52.4164,245.0982,0.00050117,7.697e-05,0.0,0 STARLINK-3958,1 52535U 22051C   22232.91667824  .00007697  00000-0  50117-3 0  9990,2 52535  53.2152 190.5681 0002373  52.4164 245.0982 15.08837921  1305,6917.887,95.438,541.393,538.11,0.0
52535.0,STARLINK-3958,PAYLOAD,2022-08-21 14:00:01,15.08855386,0.0002414,53.2148,187.5757,49.1305,271.5683,-0.0039895,-0.00063254,0.0,0 STARLINK-3958,1 52535U 22051C   22233.58334491 -.00063254  00000-0 -39895-2 0  9997,2 52535  53.2148 187.5757 0002414  49.1305 271.5683 15.08855386  1303,6917.833000000001,95.437,541.368,538.028,0.0
52535.0,STARLINK-3958,PAYLOAD,2022-08-21 22:00:00,15.08825945,0.0002365,53.2149,186.079,52.3904,279.8883,9.838e-05,1.277e-05,0.0,0 STARLINK-3958,1 52535U 22051C   22233.91667824  .00001277  00000-0  98380-4 0  9994,2 52535  53.2149 186.0790 0002365  52.3904 279.8883 15.08825945 15891,6917.9230000000025,95.438,541.424,538.1519999999998,0.0
52535.0,STARLINK-3958,PAYLOAD,2022-08-22 12:00:00,15.08844429,0.0002497,53.2146,183.4611,48.5904,213.9418,-0.0020119,-0.00032171,0.0,0 STARLINK-3958,1 52535U 22051C   22234.50001157 -.00032171  00000-0 -20119-2 0  9993,2 52535  53.2146 183.4611 0002497  48.5904 213.9418 15.08844429  1306,6917.8669999999975,95.437,541.4590000000002,538.004,0.0
52535.0,STARLINK-3958,PAYLOAD,2022-08-22 22:00:00,15.08843,0.0002481,53.215,181.59,53.5494,313.4597,-0.00027855,-4.719e-05,0.0,0 STARLINK-3958,1 52535U 22051C   22234.91667824 -.00004719  00000-0 -27855-3 0  9999,2 52535  53.2150 181.5900 0002481  53.5494 313.4597 15.08843000  1302,6917.871,95.437,541.453,538.02,0.0
52535.0,STARLINK-3958,PAYLOAD,2022-08-23 06:00:00,15.08817784,0.0002673,53.2151,180.0952,49.7108,328.8982,0.0023531999999999,0.0003734,0.0,0 STARLINK-3958,1 52535U 22051C   22235.25001157  .00037340  00000-0  23532-2 0  9999,2 52535  53.2151 180.0952 0002673  49.7108 328.8982 15.08817784 16096,6917.948,95.439,541.6619999999998,537.964,0.0
52535.0,STARLINK-3958,PAYLOAD,2022-08-23 14:00:01,15.08843835,0.0002568,53.2153,178.5972,52.1036,338.0925,-0.00053536,-8.8e-05,0.0,0 STARLINK-3958,1 52535U 22051C   22235.58334491 -.00008800  00000-0 -53536-3 0  9994,2 52535  53.2153 178.5972 0002568  52.1036 338.0925 15.08843835  1307,6917.869000000002,95.437,541.51,537.957,0.0
52535.0,STARLINK-3958,PAYLOAD,2022-08-23 22:00:01,15.08859193,0.0002606,53.2156,177.1008,54.6804,347.1701,-0.00069734,-0.00011376,0.0,0 STARLINK-3958,1 52535U 22051C   22235.91668981 -.00011376  00000-0 -69734-3 0  9994,2 52535  53.2156 177.1008 0002606  54.6804 347.1701 15.08859193 16198,6917.821999999999,95.436,541.49,537.884,0.0
52535.0,STARLINK-3958,PAYLOAD,2022-08-24 14:00:01,15.08858355,0.0002631,53.2161,174.108,53.81100000000001,11.197,-0.0009307,-0.00015078,0.0,0 STARLINK-3958,1 52535U 22051C   22236.58334491 -.00015078  00000-0 -93070-3 0  9997,2 52535  53.2161 174.1080 0002631  53.8110  11.1970 15.08858355  1302,6917.824000000001,95.436,541.509,537.869,0.0
52535.0,STARLINK-3958,PAYLOAD,2022-08-24 22:00:00,15.08862324,0.0002631,53.2163,172.6117,55.2034,21.4146,-0.002485,-0.00039647,0.0,0 STARLINK-3958,1 52535U 22051C   22236.91667824 -.00039647  00000-0 -24850-2 0  9990,2 52535  53.2163 172.6117 0002631  55.2034  21.4146 15.08862324  1309,6917.812,95.436,541.497,537.857,0.0
52535.0,STARLINK-3958,PAYLOAD,2022-08-25 06:00:02,15.0881339,0.000275,53.2164,171.1168,51.1499,37.1397,0.0029479,0.00046908,0.0,0 STARLINK-3958,1 52535U 22051C   22237.25002315  .00046908  00000-0  29479-2 0  9994,2 52535  53.2164 171.1168 0002750  51.1499  37.1397 15.08813390 16398,6917.962,95.439,541.729,537.924,0.0
52535.0,STARLINK-3958,PAYLOAD,2022-08-25 14:00:01,15.08834318,0.0002609,53.2168,169.6189,54.9515,44.863,0.00054979,8.471e-05,0.0,0 STARLINK-3958,1 52535U 22051C   22237.58334491  .00008471  00000-0  54979-3 0  9990,2 52535  53.2168 169.6189 0002609  54.9515  44.8630 15.08834318  1303,6917.898,95.438,541.568,537.9580000000002,0.0
52535.0,STARLINK-3958,PAYLOAD,2022-08-25 22:00:00,15.08860599,0.0002677,53.2169,168.12,56.6039,54.7991,-0.0013536,-0.0002177999999999,0.0,0 STARLINK-3958,1 52535U 22051C   22237.91667824 -.00021780  00000-0 -13536-2 0  9999,2 52535  53.2169 168.1200 0002677  56.6039  54.7991 15.08860599  1307,6917.816999999999,95.436,541.534,537.831,0.0
52535.0,STARLINK-3958,PAYLOAD,2022-08-26 14:00:01,15.08829303,0.0002546999999999,53.217,165.1299,56.2521,78.4366,-8.7372e-05,-1.678e-05,0.0,0 STARLINK-3958,1 52535U 22051C   22238.58335648 -.00001678  00000-0 -87372-4 0  9994,2 52535  53.2170 165.1299 0002547  56.2521  78.4366 15.08829303  1309,6917.913000000001,95.438,541.54,538.016,0.0
52535.0,STARLINK-3958,PAYLOAD,2022-08-26 20:00:01,15.08834323,0.0002556,53.2172,164.0077,58.4228,354.8841,0.00036746,5.564e-05,0.0,0 STARLINK-3958,1 52535U 22051C   22238.83334491  .00005564  00000-0  36746-3 0  9991,2 52535  53.2172 164.0077 0002556  58.4228 354.8841 15.08834323 16630,6917.898,95.438,541.531,537.995,0.0
52535.0,STARLINK-3958,PAYLOAD,2022-08-26 22:00:00,15.08847384,0.0002591,53.2172,163.6341,57.4869,88.7142,-0.0015499,-0.00024877,0.0,0 STARLINK-3958,1 52535U 22051C   22238.91667824 -.00024877  00000-0 -15499-2 0  9990,2 52535  53.2172 163.6341 0002591  57.4869  88.7142 15.08847384  1304,6917.858,95.437,541.515,537.93,0.0
52535.0,STARLINK-3958,PAYLOAD,2022-08-27 14:00:01,15.08826072,0.0002539,53.2168,160.6411,58.5015,110.8881,0.0016471,0.00026013,0.0,0 STARLINK-3958,1 52535U 22051C   22239.58334491  .00026013  00000-0  16471-2 0  9998,2 52535  53.2168 160.6411 0002539  58.5015 110.8881 15.08826072  1309,6917.9230000000025,95.438,541.544,538.0319999999998,0.0
52535.0,STARLINK-3958,PAYLOAD,2022-08-27 22:00:00,15.08861436,0.0002612,53.2169,159.1455,59.699,121.2764,-0.0015232999999999,-0.00024466,0.0,0 STARLINK-3958,1 52535U 22051C   22239.91667824 -.00024466  00000-0 -15233-2 0  9991,2 52535  53.2169 159.1455 0002612  59.6990 121.2764 15.08861436 16795,6917.815,95.436,541.487,537.873,0.0
52535.0,STARLINK-3958,PAYLOAD,2022-08-28 14:00:01,15.0882084,0.000248,53.2163,156.1522,59.8267,144.3796,0.0016309999999999,0.00025752,0.0,0 STARLINK-3958,1 52535U 22051C   22240.58334491  .00025752  00000-0  16310-2 0  9991,2 52535  53.2163 156.1522 0002480  59.8267 144.3796 15.08820840  1309,6917.939,95.439,541.52,538.0880000000002,0.0
52535.0,STARLINK-3958,PAYLOAD,2022-08-28 22:00:00,15.08851708,0.0002565,53.2164,154.6568,60.3849,155.399,-0.001508,-0.00024217,0.0,0 STARLINK-3958,1 52535U 22051C   22240.91667824 -.00024217  00000-0 -15080-2 0  9997,2 52535  53.2164 154.6568 0002565  60.3849 155.3990 15.08851708  1305,6917.845,95.437,541.484,537.935,0.0
52535.0,STARLINK-3958,PAYLOAD,2022-08-29 14:00:01,15.08797121,0.0002452,53.2159,151.6631,60.322,178.6493,0.0024042,0.00038138,0.0,0 STARLINK-3958,1 52535U 22051C   22241.58334491  .00038138  00000-0  24042-2 0  9995,2 52535  53.2159 151.6631 0002452  60.3220 178.6493 15.08797121  1309,6918.011,95.44,541.573,538.18,0.0
52535.0,STARLINK-3958,PAYLOAD,2022-08-29 22:00:00,15.08836574,0.0002569,53.2158,150.1678,60.4304,190.1004,-0.0014052,-0.00022582,0.0,0 STARLINK-3958,1 52535U 22051C   22241.91667824 -.00022582  00000-0 -14052-2 0  9999,2 52535  53.2158 150.1678 0002569  60.4304 190.1004 15.08836574  1309,6917.891,95.438,541.533,537.979,0.0
52535.0,STARLINK-3958,PAYLOAD,2022-08-30 14:00:01,15.08813016,0.0002549,53.2156,147.174,61.9021,211.8029,0.0029094999999999,0.00046288,0.0,0 STARLINK-3958,1 52535U 22051C   22242.58334491  .00046288  00000-0  29095-2 0  9994,2 52535  53.2156 147.1740 0002549  61.9021 211.8029 15.08813016 17203,6917.9630000000025,95.439,541.591,538.064,0.0
52535.0,STARLINK-3958,PAYLOAD,2022-08-30 22:00:00,15.08854451,0.000266,53.2156,145.6786,61.3365,223.9492,-0.0012702,-0.00020456,0.0,0 STARLINK-3958,1 52535U 22051C   22242.91667824 -.00020456  00000-0 -12702-2 0  9998,2 52535  53.2156 145.6786 0002660  61.3365 223.9492 15.08854451  1305,6917.8359999999975,95.437,541.5409999999998,537.861,0.0
52535.0,STARLINK-3958,PAYLOAD,2022-08-31 14:00:01,15.08802824,0.0002525,53.2157,142.6845,62.2196,246.283,0.0031898,0.00050793,0.0,0 STARLINK-3958,1 52535U 22051C   22243.58334491  .00050793  00000-0  31898-2 0  9995,2 52535  53.2157 142.6845 0002525  62.2196 246.2830 15.08802824  1302,6917.994000000002,95.44,541.606,538.112,0.0
52535.0,STARLINK-3958,PAYLOAD,2022-08-31 22:00:00,15.08846184,0.0002651,53.2158,141.1893,61.1702,258.9034,-0.0012678,-0.00020413,0.0,0 STARLINK-3958,1 52535U 22051C   22243.91667824 -.00020413  00000-0 -12678-2 0  9994,2 52535  53.2158 141.1893 0002651  61.1702 258.9034 15.08846184 17402,6917.861,95.437,541.56,537.893,0.0
52535.0,STARLINK-3958,PAYLOAD,2022-09-01 14:00:01,15.08830667,0.0002541,53.2159,138.1951,63.5498,279.7846,0.00043767,6.682e-05,0.0,0 STARLINK-3958,1 52535U 22051C   22244.58335648  .00006682  00000-0  43767-3 0  9998,2 52535  53.2159 138.1951 0002541  63.5498 279.7846 15.08830667  1303,6917.909000000002,95.438,541.5319999999998,538.016,0.0
52535.0,STARLINK-3958,PAYLOAD,2022-09-01 22:00:00,15.08836219,0.0002623,53.216,136.7,61.1559,293.7022,-0.0013993,-0.00022488,0.0,0 STARLINK-3958,1 52535U 22051C   22244.91667824 -.00022488  00000-0 -13993-2 0  9990,2 52535  53.2160 136.7000 0002623  61.1559 293.7022 15.08836219  1308,6917.892,95.438,541.572,537.942,0.0
52535.0,STARLINK-3958,PAYLOAD,2022-09-02 14:00:01,15.08811759,0.0002508,53.216,133.7059,65.2466,312.7872,0.003326,0.00053004,0.0,0 STARLINK-3958,1 52535U 22051C   22245.58334491  .00053004  00000-0  33260-2 0  9990,2 52535  53.2160 133.7059 0002508  65.2466 312.7872 15.08811759  1300,6917.967,95.439,541.567,538.097,0.0
52535.0,STARLINK-3958,PAYLOAD,2022-09-02 22:00:01,15.08853328,0.0002637,53.2162,132.2109,62.9898,326.6898,-0.001318,-0.00021212,0.0,0 STARLINK-3958,1 52535U 22051C   22245.91668981 -.00021212  00000-0 -13180-2 0  9998,2 52535  53.2162 132.2109 0002637  62.9898 326.6898 15.08853328  1308,6917.84,95.437,541.529,537.88,0.0
52535.0,STARLINK-3958,PAYLOAD,2022-09-03 00:00:00,15.08842269,0.0002678,53.2162,131.8371,62.237,60.2828,-0.00012638,-2.3e-05,0.0,0 STARLINK-3958,1 52535U 22051C   22246.00001157 -.00002300  00000-0 -12638-3 0  9990,2 52535  53.2162 131.8371 0002678  62.2370  60.2828 15.08842269 17715,6917.873000000001,95.437,541.591,537.886,0.0
52535.0,STARLINK-3958,PAYLOAD,2022-09-03 14:00:01,15.08840013,0.0002445,53.2161,129.2166,66.9831,345.8492,0.00038385,5.826e-05,0.0,0 STARLINK-3958,1 52535U 22051C   22246.58334491  .00005826  00000-0  38385-3 0  9994,2 52535  53.2161 129.2166 0002445  66.9831 345.8492 15.08840013  1304,6917.88,95.438,541.437,538.054,0.0
52535.0,STARLINK-3958,PAYLOAD,2022-09-03 22:00:00,15.08843492,0.0002517,53.2162,127.7219,63.9136,0.5175,-0.0011680999999999,-0.00018833,0.0,0 STARLINK-3958,1 52535U 22051C   22246.91667824 -.00018833  00000-0 -11681-2 0  9993,2 52535  53.2162 127.7219 0002517  63.9136   0.5175 15.08843492  1309,6917.87,95.437,541.476,537.993,0.0
52535.0,STARLINK-3958,PAYLOAD,2022-09-04 06:00:00,15.08848372,0.0002503,53.2159,126.2253,62.6241,13.3937,-0.00078429,-0.00012752,0.0,0 STARLINK-3958,1 52535U 22051C   22247.25001157 -.00012752  00000-0 -78429-3 0  9990,2 52535  53.2159 126.2253 0002503  62.6241  13.3937 15.08848372 17908,6917.855,95.437,541.451,537.988,0.0
52535.0,STARLINK-3958,PAYLOAD,2022-09-04 14:00:01,15.0883952,0.0002368,53.216,124.7275,68.6351,19.0509,0.0012966,0.00020408,0.0,0 STARLINK-3958,1 52535U 22051C   22247.58335648  .00020408  00000-0  12966-2 0  9999,2 52535  53.2160 124.7275 0002368  68.6351  19.0509 15.08839520  1304,6917.882,95.438,541.385,538.109,0.0
52535.0,STARLINK-3958,PAYLOAD,2022-09-04 20:00:01,15.08861607,0.0002391,53.2162,123.6066,66.5591,299.765,-0.0029023,-0.00046212,0.0,0 STARLINK-3958,1 52535U 22051C   22247.83334491 -.00046212  00000-0 -29023-2 0  9997,2 52535  53.2162 123.6066 0002391  66.5591 299.7650 15.08861607  1306,6917.814,95.436,541.3330000000002,538.025,0.0
52535.0,STARLINK-3958,PAYLOAD,2022-09-05 06:00:00,15.08858017,0.0002379,53.2157,121.7363,63.8584,46.9678,-0.00036104,-6.033e-05,0.0,0 STARLINK-3958,1 52535U 22051C   22248.25001157 -.00006033  00000-0 -36104-3 0  9990,2 52535  53.2157 121.7363 0002379  63.8584  46.9678 15.08858017 18050,6917.825,95.436,541.336,538.045,0.0
52535.0,STARLINK-3958,PAYLOAD,2022-09-05 14:00:01,15.08853414,0.0002266,53.2159,120.2386,69.6831,52.7547,0.00094112,0.00014727,0.0,0 STARLINK-3958,1 52535U 22051C   22248.58334491  .00014727  00000-0  94112-3 0  9996,2 52535  53.2159 120.2386 0002266  69.6831  52.7547 15.08853414  1301,6917.839,95.437,541.2719999999998,538.137,0.0
52535.0,STARLINK-3958,PAYLOAD,2022-09-05 22:00:00,15.08852049,0.0002265,53.2159,118.744,64.547,69.5063,-0.004357,-0.00068992,0.0,0 STARLINK-3958,1 52535U 22051C   22248.91667824 -.00068992  00000-0 -43570-2 0  9998,2 52535  53.2159 118.7440 0002265  64.5470  69.5063 15.08852049  1308,6917.844,95.437,541.275,538.1419999999998,0.0
52535.0,STARLINK-3958,PAYLOAD,2022-09-06 06:00:00,15.08822817,0.0002169,53.2157,117.2473,62.2705,83.3562,-0.0010023999999999,-0.00016199,0.0,0 STARLINK-3958,1 52535U 22051C   22249.25001157 -.00016199  00000-0 -10024-2 0  9997,2 52535  53.2157 117.2473 0002169  62.2705  83.3562 15.08822817 18200,6917.933000000001,95.439,541.298,538.297,0.0
52535.0,STARLINK-3958,PAYLOAD,2022-09-06 14:00:01,15.08806142,0.0002129,53.2159,115.7497,68.5631,88.6323,0.0024973,0.00039644,0.0,0 STARLINK-3958,1 52535U 22051C   22249.58334491  .00039644  00000-0  24973-2 0  9999,2 52535  53.2159 115.7497 0002129  68.5631  88.6323 15.08806142  1303,6917.984,95.44,541.322,538.376,0.0
52535.0,STARLINK-3958,PAYLOAD,2022-09-06 22:00:00,15.08825256,0.0002261,53.2159,114.2552,63.7513,105.0137,-3.4676e-05,-8.400000000000001e-06,0.0,0 STARLINK-3958,1 52535U 22051C   22249.91667824 -.00000840  00000-0 -34676-4 0  9996,2 52535  53.2159 114.2552 0002261  63.7513 105.0137 15.08825256 18304,6917.925,95.438,541.355,538.226,0.0
52535.0,STARLINK-3958,PAYLOAD,2022-09-07 14:00:01,15.08842072,0.0002151999999999,53.2161,111.2607,68.8571,123.0727,-0.00060516,-9.907e-05,0.0,0 STARLINK-3958,1 52535U 22051C   22250.58334491 -.00009907  00000-0 -60516-3 0  9996,2 52535  53.2161 111.2607 0002152  68.8571 123.0727 15.08842072  1306,6917.874,95.437,541.2280000000002,538.25,0.0
52535.0,STARLINK-3958,PAYLOAD,2022-09-07 22:00:00,15.08814991,0.0002241,53.2161,109.7661,62.7349,140.7871,0.00021147,3.077e-05,0.0,0 STARLINK-3958,1 52535U 22051C   22250.91667824  .00003077  00000-0  21147-3 0  9999,2 52535  53.2161 109.7661 0002241  62.7349 140.7871 15.08814991  1308,6917.956999999999,95.439,541.372,538.2719999999998,0.0
52535.0,STARLINK-3958,PAYLOAD,2022-09-08 06:00:00,15.08845829,0.0002169,53.2161,108.269,62.9827,152.1075,-0.0015627,-0.00025077,0.0,0 STARLINK-3958,1 52535U 22051C   22251.25001157 -.00025077  00000-0 -15627-2 0  9999,2 52535  53.2161 108.2690 0002169  62.9827 152.1075 15.08845829 18514,6917.863,95.437,541.2280000000002,538.227,0.0
52535.0,STARLINK-3958,PAYLOAD,2022-09-08 14:00:01,15.0882962,0.0002159,53.2163,106.7716,68.6676,158.0112,0.0019138999999999,0.00030295,0.0,0 STARLINK-3958,1 52535U 22051C   22251.58334491  .00030295  00000-0  19139-2 0  9993,2 52535  53.2163 106.7716 0002159  68.6676 158.0112 15.08829620  1309,6917.9119999999975,95.438,541.271,538.284,0.0
52535.0,STARLINK-3958,PAYLOAD,2022-09-08 22:00:00,15.08840239,0.0002275,53.2163,105.2769,63.0237,175.2545,0.00074853,0.00011645,0.0,0 STARLINK-3958,1 52535U 22051C   22251.91667824  .00011645  00000-0  74853-3 0  9992,2 52535  53.2163 105.2769 0002275  63.0237 175.2545 15.08840239  1302,6917.88,95.438,541.318,538.1709999999998,0.0
52535.0,STARLINK-3958,PAYLOAD,2022-09-09 00:00:02,15.08831253,0.0002274,53.2164,104.9029,62.2789,268.9639,0.0020983,0.00033257,0.0,0 STARLINK-3958,1 52535U 22051C   22252.00002315  .00033257  00000-0  20983-2 0  9998,2 52535  53.2164 104.9029 0002274  62.2789 268.9639 15.08831253 18623,6917.906999999997,95.438,541.345,538.1990000000002,0.0
52535.0,STARLINK-3958,PAYLOAD,2022-09-09 14:00:01,15.08828422,0.0002069,53.2165,102.2822,68.7247,192.7534,0.0017282,0.00027315,0.0,0 STARLINK-3958,1 52535U 22051C   22252.58334491  .00027315  00000-0  17282-2 0  9990,2 52535  53.2165 102.2822 0002069  68.7247 192.7534 15.08828422  1307,6917.916,95.438,541.212,538.349,0.0
52535.0,STARLINK-3958,PAYLOAD,2022-09-09 22:00:00,15.08833616,0.0002179,53.2164,100.7874,62.5009,210.573,0.0010071,0.00015774,0.0,0 STARLINK-3958,1 52535U 22051C   22252.91667824  .00015774  00000-0  10071-2 0  9991,2 52535  53.2164 100.7874 0002179  62.5009 210.5730 15.08833616  1304,6917.9,95.438,541.2719999999998,538.257,0.0
52535.0,STARLINK-3958,PAYLOAD,2022-09-10 06:00:02,15.08867917,0.0002017,53.2163,99.2899,63.5128,221.2104,-0.0047878,-0.00075745,0.0,0 STARLINK-3958,1 52535U 22051C   22253.25002315 -.00075745  00000-0 -47878-2 0  9998,2 52535  53.2163  99.2899 0002017  63.5128 221.2104 15.08867917 18815,6917.795,95.436,541.055,538.265,0.0
52535.0,STARLINK-3958,PAYLOAD,2022-09-10 14:00:01,15.08825566,0.0001954,53.2165,97.7927,68.9446,227.3117,0.0012939,0.00020356,0.0,0 STARLINK-3958,1 52535U 22051C   22253.58334491  .00020356  00000-0  12939-2 0  9993,2 52535  53.2165  97.7927 0001954  68.9446 227.3117 15.08825566  1304,6917.925,95.438,541.141,538.438,0.0
52535.0,STARLINK-3958,PAYLOAD,2022-09-10 22:00:00,15.08824387,0.0002078,53.2163,96.298,62.4761,245.3702,0.0012571,0.00019767,0.0,0 STARLINK-3958,1 52535U 22051C   22253.91667824  .00019767  00000-0  12571-2 0  9995,2 52535  53.2163  96.2980 0002078  62.4761 245.3702 15.08824387  1302,6917.928000000001,95.439,541.231,538.356,0.0
52535.0,STARLINK-3958,PAYLOAD,2022-09-11 14:00:01,15.08856029,0.0001899,53.2162,93.3032,70.1456,260.8834,0.00022476,3.292e-05,0.0,0 STARLINK-3958,1 52535U 22051C   22254.58334491  .00003292  00000-0  22476-3 0  9992,2 52535  53.2162  93.3032 0001899  70.1456 260.8834 15.08856029  1300,6917.831,95.437,541.01,538.383,0.0
52535.0,STARLINK-3958,PAYLOAD,2022-09-11 22:00:00,15.08834587,0.0001973,53.2161,91.8085,63.0075,279.6441,-0.00014736,-2.632e-05,0.0,0 STARLINK-3958,1 52535U 22051C   22254.91667824 -.00002632  00000-0 -14736-3 0  9997,2 52535  53.2161  91.8085 0001973  63.0075 279.6441 15.08834587  1308,6917.897,95.438,541.127,538.3969999999998,0.0
52535.0,STARLINK-3958,PAYLOAD,2022-09-12 06:00:00,15.08851353,0.0001817,53.2158,90.3107,65.008,289.2301,-0.0019413,-0.00031061,0.0,0 STARLINK-3958,1 52535U 22051C   22255.25001157 -.00031061  00000-0 -19413-2 0  9990,2 52535  53.2158  90.3107 0001817  65.0080 289.2301 15.08851353 19118,6917.846,95.437,540.9680000000002,538.4540000000002,0.0
52535.0,STARLINK-3958,PAYLOAD,2022-09-12 14:00:01,15.08840656,0.0001743,53.2159,88.814,69.4449,296.3873,-0.0011784,-0.00018994,0.0,0 STARLINK-3958,1 52535U 22051C   22255.58334491 -.00018994  00000-0 -11784-2 0  9999,2 52535  53.2159  88.8140 0001743  69.4449 296.3873 15.08840656  1302,6917.878000000002,95.438,540.9490000000002,538.538,0.0
52535.0,STARLINK-3958,PAYLOAD,2022-09-12 22:00:00,15.08810251,0.0001839,53.2158,87.3191,61.7144,315.7102,0.002113,0.00033473,0.0,0 STARLINK-3958,1 52535U 22051C   22255.91667824  .00033473  00000-0  21130-2 0  9998,2 52535  53.2158  87.3191 0001839  61.7144 315.7102 15.08810251  1303,6917.971,95.439,541.109,538.564,0.0
52535.0,STARLINK-3958,PAYLOAD,2022-09-13 14:00:01,15.08860502,0.0001703,53.2157,84.3248,68.1109,332.4716,-0.0016930999999999,-0.00027148,0.0,0 STARLINK-3958,1 52535U 22051C   22256.58334491 -.00027148  00000-0 -16931-2 0  9990,2 52535  53.2157  84.3248 0001703  68.1109 332.4716 15.08860502  1305,6917.818,95.436,540.861,538.505,0.0
52535.0,STARLINK-3958,PAYLOAD,2022-09-13 16:00:00,15.08873957,0.0001729,53.216,83.9489,66.3597,67.1236,-0.0043435,-0.00068819,0.0,0 STARLINK-3958,1 52535U 22051C   22256.66667824 -.00068819  00000-0 -43435-2 0  9997,2 52535  53.2160  83.9489 0001729  66.3597  67.1236 15.08873957 19328,6917.776999999999,95.435,540.8380000000002,538.446,0.0
52535.0,STARLINK-3958,PAYLOAD,2022-09-13 22:00:00,15.08807976,0.0001764999999999,53.2158,82.8299,60.125,352.0708,0.0018894,0.00029884,0.0,0 STARLINK-3958,1 52535U 22051C   22256.91667824  .00029884  00000-0  18894-2 0  9993,2 52535  53.2158  82.8299 0001765  60.1250 352.0708 15.08807976  1307,6917.978,95.44,541.064,538.622,0.0
52535.0,STARLINK-3958,PAYLOAD,2022-09-14 06:00:00,15.08831422,0.0001653,53.2159,81.3319,63.1493,0.6179,-0.00017989,-3.149e-05,0.0,0 STARLINK-3958,1 52535U 22051C   22257.25001157 -.00003149  00000-0 -17989-3 0  9995,2 52535  53.2159  81.3319 0001653  63.1493   0.6179 15.08831422 19415,6917.906999999997,95.438,540.915,538.628,0.0
52535.0,STARLINK-3958,PAYLOAD,2022-09-14 14:00:01,15.08820005,0.0001771,53.2167,79.8242,64.3901,10.9646,0.0014169,0.00022322,0.0,0 STARLINK-3958,1 52535U 22051C   22257.58334491  .00022322  00000-0  14169-2 0  9999,2 52535  53.2167  79.8242 0001771  64.3901  10.9646 15.08820005  1306,6917.941999999999,95.439,541.0319999999998,538.581,0.0
52535.0,STARLINK-3958,PAYLOAD,2022-09-14 22:00:00,15.08827306,0.0001776999999999,53.2162,78.3407,57.8992,29.0492,0.0020640999999999,0.00032704,0.0,0 STARLINK-3958,1 52535U 22051C   22257.91667824  .00032704  00000-0  20641-2 0  9992,2 52535  53.2162  78.3407 0001777  57.8992  29.0492 15.08827306  1302,6917.919,95.438,541.014,538.555,0.0
52535.0,STARLINK-3958,PAYLOAD,2022-09-15 06:00:00,15.08835581,0.000161,53.2166,76.8419,60.8677,37.6839,-0.0012446,-0.00020039,0.0,0 STARLINK-3958,1 52535U 22051C   22258.25001157 -.00020039  00000-0 -12446-2 0  9995,2 52535  53.2166  76.8419 0001610  60.8677  37.6839 15.08835581 19563,6917.894,95.438,540.873,538.645,0.0
52535.0,STARLINK-3958,PAYLOAD,2022-09-15 14:00:01,15.0885522,0.0001664,53.2167,75.3394,63.3467,46.7823,-0.0028295,-0.00045057,0.0,0 STARLINK-3958,1 52535U 22051C   22258.58334491 -.00045057  00000-0 -28295-2 0  9997,2 52535  53.2167  75.3394 0001664  63.3467  46.7823 15.08855220  1303,6917.834,95.437,540.85,538.548,0.0
52535.0,STARLINK-3958,PAYLOAD,2022-09-15 16:00:00,15.08847881,0.0001678,53.2167,74.9729,60.2379,142.7901,-0.0010042999999999,-0.00016239,0.0,0 STARLINK-3958,1 52535U 22051C   22258.66667824 -.00016239  00000-0 -10043-2 0  9997,2 52535  53.2167  74.9729 0001678  60.2379 142.7901 15.08847881  1301,6917.856,95.437,540.882,538.56,0.0
52535.0,STARLINK-3958,PAYLOAD,2022-09-15 21:27:47,15.088440900000002,0.0001354,53.2184,73.9495,68.7302,291.3834,-1.3669e-05,-5.05e-06,0.0,0 STARLINK-3958,1 52535U 22051C   22258.89429904 -.00000505  00000-0 -13669-4 0  9995,2 52535  53.2184  73.9495 0001354  68.7302 291.3834 15.08844090 19662,6917.868,95.437,540.67,538.7959999999998,0.0
52535.0,STARLINK-3958,PAYLOAD,2022-09-16 05:24:42,15.08930244,6.26e-05,53.2187,72.4628,44.9469,315.1573,-0.0010967,-0.00017742,0.0,0 STARLINK-3958,1 52535U 22051C   22259.22548666 -.00017742  00000-0 -10967-2 0  9997,2 52535  53.2187  72.4628 0000626  44.9469 315.1573 15.08930244 19716,6917.605,95.432,539.903,539.0369999999998,0.0
52535.0,STARLINK-3958,PAYLOAD,2022-09-16 11:46:15,15.08833292,0.0001214,53.2187,71.2734,70.485,289.6273,0.00022058,3.224e-05,0.0,0 STARLINK-3958,1 52535U 22051C   22259.49045939  .00003224  00000-0  22058-3 0  9994,2 52535  53.2187  71.2734 0001214  70.4850 289.6273 15.08833292 19686,6917.901,95.438,540.606,538.9259999999998,0.0
52535.0,STARLINK-3958,PAYLOAD,2022-09-16 13:21:38,15.08833525,0.0001097,53.2187,70.9754,74.6883,285.423,0.00017856,2.555e-05,0.0,0 STARLINK-3958,1 52535U 22051C   22259.55669989  .00002555  00000-0  17856-3 0  9994,2 52535  53.2187  70.9754 0001097  74.6883 285.4230 15.08833525 19760,6917.9,95.438,540.524,539.006,0.0
52535.0,STARLINK-3958,PAYLOAD,2022-09-16 18:07:48,15.08832441,0.0001371,53.2184,70.0844,61.9006,298.2125,-1.7133000000000004e-06,-3.15e-06,0.0,0 STARLINK-3958,1 52535U 22051C   22259.75542690 -.00000315  00000-0 -17133-5 0  9999,2 52535  53.2184  70.0844 0001371  61.9006 298.2125 15.08832441 19793,6917.903,95.438,540.717,538.82,0.0
52535.0,STARLINK-3958,PAYLOAD,2022-09-17 06:50:53,15.08832854,0.0001521999999999,53.2183,67.7065,57.2305,302.8834,3.6149e-05,2.87e-06,0.0,0 STARLINK-3958,1 52535U 22051C   22260.28534652  .00000287  00000-0  36149-4 0  9991,2 52535  53.2183  67.7065 0001522  57.2305 302.8834 15.08832854 19807,6917.901999999999,95.438,540.82,538.714,0.0
52535.0,STARLINK-3958,PAYLOAD,2022-09-17 21:09:21,15.08841863,0.0001571999999999,53.2181,65.03,58.1853,301.9292,0.00011365,1.521e-05,0.0,0 STARLINK-3958,1 52535U 22051C   22260.88150111  .00001521  00000-0  11365-3 0  9995,2 52535  53.2181  65.0300 0001572  58.1853 301.9292 15.08841863 19966,6917.875,95.437,540.827,538.6519999999998,0.0
52535.0,STARLINK-3958,PAYLOAD,2022-09-18 11:27:50,15.08839359,0.0001610999999999,53.2181,62.3543,59.3979,300.7172,-1.412e-05,-5.13e-06,0.0,0 STARLINK-3958,1 52535U 22051C   22261.47766651 -.00000513  00000-0 -14120-4 0  9998,2 52535  53.2181  62.3543 0001611  59.3979 300.7172 15.08839359 20054,6917.882,95.438,540.862,538.633,0.0
52535.0,STARLINK-3958,PAYLOAD,2022-09-18 17:49:22,15.08839881,0.0001604,53.218,61.1651,66.8228,293.2933,2.779e-05,1.54e-06,0.0,0 STARLINK-3958,1 52535U 22051C   22261.74262505  .00000154  00000-0  27790-4 0  9993,2 52535  53.2180  61.1651 0001604  66.8228 293.2933 15.08839881 20020,6917.880999999999,95.438,540.855,538.636,0.0
52535.0,STARLINK-3958,PAYLOAD,2022-09-19 11:18:36,15.08843738,0.0001418,53.2186,57.893,56.7842,303.3286,9.902e-05,1.288e-05,0.0,0 STARLINK-3958,1 52535U 22051C   22262.47126090  .00001288  00000-0  99020-4 0  9996,2 52535  53.2186  57.8930 0001418  56.7842 303.3286 15.08843738 20133,6917.869000000002,95.437,540.715,538.753,0.0
52535.0,STARLINK-3958,PAYLOAD,2022-09-19 17:40:10,15.08832578,0.0001546,53.2183,56.7043,57.1404,302.9736,2.2099e-06,-2.53e-06,0.0,0 STARLINK-3958,1 52535U 22051C   22262.73623225 -.00000253  00000-0  22099-5 0  9992,2 52535  53.2183  56.7043 0001546  57.1404 302.9736 15.08832578 20173,6917.903,95.438,540.8380000000002,538.6990000000002,0.0
52535.0,STARLINK-3958,PAYLOAD,2022-09-20 09:34:01,15.08840612,0.0001579,53.2183,53.7302,56.5176,303.5967,0.00012547,1.709e-05,0.0,0 STARLINK-3958,1 52535U 22051C   22263.39862511  .00001709  00000-0  12547-3 0  9999,2 52535  53.2183  53.7302 0001579  56.5176 303.5967 15.08840612 20275,6917.879,95.438,540.836,538.651,0.0
52535.0,STARLINK-3958,PAYLOAD,2022-09-20 12:44:47,15.08841876,0.0001595,53.2183,53.1356,56.9555,303.159,0.00015472,2.175e-05,0.0,0 STARLINK-3958,1 52535U 22051C   22263.53110440  .00002175  00000-0  15472-3 0  9990,2 52535  53.2183  53.1356 0001595  56.9555 303.1590 15.08841876 20294,6917.875,95.437,540.8430000000002,538.636,0.0
52535.0,STARLINK-3958,PAYLOAD,2022-09-21 15:46:20,15.08842021,0.0001519,53.2183,48.0799,62.1748,297.9398,0.00013355,1.838e-05,0.0,0 STARLINK-3958,1 52535U 22051C   22264.65718554  .00001838  00000-0  13355-3 0  9997,2 52535  53.2183  48.0799 0001519  62.1748 297.9398 15.08842021 20465,6917.874,95.437,540.79,538.688,0.0
52535.0,STARLINK-3958,PAYLOAD,2022-09-22 12:26:21,15.08842294,0.0001367,53.2184,44.2127,80.5624,279.5522,3.006e-05,1.91e-06,0.0,0 STARLINK-3958,1 52535U 22051C   22265.51830887  .00000191  00000-0  30060-4 0  9991,2 52535  53.2184  44.2127 0001367  80.5624 279.5522 15.08842294 20666,6917.873000000001,95.437,540.684,538.793,0.0
52535.0,STARLINK-3958,PAYLOAD,2022-09-22 14:01:45,15.08838762,0.0001393,53.2193,43.9175,69.0588,291.0553,2.7354e-05,1.47e-06,0.0,0 STARLINK-3958,1 52535U 22051C   22265.58455153  .00000147  00000-0  27354-4 0  9990,2 52535  53.2193  43.9175 0001393  69.0588 291.0553 15.08838762 20607,6917.884,95.438,540.7130000000002,538.786,0.0
52535.0,STARLINK-3958,PAYLOAD,2022-09-22 15:37:08,15.08839432,0.0001384,53.2193,43.6203,58.9707,301.1421,1.1077e-05,-1.12e-06,0.0,0 STARLINK-3958,1 52535U 22051C   22265.65079147 -.00000112  00000-0  11077-4 0  9991,2 52535  53.2193  43.6203 0001384  58.9707 301.1421 15.08839432 20619,6917.882,95.438,540.705,538.79,0.0
52535.0,STARLINK-3958,PAYLOAD,2022-09-23 12:17:09,15.0883675,0.0001494,53.2191,39.7546,49.835,310.2772,2.0092e-05,3.2e-07,0.0,0 STARLINK-3958,1 52535U 22051C   22266.51191285  .00000032  00000-0  20092-4 0  9992,2 52535  53.2191  39.7546 0001494  49.8350 310.2772 15.08836750 20742,6917.89,95.438,540.789,538.722,0.0
52535.0,STARLINK-3958,PAYLOAD,2022-09-23 15:27:55,15.08838207,0.000152,53.2189,39.1598,51.8276,308.2853,3.018e-05,1.92e-06,0.0,0 STARLINK-3958,1 52535U 22051C   22266.64439168  .00000192  00000-0  30180-4 0  9997,2 52535  53.2189  39.1598 0001520  51.8276 308.2853 15.08838207 20836,6917.886,95.438,540.802,538.6990000000002,0.0
52535.0,STARLINK-3958,PAYLOAD,2022-09-24 13:43:20,15.08828656,0.0001575999999999,53.2188,34.9964,53.4,306.7137,2.0075e-05,3.1e-07,0.0,0 STARLINK-3958,1 52535U 22051C   22267.57176325  .00000031  00000-0  20075-4 0  9997,2 52535  53.2188  34.9964 0001576  53.4000 306.7137 15.08828656 20979,6917.915,95.438,540.87,538.69,0.0
52535.0,STARLINK-3958,PAYLOAD,2022-09-24 15:18:43,15.08833988,0.0001635,53.2188,34.6994,51.2823,308.8315,-2.6125e-05,-7.04e-06,0.0,0 STARLINK-3958,1 52535U 22051C   22267.63800173 -.00000704  00000-0 -26125-4 0  9990,2 52535  53.2188  34.6994 0001635  51.2823 308.8315 15.08833988 20913,6917.899,95.438,540.895,538.633,0.0
52535.0,STARLINK-3958,PAYLOAD,2022-09-25 11:58:42,15.0884606,0.0001506999999999,53.2189,30.8327,56.523,303.5906,0.00015451,2.172e-05,0.0,0 STARLINK-3958,1 52535U 22051C   22268.49910824  .00002172  00000-0  15451-3 0  9998,2 52535  53.2189  30.8327 0001507  56.5230 303.5906 15.08846060 21116,6917.861999999999,95.437,540.769,538.684,0.0
52535.0,STARLINK-3958,PAYLOAD,2022-09-25 15:09:29,15.08841468,0.0001771999999999,53.2188,30.2406,44.0714,316.0419,0.0001113,1.484e-05,0.0,0 STARLINK-3958,1 52535U 22051C   22268.63159337  .00001484  00000-0  11130-3 0  9993,2 52535  53.2188  30.2406 0001772  44.0714 316.0419 15.08841468 21069,6917.876,95.437,540.967,538.515,0.0
52535.0,STARLINK-3958,PAYLOAD,2022-09-26 10:14:08,15.08831456,0.0001616,53.2193,26.6705,50.5165,309.597,1.4720999999999992e-05,-5.4e-07,0.0,0 STARLINK-3958,1 52535U 22051C   22269.42648406 -.00000054  00000-0  14721-4 0  9994,2 52535  53.2193  26.6705 0001616  50.5165 309.5970 15.08831456 21251,6917.906999999997,95.438,540.889,538.654,0.0
52535.0,STARLINK-3958,PAYLOAD,2022-09-27 02:08:00,15.08787501,0.0001515,53.2187,23.6985,67.6719,292.4434,0.0008112,0.00012627,0.0,0 STARLINK-3958,1 52535U 22051C   22270.08889749  .00012627  00000-0  81120-3 0  9999,2 52535  53.2187  23.6985 0001515  67.6719 292.4434 15.08787501 21350,6918.041,95.441,540.9540000000002,538.8580000000002,0.0
52535.0,STARLINK-3958,PAYLOAD,2022-09-27 11:40:17,15.088387099999998,0.0001727,53.2185,21.9144,52.9197,307.1953,0.00010679,1.412e-05,0.0,0 STARLINK-3958,1 52535U 22051C   22270.48631677  .00001412  00000-0  10679-3 0  9999,2 52535  53.2185  21.9144 0001727  52.9197 307.1953 15.08838710 21414,6917.884,95.438,540.944,538.555,0.0
52535.0,STARLINK-3958,PAYLOAD,2022-09-28 11:31:03,15.088506699999998,0.0001339,53.2197,17.4523,51.5367,308.5745,0.0002026999999999,2.94e-05,0.0,0 STARLINK-3958,1 52535U 22051C   22271.47990209  .00002940  00000-0  20270-3 0  9993,2 52535  53.2197  17.4523 0001339  51.5367 308.5745 15.08850670 21560,6917.848000000001,95.437,540.639,538.786,0.0
52535.0,STARLINK-3958,PAYLOAD,2022-09-29 12:57:16,15.08819969,0.0001841,53.2176,12.6928,56.6626,303.4542,-9.6743e-05,-1.827e-05,0.0,0 STARLINK-3958,1 52535U 22051C   22272.53977229 -.00001827  00000-0 -96743-4 0  9992,2 52535  53.2176  12.6928 0001841  56.6626 303.4542 15.08819969 21650,6917.941999999999,95.439,541.08,538.533,0.0
52535.0,STARLINK-3958,PAYLOAD,2022-09-30 00:04:58,15.08829184,0.0001942,53.2199,10.6133,60.3314,299.7872,-0.00013599,-2.451e-05,0.0,0 STARLINK-3958,1 52535U 22051C   22273.00345157 -.00002451  00000-0 -13599-3 0  9995,2 52535  53.2199  10.6133 0001942  60.3314 299.7872 15.08829184 21797,6917.913000000001,95.438,541.122,538.435,0.0
52535.0,STARLINK-3958,PAYLOAD,2022-09-30 12:48:02,15.08842637,0.0001751999999999,53.2203,8.2369,38.037,322.0745,1.9494e-05,2.2e-07,0.0,0 STARLINK-3958,1 52535U 22051C   22273.53335884  .00000022  00000-0  19494-4 0  9990,2 52535  53.2203   8.2369 0001752  38.0370 322.0745 15.08842637 21876,6917.871999999999,95.437,540.9490000000002,538.525,0.0
52535.0,STARLINK-3958,PAYLOAD,2022-09-30 15:58:48,15.08843871,0.0001827,53.2191,7.6418,36.7239,323.3878,3.6298e-05,2.9e-06,0.0,0 STARLINK-3958,1 52535U 22051C   22273.66583811  .00000290  00000-0  36298-4 0  9997,2 52535  53.2191   7.6418 0001827  36.7239 323.3878 15.08843871 21829,6917.869000000002,95.437,540.997,538.47,0.0
52535.0,STARLINK-3958,PAYLOAD,2022-10-01 12:38:48,15.08862826,0.0001810999999999,53.2182,3.7762,43.0421,317.0712,0.00062038,9.605e-05,0.0,0 STARLINK-3958,1 52535U 22051C   22274.52694759  .00009605  00000-0  62038-3 0  9996,2 52535  53.2182   3.7762 0001811  43.0421 317.0712 15.08862826 22026,6917.811,95.436,540.928,538.423,0.0
52535.0,STARLINK-3958,PAYLOAD,2022-10-01 15:49:34,15.08859807,0.0001736,53.2192,3.1806,49.3054,310.8089,0.0005942,9.186e-05,0.0,0 STARLINK-3958,1 52535U 22051C   22274.65942778  .00009186  00000-0  59420-3 0  9992,2 52535  53.2192   3.1806 0001736  49.3054 310.8089 15.08859807 21973,6917.82,95.436,540.886,538.484,0.0
52535.0,STARLINK-3958,PAYLOAD,2022-10-02 12:29:35,15.08848391,0.0001817,53.2195,359.3152,49.0897,311.0252,4.9823e-05,5.05e-06,0.0,0 STARLINK-3958,1 52535U 22051C   22275.52055077  .00000505  00000-0  49823-4 0  9999,2 52535  53.2195 359.3152 0001817  49.0897 311.0252 15.08848391 22105,6917.855,95.437,540.977,538.4630000000002,0.0
52535.0,STARLINK-3958,PAYLOAD,2022-10-02 15:40:21,15.08849684,0.0001825,53.2195,358.7201,50.0759,310.0393,6.4054e-05,7.32e-06,0.0,0 STARLINK-3958,1 52535U 22051C   22275.65302943  .00000732  00000-0  64054-4 0  9995,2 52535  53.2195 358.7201 0001825  50.0759 310.0393 15.08849684 22124,6917.851,95.437,540.9780000000002,538.453,0.0
52535.0,STARLINK-3958,PAYLOAD,2022-10-03 12:20:21,15.08852903,0.0001805,53.2186,354.8551,44.4977,315.616,-5.516600000000003e-05,-1.166e-05,0.0,0 STARLINK-3958,1 52535U 22051C   22276.51414028 -.00001166  00000-0 -55166-4 0  9997,2 52535  53.2186 354.8551 0001805  44.4977 315.6160 15.08852903 22251,6917.840999999999,95.437,540.955,538.457,0.0
52535.0,STARLINK-3958,PAYLOAD,2022-10-03 15:31:07,15.08853424,0.0001769,53.2185,354.2604,42.6298,317.4831,-2.1212e-05,-6.26e-06,0.0,0 STARLINK-3958,1 52535U 22051C   22276.64661920 -.00000626  00000-0 -21212-4 0  9991,2 52535  53.2185 354.2604 0001769  42.6298 317.4831 15.08853424 22342,6917.839,95.437,540.928,538.481,0.0
52535.0,STARLINK-3958,PAYLOAD,2022-10-04 12:11:09,15.08841284,0.0001740999999999,53.2195,350.3953,48.4848,311.6293,8.674799999999999e-05,1.093e-05,0.0,0 STARLINK-3958,1 52535U 22051C   22277.50774315  .00001093  00000-0  86748-4 0  9992,2 52535  53.2195 350.3953 0001741  48.4848 311.6293 15.08841284 22475,6917.876,95.437,540.946,538.5369999999998,0.0
52535.0,STARLINK-3958,PAYLOAD,2022-10-05 04:05:01,15.088335699999998,0.0001807,53.2192,347.4216,45.757,314.3571,-5.3393e-05,-1.138e-05,0.0,0 STARLINK-3958,1 52535U 22051C   22278.17015165 -.00001138  00000-0 -53393-4 0  9999,2 52535  53.2192 347.4216 0001807  45.7570 314.3571 15.08833570 22575,6917.9,95.438,541.015,538.515,0.0
52535.0,STARLINK-3958,PAYLOAD,2022-10-05 10:26:33,15.08830645,0.0001838,53.219,346.2321,44.3195,315.7944,-6.2811e-05,-1.287e-05,0.0,0 STARLINK-3958,1 52535U 22051C   22278.43511478 -.00001287  00000-0 -62811-4 0  9996,2 52535  53.2190 346.2321 0001838  44.3195 315.7944 15.08830645 22545,6917.909000000002,95.438,541.045,538.502,0.0
52535.0,STARLINK-3958,PAYLOAD,2022-10-06 11:52:44,15.08832306,0.000186,53.2191,341.4753,37.1428,322.9693,9.5861e-05,1.238e-05,0.0,0 STARLINK-3958,1 52535U 22051C   22279.49495560  .00001238  00000-0  95861-4 0  9991,2 52535  53.2191 341.4753 0001860  37.1428 322.9693 15.08832306 22701,6917.904,95.438,541.056,538.482,0.0
52535.0,STARLINK-3958,PAYLOAD,2022-10-06 21:25:02,15.08842439,0.0001896,53.2187,339.6902,42.1584,317.9554,0.00014314,1.991e-05,0.0,0 STARLINK-3958,1 52535U 22051C   22279.89238892  .00001991  00000-0  14314-3 0  9997,2 52535  53.2187 339.6902 0001896  42.1584 317.9554 15.08842439 22831,6917.873000000001,95.437,541.05,538.4259999999998,0.0
52535.0,STARLINK-3958,PAYLOAD,2022-10-07 10:08:08,15.08833713,0.0001720999999999,53.2179,337.3095,47.8829,312.2309,0.00014692,2.051e-05,0.0,0 STARLINK-3958,1 52535U 22051C   22280.42231647  .00002051  00000-0  14692-3 0  9996,2 52535  53.2179 337.3095 0001721  47.8829 312.2309 15.08833713 22843,6917.9,95.438,540.955,538.5740000000002,0.0
52535.0,STARLINK-3958,PAYLOAD,2022-10-07 21:15:50,15.08832833,0.0002012,53.2188,335.2303,40.8806,319.2337,0.00023379,3.434e-05,0.0,0 STARLINK-3958,1 52535U 22051C   22280.88599801  .00003434  00000-0  23379-3 0  9993,2 52535  53.2188 335.2303 0002012  40.8806 319.2337 15.08832833 22912,6917.901999999999,95.438,541.159,538.375,0.0
52535.0,STARLINK-3958,PAYLOAD,2022-10-08 09:58:53,15.08911324,0.000184,53.2187,332.8514,18.2902,341.8156,-0.0011424,-0.00018459,0.0,0 STARLINK-3958,1 52535U 22051C   22281.41589508 -.00018459  00000-0 -11424-2 0  9998,2 52535  53.2187 332.8514 0001840  18.2902 341.8156 15.08911324 22993,6917.6619999999975,95.433,540.8,538.255,0.0
52535.0,STARLINK-3958,PAYLOAD,2022-10-09 03:28:10,15.08838328,0.0001771,53.2185,329.5783,46.9921,313.122,5.2321e-05,5.45e-06,0.0,0 STARLINK-3958,1 52535U 22051C   22282.14456025  .00000545  00000-0  52321-4 0  9994,2 52535  53.2185 329.5783 0001771  46.9921 313.1220 15.08838328 23171,6917.885,95.438,540.976,538.525,0.0
52535.0,STARLINK-3958,PAYLOAD,2022-10-09 09:49:42,15.08837715,0.0001915,53.2188,328.3916,40.629,319.4845,6.0446e-05,6.74e-06,0.0,0 STARLINK-3958,1 52535U 22051C   22282.40952198  .00000674  00000-0  60446-4 0  9995,2 52535  53.2188 328.3916 0001915  40.6290 319.4845 15.08837715 23147,6917.887,95.438,541.077,538.428,0.0
52535.0,STARLINK-3958,PAYLOAD,2022-10-10 06:29:43,15.08840621,0.0001975,53.2193,324.5267,40.2133,319.9005,0.00012816,1.752e-05,0.0,0 STARLINK-3958,1 52535U 22051C   22283.27063878  .00001752  00000-0  12816-3 0  9994,2 52535  53.2193 324.5267 0001975  40.2133 319.9005 15.08840621 23343,6917.878000000002,95.438,541.11,538.377,0.0
52535.0,STARLINK-3958,PAYLOAD,2022-10-10 11:15:53,15.08831441,0.0001906,53.2183,323.6321,42.1836,317.9303,0.00011329,1.515e-05,0.0,0 STARLINK-3958,1 52535U 22051C   22283.46936530  .00001515  00000-0  11329-3 0  9994,2 52535  53.2183 323.6321 0001906  42.1836 317.9303 15.08831441 23303,6917.906999999997,95.438,541.09,538.453,0.0
52535.0,STARLINK-3958,PAYLOAD,2022-10-10 19:12:48,15.08834716,0.0001876999999999,53.2182,322.1455,39.9336,320.1794,0.00012844,1.756e-05,0.0,0 STARLINK-3958,1 52535U 22051C   22283.80056355  .00001756  00000-0  12844-3 0  9990,2 52535  53.2182 322.1455 0001877  39.9336 320.1794 15.08834716 23353,6917.897,95.438,541.06,538.4630000000002,0.0
52535.0,STARLINK-3958,PAYLOAD,2022-10-11 07:55:54,15.08829782,0.0002026999999999,53.2201,319.7697,46.1579,313.958,-1.6228e-05,-5.46e-06,0.0,0 STARLINK-3958,1 52535U 22051C   22284.33049378 -.00000546  00000-0 -16228-4 0  9995,2 52535  53.2201 319.7697 0002027  46.1579 313.9580 15.08829782 23431,6917.9119999999975,95.438,541.179,538.374,0.0
52535.0,STARLINK-3958,PAYLOAD,2022-10-11 14:17:27,15.08832638,0.0001905,53.2194,318.5766,43.9296,316.1847,-2.3219e-05,-6.58e-06,0.0,0 STARLINK-3958,1 52535U 22051C   22284.59545337 -.00000658  00000-0 -23219-4 0  9991,2 52535  53.2194 318.5766 0001905  43.9296 316.1847 15.08832638 23470,6917.903,95.438,541.086,538.45,0.0
52535.0,STARLINK-3958,PAYLOAD,2022-10-12 12:32:51,15.08823179,0.0002019,53.2182,314.4146,39.4042,320.7097,-1.2416e-05,-4.86e-06,0.0,0 STARLINK-3958,1 52535U 22051C   22285.52282306 -.00000486  00000-0 -12416-4 0  9995,2 52535  53.2182 314.4146 0002019  39.4042 320.7097 15.08823179 23614,6917.932,95.439,541.194,538.4,0.0
52535.0,STARLINK-3958,PAYLOAD,2022-10-13 04:26:43,15.08826396,0.000176,53.2188,311.4403,38.9641,321.1478,8.2296e-05,1.021e-05,0.0,0 STARLINK-3958,1 52535U 22051C   22286.18522237  .00001021  00000-0  82296-4 0  9995,2 52535  53.2188 311.4403 0001760  38.9641 321.1478 15.08826396 23784,6917.922,95.438,541.005,538.569,0.0
52535.0,STARLINK-3958,PAYLOAD,2022-10-13 10:48:15,15.08836551,0.0002064,53.2183,310.2524,37.9831,322.1307,0.00011598,1.558e-05,0.0,0 STARLINK-3958,1 52535U 22051C   22286.45017784  .00001558  00000-0  11598-3 0  9992,2 52535  53.2183 310.2524 0002064  37.9831 322.1307 15.08836551 23751,6917.891,95.438,541.184,538.328,0.0
52535.0,STARLINK-3958,PAYLOAD,2022-10-13 18:45:11,15.08831719,0.0001993,53.218,308.7653,41.6538,318.4606,6.2759e-05,7.11e-06,0.0,0 STARLINK-3958,1 52535U 22051C   22286.78138369  .00000711  00000-0  62759-4 0  9997,2 52535  53.2180 308.7653 0001993  41.6538 318.4606 15.08831719 23873,6917.906,95.438,541.149,538.3919999999998,0.0
52535.0,STARLINK-3958,PAYLOAD,2022-10-14 05:52:52,15.08844215,0.000187,53.2182,306.6831,38.9514,321.1612,0.00011235,1.501e-05,0.0,0 STARLINK-3958,1 52535U 22051C   22287.24505477  .00001501  00000-0  11235-3 0  9997,2 52535  53.2182 306.6831 0001870  38.9514 321.1612 15.08844215 23948,6917.868,95.437,541.026,538.439,0.0
52535.0,STARLINK-3958,PAYLOAD,2022-10-14 10:39:02,15.08842652,0.0001955999999999,53.2188,305.7924,41.8829,318.2312,0.00011263,1.505e-05,0.0,0 STARLINK-3958,1 52535U 22051C   22287.44377722  .00001505  00000-0  11263-3 0  9994,2 52535  53.2188 305.7924 0001956  41.8829 318.2312 15.08842652 23907,6917.871999999999,95.437,541.09,538.384,0.0
52535.0,STARLINK-3958,PAYLOAD,2022-10-14 18:35:57,15.08845081,0.000198,53.2187,304.3053,41.3261,318.788,0.00011853,1.599e-05,0.0,0 STARLINK-3958,1 52535U 22051C   22287.77497479  .00001599  00000-0  11853-3 0  9990,2 52535  53.2187 304.3053 0001980  41.3261 318.7880 15.08845081 23955,6917.865,95.437,541.1,538.36,0.0
52535.0,STARLINK-3958,PAYLOAD,2022-10-15 07:19:02,15.08846501,0.0001778,53.219,301.9252,49.0556,311.059,7.0783e-05,8.39e-06,0.0,0 STARLINK-3958,1 52535U 22051C   22288.30489349  .00000839  00000-0  70783-4 0  9991,2 52535  53.2190 301.9252 0001778  49.0556 311.0590 15.08846501 24100,6917.861,95.437,540.956,538.496,0.0
52535.0,STARLINK-3958,PAYLOAD,2022-10-16 11:56:00,15.08830298,0.0002028,53.2175,296.5736,38.0794,322.0341,-7.4366e-05,-1.471e-05,0.0,0 STARLINK-3958,1 52535U 22051C   22289.49722307 -.00001471  00000-0 -74366-4 0  9992,2 52535  53.2175 296.5736 0002028  38.0794 322.0341 15.08830298 24281,6917.91,95.438,541.178,538.372,0.0
52535.0,STARLINK-3958,PAYLOAD,2022-10-17 00:39:05,15.08830166,0.0001854,53.2187,294.1925,42.8141,317.2995,-0.00011199,-2.07e-05,0.0,0 STARLINK-3958,1 52535U 22051C   22290.02714630 -.00002070  00000-0 -11199-3 0  9993,2 52535  53.2187 294.1925 0001854  42.8141 317.2995 15.08830166 24299,6917.91,95.438,541.058,538.493,0.0
52535.0,STARLINK-3958,PAYLOAD,2022-10-18 03:40:38,15.08810956,0.0002150999999999,53.2176,289.1381,49.9732,310.1448,0.00048596,7.448e-05,0.0,0 STARLINK-3958,1 52535U 22051C   22291.15322177  .00007448  00000-0  48596-3 0  9992,2 52535  53.2176 289.1381 0002151  49.9732 310.1448 15.08810956 24539,6917.969,95.439,541.322,538.346,0.0
52535.0,STARLINK-3958,PAYLOAD,2022-10-18 05:16:02,15.08774541,0.0002303,53.2178,288.8406,50.1366,309.9828,0.00099343,0.0001553,0.0,0 STARLINK-3958,1 52535U 22051C   22291.21947305  .00015530  00000-0  99343-3 0  9992,2 52535  53.2178 288.8406 0002303  50.1366 309.9828 15.08774541 24549,6918.08,95.442,541.539,538.352,0.0
52535.0,STARLINK-3958,PAYLOAD,2022-10-18 16:23:44,15.08822394,0.0002099,53.2171,286.76,41.0364,319.0786,8.0582e-05,9.94e-06,0.0,0 STARLINK-3958,1 52535U 22051C   22291.68315168  .00000994  00000-0  80582-4 0  9993,2 52535  53.2171 286.7600 0002099  41.0364 319.0786 15.08822394 24549,6917.934,95.439,541.251,538.347,0.0
52535.0,STARLINK-3958,PAYLOAD,2022-10-19 09:52:58,15.0884147,0.0002028,53.2174,283.4890000000001,39.2285,320.8854,6.4942e-05,7.46e-06,0.0,0 STARLINK-3958,1 52535U 22051C   22292.41178391  .00000746  00000-0  64942-4 0  9997,2 52535  53.2174 283.4890 0002028  39.2285 320.8854 15.08841470 24654,6917.876,95.437,541.144,538.3380000000002,0.0
52535.0,STARLINK-3958,PAYLOAD,2022-10-20 08:08:22,15.08841364,0.0002000999999999,53.2181,279.3263,42.9365,317.1783,0.00010502,1.384e-05,0.0,0 STARLINK-3958,1 52535U 22051C   22293.33914390  .00001384  00000-0  10502-3 0  9997,2 52535  53.2181 279.3263 0002001  42.9365 317.1783 15.08841364 24798,6917.876,95.437,541.125,538.357,0.0
52535.0,STARLINK-3958,PAYLOAD,2022-10-21 07:59:09,15.08843754,0.000199,53.218,274.8656,42.9463,317.1685,6.8946e-05,8.09e-06,0.0,0 STARLINK-3958,1 52535U 22051C   22294.33274335  .00000809  00000-0  68946-4 0  9993,2 52535  53.2180 274.8656 0001990  42.9463 317.1685 15.08843754 24941,6917.869000000002,95.437,541.111,538.357,0.0
52535.0,STARLINK-3958,PAYLOAD,2022-10-21 15:56:04,15.08847595,0.0002016,53.2179,273.3787,42.3813,317.7334,7.708199999999999e-05,9.39e-06,0.0,0 STARLINK-3958,1 52535U 22051C   22294.66393941  .00000939  00000-0  77082-4 0  9999,2 52535  53.2179 273.3787 0002016  42.3813 317.7334 15.08847595 25069,6917.857,95.437,541.117,538.328,0.0
52535.0,STARLINK-3958,PAYLOAD,2022-10-22 04:39:09,15.08841146,0.0001955999999999,53.2181,271.0,45.3379,314.7772,5.389899999999999e-05,5.700000000000001e-06,0.0,0 STARLINK-3958,1 52535U 22051C   22295.19386335  .00000570  00000-0  53899-4 0  9998,2 52535  53.2181 271.0000 0001956  45.3379 314.7772 15.08841146 25145,6917.877,95.437,541.095,538.389,0.0
52535.0,STARLINK-3958,PAYLOAD,2022-10-22 11:00:41,15.08846441,0.0001946,53.218,269.8102,43.8643,316.2504,9.1219e-05,1.164e-05,0.0,0 STARLINK-3958,1 52535U 22051C   22295.45881848  .00001164  00000-0  91219-4 0  9994,2 52535  53.2180 269.8102 0001946  43.8643 316.2504 15.08846441 25118,6917.861,95.437,541.072,538.379,0.0
52535.0,STARLINK-3958,PAYLOAD,2022-10-22 15:46:51,15.08845618,0.0001966999999999,53.2178,268.9175,41.5594,318.5547,6.367e-05,7.25e-06,0.0,0 STARLINK-3958,1 52535U 22051C   22295.65753905  .00000725  00000-0  63670-4 0  9990,2 52535  53.2178 268.9175 0001967  41.5594 318.5547 15.08845618 25148,6917.863,95.437,541.089,538.367,0.0
52535.0,STARLINK-3958,PAYLOAD,2022-10-23 04:29:56,15.08848683,0.0001974,53.2178,266.539,42.0369,318.0774,0.00010825,1.435e-05,0.0,0 STARLINK-3958,1 52535U 22051C   22296.18745449  .00001435  00000-0  10825-3 0  9995,2 52535  53.2178 266.5390 0001974  42.0369 318.0774 15.08848683 25293,6917.854,95.437,541.0840000000002,538.3530000000002,0.0
52535.0,STARLINK-3958,PAYLOAD,2022-10-23 15:37:37,15.08855801,0.0001955,53.218,264.4571,43.125,316.9895,0.00012961,1.776e-05,0.0,0 STARLINK-3958,1 52535U 22051C   22296.65112632  .00001776  00000-0  12961-3 0  9990,2 52535  53.2180 264.4571 0001955  43.1250 316.9895 15.08855801 25295,6917.831999999999,95.437,541.05,538.345,0.0
52535.0,STARLINK-3958,PAYLOAD,2022-10-24 04:20:42,15.08841204,0.0001793,53.2189,262.0806,25.5841,334.5239,7.3045e-05,8.75e-06,0.0,0 STARLINK-3958,1 52535U 22051C   22297.18105292  .00000875  00000-0  73045-4 0  9993,2 52535  53.2189 262.0806 0001793  25.5841 334.5239 15.08841204 25446,6917.877,95.437,540.982,538.501,0.0
52535.0,STARLINK-3958,PAYLOAD,2022-10-24 07:31:29,15.08841989,0.0001949,53.2178,261.4841,40.5015,319.6122,1.9495e-05,2.2e-07,0.0,0 STARLINK-3958,1 52535U 22051C   22297.31353426  .00000022  00000-0  19495-4 0  9995,2 52535  53.2178 261.4841 0001949  40.5015 319.6122 15.08841989 25398,6917.874,95.437,541.0880000000002,538.391,0.0
52535.0,STARLINK-3958,PAYLOAD,2022-10-25 04:11:32,15.08820163,0.0001844999999999,53.2178,257.6183,43.5976,316.5162,-0.00012921,-2.343e-05,0.0,0 STARLINK-3958,1 52535U 22051C   22298.17467858 -.00002343  00000-0 -12921-3 0  9991,2 52535  53.2178 257.6183 0001845  43.5976 316.5162 15.08820163 25591,6917.941,95.439,541.082,538.53,0.0
52535.0,STARLINK-3958,PAYLOAD,2022-10-25 07:22:17,15.08838885,0.0001979,53.2187,257.0242,41.7503,318.3640000000001,-1.7375e-05,-5.65e-06,0.0,0 STARLINK-3958,1 52535U 22051C   22298.30714483 -.00000565  00000-0 -17375-4 0  9998,2 52535  53.2187 257.0242 0001979  41.7503 318.3640 15.08838885 25541,6917.884,95.438,541.118,538.38,0.0
52535.0,STARLINK-3958,PAYLOAD,2022-10-26 07:13:04,15.0883057,0.000199,53.2179,252.5635,39.8445,320.2693,6.7344e-05,7.84e-06,0.0,0 STARLINK-3958,1 52535U 22051C   22299.30074980  .00000784  00000-0  67344-4 0  9992,2 52535  53.2179 252.5635 0001990  39.8445 320.2693 15.08830570 25761,6917.909000000002,95.438,541.151,538.398,0.0
52535.0,STARLINK-3958,PAYLOAD,2022-10-26 13:34:37,15.08835888,0.0001983,53.2178,251.3745,39.3185,320.7951,0.00010879,1.443e-05,0.0,0 STARLINK-3958,1 52535U 22051C   22299.56570711  .00001443  00000-0  10879-3 0  9996,2 52535  53.2178 251.3745 0001983  39.3185 320.7951 15.08835888 25733,6917.893,95.438,541.13,538.386,0.0
52535.0,STARLINK-3958,PAYLOAD,2022-10-27 05:28:29,15.08834088,0.0002204,53.2175,248.3991,30.8561,329.256,0.00014355,1.997e-05,0.0,0 STARLINK-3958,1 52535U 22051C   22300.22811386  .00001997  00000-0  14355-3 0  9995,2 52535  53.2175 248.3991 0002204  30.8561 329.2560 15.08834088 25832,6917.898,95.438,541.288,538.239,0.0
52535.0,STARLINK-3958,PAYLOAD,2022-10-27 13:25:24,15.08842562,0.0001966999999999,53.2182,246.9145,43.0472,317.0674,0.00011895,1.606e-05,0.0,0 STARLINK-3958,1 52535U 22051C   22300.55931018  .00001606  00000-0  11895-3 0  9999,2 52535  53.2182 246.9145 0001967  43.0472 317.0674 15.08842562 25889,6917.873000000001,95.437,541.0980000000002,538.377,0.0
52535.0,STARLINK-3958,PAYLOAD,2022-10-28 05:19:15,15.08847287,0.0002011,53.2174,243.9399,41.5488,318.5657,0.00016932,2.408e-05,0.0,0 STARLINK-3958,1 52535U 22051C   22301.22170639  .00002408  00000-0  16932-3 0  9996,2 52535  53.2174 243.9399 0002011  41.5488 318.5657 15.08847287 25986,6917.858,95.437,541.114,538.332,0.0
52535.0,STARLINK-3958,PAYLOAD,2022-10-29 03:34:38,15.08851029,0.0002131999999999,53.2176,239.777,43.0898,317.0261,2.8343000000000013e-05,1.63e-06,0.0,0 STARLINK-3958,1 52535U 22051C   22302.14905961  .00000163  00000-0  28343-4 0  9998,2 52535  53.2176 239.7770 0002132  43.0898 317.0261 15.08851029 26198,6917.847,95.437,541.187,538.237,0.0
52535.0,STARLINK-3958,PAYLOAD,2022-10-29 19:28:29,15.0885434,0.0002073999999999,53.2176,236.804,45.1133,315.0027,0.00016007,2.261e-05,0.0,0 STARLINK-3958,1 52535U 22051C   22302.81145438  .00002261  00000-0  16007-3 0  9991,2 52535  53.2176 236.8040 0002074  45.1133 315.0027 15.08854340 26227,6917.837,95.437,541.136,538.2669999999998,0.0
52535.0,STARLINK-3958,PAYLOAD,2022-10-30 05:00:48,15.08850649,0.0001968,53.2169,235.0205,46.9944,313.1213,6.8817e-05,8.08e-06,0.0,0 STARLINK-3958,1 52535U 22051C   22303.20889171  .00000808  00000-0  68817-4 0  9996,2 52535  53.2169 235.0205 0001968  46.9944 313.1213 15.08850649 26283,6917.848000000001,95.437,541.0740000000002,538.351,0.0
52535.0,STARLINK-3958,PAYLOAD,2022-10-30 19:19:16,15.08841168,0.0001901,53.217,232.3429,48.7091,311.4065,-3.232e-05,-8.03e-06,0.0,0 STARLINK-3958,1 52535U 22051C   22303.80505520 -.00000803  00000-0 -32320-4 0  9992,2 52535  53.2170 232.3429 0001901  48.7091 311.4065 15.08841168 26375,6917.877,95.437,541.057,538.427,0.0
52535.0,STARLINK-3958,PAYLOAD,2022-10-31 06:26:59,15.08826472,0.0002018,53.217,230.2618,43.5615,316.5536,-0.00016254,-2.873e-05,0.0,0 STARLINK-3958,1 52535U 22051C   22304.26874440 -.00002873  00000-0 -16254-3 0  9999,2 52535  53.2170 230.2618 0002018  43.5615 316.5536 15.08826472 26445,6917.922,95.438,541.183,538.391,0.0
52535.0,STARLINK-3958,PAYLOAD,2022-10-31 19:10:04,15.08838677,0.000197,53.2168,227.8834,41.1143,318.9997,0.00017894,2.561e-05,0.0,0 STARLINK-3958,1 52535U 22051C   22304.79866393  .00002561  00000-0  17894-3 0  9998,2 52535  53.2168 227.8834 0001970  41.1143 318.9997 15.08838677 26526,6917.884,95.438,541.112,538.387,0.0
52535.0,STARLINK-3958,PAYLOAD,2022-11-01 06:17:46,15.08839878,0.0002154999999999,53.2168,225.802,46.1795,313.9375,0.00043402,6.626e-05,0.0,0 STARLINK-3958,1 52535U 22051C   22305.26234870  .00006626  00000-0  43402-3 0  9990,2 52535  53.2168 225.8020 0002155  46.1795 313.9375 15.08839878 26591,6917.880999999999,95.438,541.237,538.255,0.0
52535.0,STARLINK-3958,PAYLOAD,2022-11-01 19:00:52,15.08838267,0.0002169,53.217,223.4231,45.1571,314.9597,0.00032436,4.878e-05,0.0,0 STARLINK-3958,1 52535U 22051C   22305.79227146  .00004878  00000-0  32436-3 0  9998,2 52535  53.2170 223.4231 0002169  45.1571 314.9597 15.08838267 26675,6917.886,95.438,541.251,538.25,0.0
52535.0,STARLINK-3958,PAYLOAD,2022-11-02 04:33:10,15.08847765,0.0002289,53.2176,221.6416,28.7964,331.3154,0.00040937,6.234e-05,0.0,0 STARLINK-3958,1 52535U 22051C   22306.18970939  .00006234  00000-0  40937-3 0  9990,2 52535  53.2176 221.6416 0002289  28.7964 331.3154 15.08847765 26734,6917.857,95.437,541.305,538.138,0.0
52535.0,STARLINK-3958,PAYLOAD,2022-11-03 02:48:35,15.08834084,0.0002051,53.2173,217.4761,45.8189,314.2971,-1.5415e-05,-5.34e-06,0.0,0 STARLINK-3958,1 52535U 22051C   22307.11707688 -.00000534  00000-0 -15415-4 0  9996,2 52535  53.2173 217.4761 0002051  45.8189 314.2971 15.08834084 26943,6917.898,95.438,541.182,538.345,0.0
52535.0,STARLINK-3958,PAYLOAD,2022-11-04 02:39:20,15.08868519,0.0002056,53.2169,213.0157,45.8256,314.2905,0.00054327,8.375e-05,0.0,0 STARLINK-3958,1 52535U 22051C   22308.11065910  .00008375  00000-0  54327-3 0  9995,2 52535  53.2169 213.0157 0002056  45.8256 314.2905 15.08868519 27093,6917.793000000002,95.436,541.081,538.236,0.0
52535.0,STARLINK-3958,PAYLOAD,2022-11-04 10:36:16,15.08864526,0.0002067,53.2166,211.5274,41.713,318.4019,0.00042633,6.508e-05,0.0,0 STARLINK-3958,1 52535U 22051C   22308.44185635  .00006508  00000-0  42633-3 0  9991,2 52535  53.2166 211.5274 0002067  41.7130 318.4019 15.08864526 27143,6917.805,95.436,541.1,538.241,0.0
52535.0,STARLINK-3958,PAYLOAD,2022-11-04 18:33:12,15.08853847,0.0002002,53.2168,210.0402,38.8382,321.2754,-0.00010279,-1.924e-05,0.0,0 STARLINK-3958,1 52535U 22051C   22308.77305585 -.00001924  00000-0 -10279-3 0  9995,2 52535  53.2168 210.0402 0002002  38.8382 321.2754 15.08853847 27194,6917.8380000000025,95.437,541.0880000000002,538.318,0.0
52535.0,STARLINK-3958,PAYLOAD,2022-11-04 20:08:34,15.08855997,0.000187,53.2175,209.7439,37.7859,322.3264,-0.00013424,-2.425e-05,0.0,0 STARLINK-3958,1 52535U 22051C   22308.83929333 -.00002425  00000-0 -13424-3 0  9997,2 52535  53.2175 209.7439 0001870  37.7859 322.3264 15.08855997 27136,6917.831,95.437,540.99,538.403,0.0
52535.0,STARLINK-3958,PAYLOAD,2022-11-05 04:05:30,15.08850436,0.0001895,53.2174,208.2573,38.6198,321.493,8.3123e-05,1.035e-05,0.0,0 STARLINK-3958,1 52535U 22051C   22309.17049333  .00001035  00000-0  83123-4 0  9996,2 52535  53.2174 208.2573 0001895  38.6198 321.4930 15.08850436 27189,6917.848000000001,95.437,541.024,538.403,0.0
52535.0,STARLINK-3958,PAYLOAD,2022-11-05 16:48:37,15.08812778,0.0001739,53.217,205.8758,51.4028,308.712,-0.00027259,-4.620000000000001e-05,0.0,0 STARLINK-3958,1 52535U 22051C   22309.70042911 -.00004620  00000-0 -27259-3 0  9992,2 52535  53.2170 205.8758 0001739  51.4028 308.7120 15.08812778 27338,6917.964,95.439,541.0319999999998,538.626,0.0
52535.0,STARLINK-3958,PAYLOAD,2022-11-06 10:17:52,15.08818008,0.0001928,53.2186,202.6046,51.2406,308.8758,9.5447e-05,1.23e-05,0.0,0 STARLINK-3958,1 52535U 22051C   22310.42908557  .00001230  00000-0  95447-4 0  9997,2 52535  53.2186 202.6046 0001928  51.2406 308.8758 15.08818008 27372,6917.948,95.439,541.146,538.479,0.0
52535.0,STARLINK-3958,PAYLOAD,2022-11-06 21:25:35,15.08829845,0.0001846,53.2185,200.5241,49.5058,310.6095,0.00075531,0.0001175,0.0,0 STARLINK-3958,1 52535U 22051C   22310.89277101  .00011750  00000-0  75531-3 0  9991,2 52535  53.2185 200.5241 0001846  49.5058 310.6095 15.08829845 27519,6917.911,95.438,541.053,538.499,0.0
52535.0,STARLINK-3958,PAYLOAD,2022-11-07 10:08:40,15.08856386,0.0001967,53.2178,198.1463,48.5262,311.5899,0.001117,0.00017542,0.0,0 STARLINK-3958,1 52535U 22051C   22311.42268893  .00017542  00000-0  11170-2 0  9992,2 52535  53.2178 198.1463 0001967  48.5262 311.5899 15.08856386 27599,6917.83,95.437,541.056,538.335,0.0
52535.0,STARLINK-3958,PAYLOAD,2022-11-08 02:02:31,15.08872349,0.0001571,53.2178,195.1725,36.7037,323.4063,0.0014218,0.00022432,0.0,0 STARLINK-3958,1 52535U 22051C   22312.08508498  .00022432  00000-0  14218-2 0  9993,2 52535  53.2178 195.1725 0001571  36.7037 323.4063 15.08872349 27690,6917.781999999997,95.436,540.7330000000002,538.56,0.0
52535.0,STARLINK-3958,PAYLOAD,2022-11-08 19:31:44,15.08880959,0.000204,53.2166,191.9028,47.2107,312.9056,0.0010408,0.00016334,0.0,0 STARLINK-3958,1 52535U 22051C   22312.81371308  .00016334  00000-0  10408-2 0  9993,2 52535  53.2166 191.9028 0002040  47.2107 312.9056 15.08880959 27730,6917.755,95.435,541.031,538.2090000000002,0.0
52535.0,STARLINK-3958,PAYLOAD,2022-11-09 01:53:16,15.088800199999998,0.0002159,53.2167,190.71400000000003,46.7408,313.3764,0.00065997,0.00010242,0.0,0 STARLINK-3958,1 52535U 22051C   22313.07866680  .00010242  00000-0  65997-3 0  9990,2 52535  53.2167 190.7140 0002159  46.7408 313.3764 15.08880020 27844,6917.7580000000025,95.435,541.117,538.13,0.0
52535.0,STARLINK-3958,PAYLOAD,2022-11-09 20:57:55,15.08817825,0.0001972,53.2171,187.1448,44.3388,315.7762,-0.00095582,-0.00015459,0.0,0 STARLINK-3958,1 52535U 22051C   22313.87355566 -.00015459  00000-0 -95582-3 0  9994,2 52535  53.2171 187.1448 0001972  44.3388 315.7762 15.08817825 27963,6917.948,95.439,541.177,538.4490000000002,0.0
52535.0,STARLINK-3958,PAYLOAD,2022-11-10 08:05:38,15.08805848,0.0002107,53.2168,185.0643,44.0777,316.0383,-0.00053871,-8.844e-05,0.0,0 STARLINK-3958,1 52535U 22051C   22314.33724848 -.00008844  00000-0 -53871-3 0  9994,2 52535  53.2168 185.0643 0002107  44.0777 316.0383 15.08805848 27968,6917.985,95.44,541.307,538.3919999999998,0.0
52535.0,STARLINK-3958,PAYLOAD,2022-11-10 20:48:44,15.08805909,0.000209,53.2167,182.6852,44.8397,315.2763,0.00028686,4.276e-05,0.0,0 STARLINK-3958,1 52535U 22051C   22314.86718411  .00004276  00000-0  28686-3 0  9990,2 52535  53.2167 182.6852 0002090  44.8397 315.2763 15.08805909 28040,6917.985,95.44,541.295,538.404,0.0
52535.0,STARLINK-3958,PAYLOAD,2022-11-11 01:34:54,15.08809136,0.0002128,53.2166,181.7932,44.2255,315.8907,0.00070976,0.00011016,0.0,0 STARLINK-3958,1 52535U 22051C   22315.06591049  .00011016  00000-0  70976-3 0  9998,2 52535  53.2166 181.7932 0002128  44.2255 315.8907 15.08809136 28140,6917.975,95.44,541.312,538.368,0.0
52535.0,STARLINK-3958,PAYLOAD,2022-11-11 07:56:27,15.08814221,0.0002123,53.2164,180.6039,44.8125,315.3038,0.00063075,9.758e-05,0.0,0 STARLINK-3958,1 52535U 22051C   22315.33087484  .00009758  00000-0  63075-3 0  9993,2 52535  53.2164 180.6039 0002123  44.8125 315.3038 15.08814221 28119,6917.959,95.439,541.293,538.356,0.0
52535.0,STARLINK-3958,PAYLOAD,2022-11-11 20:39:32,15.08838942,0.0002119,53.2161,178.2252,45.6326,314.4839,0.0010509,0.00016476,0.0,0 STARLINK-3958,1 52535U 22051C   22315.86079723  .00016476  00000-0  10509-2 0  9996,2 52535  53.2161 178.2252 0002119  45.6326 314.4839 15.08838942 28264,6917.884,95.438,541.215,538.283,0.0
52535.0,STARLINK-3958,PAYLOAD,2022-11-11 22:14:56,15.08841742,0.0002114,53.2161,177.9278,45.6879,314.4286,0.0010875,0.00017063,0.0,0 STARLINK-3958,1 52535U 22051C   22315.92703713  .00017063  00000-0  10875-2 0  9995,2 52535  53.2161 177.9278 0002114  45.6879 314.4286 15.08841742 28208,6917.875,95.437,541.203,538.278,0.0
52535.0,STARLINK-3958,PAYLOAD,2022-11-11 23:50:18,15.08854995,0.0002136,53.2162,177.6302,45.3411,314.7755,0.0015083,0.00023808,0.0,0 STARLINK-3958,1 52535U 22051C   22315.99327479  .00023808  00000-0  15083-2 0  9993,2 52535  53.2162 177.6302 0002136  45.3411 314.7755 15.08854995 28283,6917.835,95.437,541.177,538.222,0.0
52535.0,STARLINK-3958,PAYLOAD,2022-11-12 14:08:46,15.08872914,0.0002136,53.2159,174.9539,45.8005,314.3162,0.00077574,0.00012091,0.0,0 STARLINK-3958,1 52535U 22051C   22316.58942440  .00012091  00000-0  77574-3 0  9996,2 52535  53.2159 174.9539 0002136  45.8005 314.3162 15.08872914 28307,6917.78,95.435,541.122,538.1669999999998,0.0
52535.0,STARLINK-3958,PAYLOAD,2022-11-12 18:54:55,15.08868879,0.0002175,53.2163,174.0589,46.7461,313.3712,0.00044111,6.745e-05,0.0,0 STARLINK-3958,1 52535U 22051C   22316.78814193  .00006745  00000-0  44111-3 0  9991,2 52535  53.2163 174.0589 0002175  46.7461 313.3712 15.08868879 28403,6917.792,95.436,541.1619999999998,538.1519999999998,0.0
52535.0,STARLINK-3958,PAYLOAD,2022-11-12 20:30:18,15.08863903,0.0002101,53.2166,173.7633,45.5741,314.5423,0.00010854,1.441e-05,0.0,0 STARLINK-3958,1 52535U 22051C   22316.85438104  .00001441  00000-0  10854-3 0  9998,2 52535  53.2166 173.7633 0002101  45.5741 314.5423 15.08863903 28347,6917.807,95.436,541.126,538.219,0.0
52535.0,STARLINK-3958,PAYLOAD,2022-11-13 01:16:28,15.08852114,0.0002127,53.2165,172.8719,45.417,314.6995,0.00032531,4.895e-05,0.0,0 STARLINK-3958,1 52535U 22051C   22317.05310361  .00004895  00000-0  32531-3 0  9997,2 52535  53.2165 172.8719 0002127  45.4170 314.6995 15.08852114 28442,6917.843000000003,95.437,541.18,538.237,0.0
52535.0,STARLINK-3958,PAYLOAD,2022-11-13 07:38:00,15.08851683,0.0002158,53.2165,171.6823,44.8766,315.24,0.00018805,2.707e-05,0.0,0 STARLINK-3958,1 52535U 22051C   22317.31806127  .00002707  00000-0  18805-3 0  9994,2 52535  53.2165 171.6823 0002158  44.8766 315.2400 15.08851683 28418,6917.845,95.437,541.203,538.217,0.0
52535.0,STARLINK-3958,PAYLOAD,2022-11-13 18:45:42,15.08851773,0.0002191,53.217,169.6006,45.6796,314.4375,-7.1667e-05,-1.429e-05,0.0,0 STARLINK-3958,1 52535U 22051C   22317.78173823 -.00001429  00000-0 -71667-4 0  9993,2 52535  53.2170 169.6006 0002191  45.6796 314.4375 15.08851773 28482,6917.844,95.437,541.225,538.194,0.0
52535.0,STARLINK-3958,PAYLOAD,2022-11-14 07:28:48,15.08841136,0.0002089,53.218,167.2222,44.4911,315.6249,-0.00012798,-2.325e-05,0.0,0 STARLINK-3958,1 52535U 22051C   22318.31166988 -.00002325  00000-0 -12798-3 0  9992,2 52535  53.2180 167.2222 0002089  44.4911 315.6249 15.08841136 28631,6917.877,95.437,541.187,538.297,0.0
52535.0,STARLINK-3958,PAYLOAD,2022-11-14 17:01:06,15.08840738,0.0002128,53.2177,165.4386,44.732,315.3843,-4.952600000000001e-05,-1.076e-05,0.0,0 STARLINK-3958,1 52535U 22051C   22318.70910664 -.00001076  00000-0 -49526-4 0  9995,2 52535  53.2177 165.4386 0002128  44.7320 315.3843 15.08840738 28622,6917.878000000002,95.438,541.215,538.271,0.0
52535.0,STARLINK-3958,PAYLOAD,2022-11-15 00:58:02,15.08843044,0.0002146,53.2175,163.9518,45.6263,314.4904,-2.9265e-05,-7.54e-06,0.0,0 STARLINK-3958,1 52535U 22051C   22319.04030371 -.00000754  00000-0 -29265-4 0  9991,2 52535  53.2175 163.9518 0002146  45.6263 314.4904 15.08843044 28740,6917.871,95.437,541.221,538.252,0.0
52535.0,STARLINK-3958,PAYLOAD,2022-11-15 13:41:07,15.08843023,0.0002179,53.2172,161.5737,45.179,314.9379,2.0754e-05,4.2e-07,0.0,0 STARLINK-3958,1 52535U 22051C   22319.57022133  .00000042  00000-0  20754-4 0  9998,2 52535  53.2172 161.5737 0002179  45.1790 314.9379 15.08843023 28759,6917.871,95.437,541.244,538.229,0.0
52535.0,STARLINK-3958,PAYLOAD,2022-11-15 20:02:39,15.08844627,0.0002175,53.2172,160.3841,46.1654,313.9518,6.0464e-05,6.74e-06,0.0,0 STARLINK-3958,1 52535U 22051C   22319.83517868  .00000674  00000-0  60464-4 0  9994,2 52535  53.2172 160.3841 0002175  46.1654 313.9518 15.08844627 28797,6917.866,95.437,541.236,538.227,0.0
52535.0,STARLINK-3958,PAYLOAD,2022-11-16 13:31:53,15.08845727,0.0002211,53.2171,157.1126,48.9862,311.1321,0.00012918,1.769e-05,0.0,0 STARLINK-3958,1 52535U 22051C   22320.56381468  .00001769  00000-0  12918-3 0  9997,2 52535  53.2171 157.1126 0002211  48.9862 311.1321 15.08845727 28972,6917.863,95.437,541.257,538.198,0.0
52535.0,STARLINK-3958,PAYLOAD,2022-11-16 19:53:25,15.08849824,0.0002231,53.2171,155.9232,49.2913,310.8273,0.00014295,1.988e-05,0.0,0 STARLINK-3958,1 52535U 22051C   22320.82877084  .00001988  00000-0  14295-3 0  9993,2 52535  53.2171 155.9232 0002231  49.2913 310.8273 15.08849824 28940,6917.85,95.437,541.259,538.172,0.0
52535.0,STARLINK-3958,PAYLOAD,2022-11-17 13:22:41,15.08838376,0.0002267,53.2166,152.6517,55.4568,304.6638,6.0856e-07,-2.79e-06,0.0,0 STARLINK-3958,1 52535U 22051C   22321.55742148 -.00000279  00000-0  60856-6 0  9996,2 52535  53.2166 152.6517 0002267  55.4568 304.6638 15.08838376 29057,6917.885,95.438,541.319,538.182,0.0
52535.0,STARLINK-3958,PAYLOAD,2022-11-17 19:44:13,15.08841176,0.0002303,53.2166,151.4628,53.0336,307.0867,-1.5679e-05,-5.38e-06,0.0,0 STARLINK-3958,1 52535U 22051C   22321.82237940 -.00000538  00000-0 -15679-4 0  9995,2 52535  53.2166 151.4628 0002303  53.0336 307.0867 15.08841176 29092,6917.877,95.437,541.335,538.149,0.0
52535.0,STARLINK-3958,PAYLOAD,2022-11-18 13:13:27,15.08847085,0.0002253,53.2167,148.1914,53.3021,306.8178,-1.422e-05,-5.15e-06,0.0,0 STARLINK-3958,1 52535U 22051C   22322.55101391 -.00000515  00000-0 -14220-4 0  9992,2 52535  53.2167 148.1914 0002253  53.3021 306.8178 15.08847085 29279,6917.859,95.437,541.2819999999998,538.165,0.0
52535.0,STARLINK-3958,PAYLOAD,2022-11-18 22:45:46,15.088490099999998,0.0002264,53.2168,146.4073,52.7873,307.3325,5.3049e-06,-2.04e-06,0.0,0 STARLINK-3958,1 52535U 22051C   22322.94845009 -.00000204  00000-0  53049-5 0  9993,2 52535  53.2168 146.4073 0002264  52.7873 307.3325 15.08849010 29266,6917.853,95.437,541.284,538.1519999999998,0.0
52535.0,STARLINK-3958,PAYLOAD,2022-11-19 13:04:14,15.0884134,0.0002258,53.2172,143.7307,51.0722,309.0471,4.5958e-05,4.43e-06,0.0,0 STARLINK-3958,1 52535U 22051C   22323.54461317  .00000443  00000-0  45958-4 0  9999,2 52535  53.2172 143.7307 0002258  51.0722 309.0471 15.08841340 29358,6917.876,95.437,541.303,538.179,0.0
52535.0,STARLINK-3958,PAYLOAD,2022-11-20 04:58:06,15.08834477,0.000232,53.2173,140.7569,51.5385,308.5815,-2.1531e-05,-6.31e-06,0.0,0 STARLINK-3958,1 52535U 22051C   22324.20702074 -.00000631  00000-0 -21531-4 0  9993,2 52535  53.2173 140.7569 0002320  51.5385 308.5815 15.08834477 29524,6917.897,95.438,541.367,538.1569999999998,0.0
52535.0,STARLINK-3958,PAYLOAD,2022-11-20 11:19:39,15.08837542,0.0002195,53.2166,139.5666,51.5924,308.5265,-3.6782e-05,-8.74e-06,0.0,0 STARLINK-3958,1 52535U 22051C   22324.47197957 -.00000874  00000-0 -36782-4 0  9993,2 52535  53.2166 139.5666 0002195  51.5924 308.5265 15.08837542 29490,6917.888000000001,95.438,541.271,538.234,0.0
52535.0,STARLINK-3958,PAYLOAD,2022-11-20 19:16:34,15.08839293,0.0002209,53.2174,138.0807,52.6105,307.5088,-2.265e-05,-6.49e-06,0.0,0 STARLINK-3958,1 52535U 22051C   22324.80317759 -.00000649  00000-0 -22650-4 0  9993,2 52535  53.2174 138.0807 0002209  52.6105 307.5088 15.08839293 29542,6917.8830000000025,95.438,541.276,538.219,0.0
52535.0,STARLINK-3958,PAYLOAD,2022-11-21 04:48:53,15.08842036,0.0002197,53.2174,136.2965,52.7416,307.3776,7.0145e-06,-1.77e-06,0.0,0 STARLINK-3958,1 52535U 22051C   22325.20061500 -.00000177  00000-0  70145-5 0  9996,2 52535  53.2174 136.2965 0002197  52.7416 307.3776 15.08842036 29674,6917.874,95.437,541.259,538.219,0.0
52535.0,STARLINK-3958,PAYLOAD,2022-11-21 12:45:48,15.08836778,0.0002226,53.2178,134.8101,52.8735,307.246,8.048199999999999e-05,9.93e-06,0.0,0 STARLINK-3958,1 52535U 22051C   22325.53181544  .00000993  00000-0  80482-4 0  9992,2 52535  53.2178 134.8101 0002226  52.8735 307.2460 15.08836778 29655,6917.89,95.438,541.295,538.215,0.0
52535.0,STARLINK-3958,PAYLOAD,2022-11-21 19:07:21,15.08840063,0.0002259,53.2179,133.6209,53.1768,306.9431,0.00010394,1.366e-05,0.0,0 STARLINK-3958,1 52535U 22051C   22325.79677297  .00001366  00000-0  10394-3 0  9994,2 52535  53.2179 133.6209 0002259  53.1768 306.9431 15.08840063 29698,6917.88,95.438,541.308,538.182,0.0
52535.0,STARLINK-3958,PAYLOAD,2022-11-22 11:01:12,15.08845023,0.0002293,53.2179,130.6473,54.0109,306.1096,0.00010358,1.361e-05,0.0,0 STARLINK-3958,1 52535U 22051C   22326.45916914  .00001361  00000-0  10358-3 0  9995,2 52535  53.2179 130.6473 0002293  54.0109 306.1096 15.08845023 29864,6917.865,95.437,541.316,538.144,0.0
52535.0,STARLINK-3958,PAYLOAD,2022-11-22 17:22:44,15.08844477,0.0002347,53.2185,129.4586,54.0371,306.0839,8.6721e-05,1.092e-05,0.0,0 STARLINK-3958,1 52535U 22051C   22326.72412950  .00001092  00000-0  86721-4 0  9995,2 52535  53.2185 129.4586 0002347  54.0371 306.0839 15.08844477 29836,6917.8669999999975,95.437,541.355,538.1080000000002,0.0
52535.0,STARLINK-3958,PAYLOAD,2022-11-23 10:52:00,15.08835005,0.0002276,53.2181,126.1877,53.043,307.077,-2.9296e-05,-7.54e-06,0.0,0 STARLINK-3958,1 52535U 22051C   22327.45277886 -.00000754  00000-0 -29296-4 0  9993,2 52535  53.2181 126.1877 0002276  53.0430 307.0770 15.08835005 30019,6917.896,95.438,541.335,538.186,0.0
52535.0,STARLINK-3958,PAYLOAD,2022-11-23 17:13:32,15.08838659,0.0002264,53.218,124.9983,52.9727,307.1472,1.3236e-06,-2.67e-06,0.0,0 STARLINK-3958,1 52535U 22051C   22327.71773558 -.00000267  00000-0  13236-5 0  9995,2 52535  53.2180 124.9983 0002264  52.9727 307.1472 15.08838659 29988,6917.884,95.438,541.316,538.183,0.0
52535.0,STARLINK-3958,PAYLOAD,2022-11-24 10:42:46,15.0884247,0.0002286,53.2178,121.7282,49.1353,310.9837,-2.9594e-06,-3.35e-06,0.0,0 STARLINK-3958,1 52535U 22051C   22328.44637253 -.00000335  00000-0 -29594-5 0  9998,2 52535  53.2178 121.7282 0002286  49.1353 310.9837 15.08842470 30164,6917.873000000001,95.437,541.319,538.156,0.0
52535.0,STARLINK-3958,PAYLOAD,2022-11-24 17:04:19,15.08835874,0.0002211,53.2173,120.537,53.3298,306.7897,-5.168e-05,-1.111e-05,0.0,0 STARLINK-3958,1 52535U 22051C   22328.71133828 -.00001111  00000-0 -51680-4 0  9990,2 52535  53.2173 120.5370 0002211  53.3298 306.7897 15.08835874 30201,6917.893,95.438,541.288,538.2280000000002,0.0
52535.0,STARLINK-3958,PAYLOAD,2022-11-25 10:33:34,15.08831771,0.0002215,53.2182,117.2659,53.4649,306.6547,-2.5848e-05,-7.000000000000003e-06,0.0,0 STARLINK-3958,1 52535U 22051C   22329.43998394 -.00000700  00000-0 -25848-4 0  9997,2 52535  53.2182 117.2659 0002215  53.4649 306.6547 15.08831771 30246,6917.906,95.438,541.303,538.238,0.0
52535.0,STARLINK-3958,PAYLOAD,2022-11-25 16:55:06,15.08836682,0.000223,53.2182,116.0768,53.8216,306.2982,1.8718e-05,1e-07,0.0,0 STARLINK-3958,1 52535U 22051C   22329.70494056  .00000010  00000-0  18718-4 0  9993,2 52535  53.2182 116.0768 0002230  53.8216 306.2982 15.08836682 30284,6917.891,95.438,541.298,538.2130000000002,0.0
52535.0,STARLINK-3958,PAYLOAD,2022-11-26 02:27:25,15.08831976,0.000229,53.2184,114.2928,53.2788,306.8414,0.00017892,2.56e-05,0.0,0 STARLINK-3958,1 52535U 22051C   22330.10237930  .00002560  00000-0  17892-3 0  9998,2 52535  53.2184 114.2928 0002290  53.2788 306.8414 15.08831976 30410,6917.905,95.438,541.354,538.186,0.0
52535.0,STARLINK-3958,PAYLOAD,2022-11-26 10:24:20,15.08840187,0.0002189,53.2177,112.8054,52.2886,307.8304,0.00014216,1.975e-05,0.0,0 STARLINK-3958,1 52535U 22051C   22330.43357366  .00001975  00000-0  14216-3 0  9996,2 52535  53.2177 112.8054 0002189  52.2886 307.8304 15.08840187 30469,6917.88,95.438,541.259,538.23,0.0
52535.0,STARLINK-3958,PAYLOAD,2022-11-26 19:56:39,15.08843414,0.0002245,53.2184,111.022,53.9812,306.1388,0.00015635,2.201e-05,0.0,0 STARLINK-3958,1 52535U 22051C   22330.83101149  .00002201  00000-0  15635-3 0  9995,2 52535  53.2184 111.0220 0002245  53.9812 306.1388 15.08843414 30452,6917.87,95.437,541.288,538.182,0.0
52535.0,STARLINK-3958,PAYLOAD,2022-11-27 10:15:08,15.08838377,0.0001956,53.2185,108.3446,52.7495,307.3675,1.6839000000000006e-05,-2e-07,0.0,0 STARLINK-3958,1 52535U 22051C   22331.42717982 -.00000020  00000-0  16839-4 0  9995,2 52535  53.2185 108.3446 0001956  52.7495 307.3675 15.08838377 30616,6917.885,95.438,541.1030000000002,538.3969999999998,0.0
52535.0,STARLINK-3958,PAYLOAD,2022-11-27 19:47:27,15.08833313,0.0001862,53.2183,106.5598,53.4184,306.698,-3.9965e-05,-9.24e-06,0.0,0 STARLINK-3958,1 52535U 22051C   22331.82462564 -.00000924  00000-0 -39965-4 0  9991,2 52535  53.2183 106.5598 0001862  53.4184 306.6980 15.08833313 30673,6917.901,95.438,541.054,538.4780000000002,0.0
52535.0,STARLINK-3958,PAYLOAD,2022-11-28 10:05:55,15.08837431,0.0002255,53.2184,103.8856,50.8905,309.2288,-6.0016e-05,-1.243e-05,0.0,0 STARLINK-3958,1 52535U 22051C   22332.42078636 -.00001243  00000-0 -60016-4 0  9997,2 52535  53.2184 103.8856 0002255  50.8905 309.2288 15.08837431 30697,6917.888000000001,95.438,541.313,538.193,0.0
52535.0,STARLINK-3958,PAYLOAD,2022-11-28 18:02:52,15.08828102,0.0002284,53.219,102.398,52.1524,307.9674,-0.00012967,-2.351e-05,0.0,0 STARLINK-3958,1 52535U 22051C   22332.75199694 -.00002351  00000-0 -12967-3 0  9993,2 52535  53.2190 102.3980 0002284  52.1524 307.9674 15.08828102 30813,6917.917,95.438,541.362,538.202,0.0
52535.0,STARLINK-3958,PAYLOAD,2022-11-29 08:21:21,15.08822953,0.0001884,53.2195,99.7215,46.497,313.6178,-1.9222e-05,-5.94e-06,0.0,0 STARLINK-3958,1 52535U 22051C   22333.34816123 -.00000594  00000-0 -19222-4 0  9991,2 52535  53.2195  99.7215 0001884  46.4970 313.6178 15.08822953 30837,6917.932,95.439,541.101,538.494,0.0
52535.0,STARLINK-3958,PAYLOAD,2022-11-29 13:07:30,15.08826153,0.0002061,53.2185,98.8295,53.2584,306.8597,7.0715e-05,8.37e-06,0.0,0 STARLINK-3958,1 52535U 22051C   22333.54687780  .00000837  00000-0  70715-4 0  9990,2 52535  53.2185  98.8295 0002061  53.2584 306.8597 15.08826153 30867,6917.9230000000025,95.438,541.2130000000002,538.362,0.0
52535.0,STARLINK-3958,PAYLOAD,2022-11-29 16:18:16,15.08828307,0.0002181,53.219,98.2354,52.2114,307.9076,9.2297e-05,1.181e-05,0.0,0 STARLINK-3958,1 52535U 22051C   22333.67935793  .00001181  00000-0  92297-4 0  9996,2 52535  53.2190  98.2354 0002181  52.2114 307.9076 15.08828307 30951,6917.916,95.438,541.29,538.2719999999998,0.0
52535.0,STARLINK-3958,PAYLOAD,2022-11-30 08:12:07,15.08843497,0.0002092,53.2188,95.2612,52.6669,307.4514,3.622e-05,2.88e-06,0.0,0 STARLINK-3958,1 52535U 22051C   22334.34175281  .00000288  00000-0  36220-4 0  9990,2 52535  53.2188  95.2612 0002092  52.6669 307.4514 15.08843497 31053,6917.87,95.437,541.182,538.2869999999998,0.0
52535.0,STARLINK-3958,PAYLOAD,2022-11-30 14:33:39,15.08856359,0.0002211,53.2186,94.0722,53.2091,306.9104,-3.6448e-06,-3.46e-06,0.0,0 STARLINK-3958,1 52535U 22051C   22334.60670473 -.00000346  00000-0 -36448-5 0  9992,2 52535  53.2186  94.0722 0002211  53.2091 306.9104 15.08856359 31026,6917.83,95.437,541.225,538.1659999999998,0.0
52535.0,STARLINK-3958,PAYLOAD,2022-12-01 01:41:21,15.08844511,0.0002137,53.2186,91.991,54.6175,305.5017,0.00022723,3.33e-05,0.0,0 STARLINK-3958,1 52535U 22051C   22335.07038740  .00003330  00000-0  22723-3 0  9992,2 52535  53.2186  91.9910 0002137  54.6175 305.5017 15.08844511 31166,6917.8669999999975,95.437,541.21,538.253,0.0
52535.0,STARLINK-3958,PAYLOAD,2022-12-01 08:02:54,15.08845816,0.000217,53.2188,90.8017,56.6242,303.4958,0.00017717,2.533e-05,0.0,0 STARLINK-3958,1 52535U 22051C   22335.33534851  .00002533  00000-0  17717-3 0  9996,2 52535  53.2188  90.8017 0002170  56.6242 303.4958 15.08845816 31135,6917.863,95.437,541.229,538.226,0.0
52535.0,STARLINK-3958,PAYLOAD,2022-12-01 19:10:35,15.088496,0.0002162,53.2186,88.7199,56.5539,303.5659,0.00013638,1.883e-05,0.0,0 STARLINK-3958,1 52535U 22051C   22335.79902506  .00001883  00000-0  13638-3 0  9997,2 52535  53.2186  88.7199 0002162  56.5539 303.5659 15.08849600 31201,6917.851,95.437,541.212,538.22,0.0
52535.0,STARLINK-3958,PAYLOAD,2022-12-02 07:53:40,15.08849432,0.0002122,53.2181,86.34100000000002,58.2723,301.8476,-2.8917e-06,-3.34e-06,0.0,0 STARLINK-3958,1 52535U 22051C   22336.32894587 -.00000334  00000-0 -28917-5 0  9996,2 52535  53.2181  86.3410 0002122  58.2723 301.8476 15.08849432 31353,6917.852,95.437,541.185,538.249,0.0
52535.0,STARLINK-3958,PAYLOAD,2022-12-02 14:15:13,15.0884636,0.0002174,53.2185,85.1518,56.4948,303.6252,-3.3266e-05,-8.18e-06,0.0,0 STARLINK-3958,1 52535U 22051C   22336.59390709 -.00000818  00000-0 -33266-4 0  9991,2 52535  53.2185  85.1518 0002174  56.4948 303.6252 15.08846360 31325,6917.861,95.437,541.23,538.222,0.0
52535.0,STARLINK-3958,PAYLOAD,2022-12-03 06:09:05,15.08836975,0.0001894,53.2208,82.1801,43.8537,316.2605,-8.6261e-05,-1.661e-05,0.0,0 STARLINK-3958,1 52535U 22051C   22337.25631370 -.00001661  00000-0 -86261-4 0  9997,2 52535  53.2208  82.1801 0001894  43.8537 316.2605 15.08836975 31496,6917.89,95.438,541.065,538.444,0.0
52535.0,STARLINK-3958,PAYLOAD,2022-12-03 14:06:00,15.08843339,0.0001983,53.2195,80.6923,48.8569,311.2594,-2.3406e-05,-6.61e-06,0.0,0 STARLINK-3958,1 52535U 22051C   22337.58750760 -.00000661  00000-0 -23406-4 0  9999,2 52535  53.2195  80.6923 0001983  48.8569 311.2594 15.08843339 31548,6917.87,95.437,541.107,538.363,0.0
52535.0,STARLINK-3958,PAYLOAD,2022-12-04 13:56:47,15.08840448,0.0001887,53.22,76.2327,47.0844,313.0306,8.0789e-05,9.98e-06,0.0,0 STARLINK-3958,1 52535U 22051C   22338.58110613  .00000998  00000-0  80789-4 0  9995,2 52535  53.2200  76.2327 0001887  47.0844 313.0306 15.08840448 31622,6917.879,95.438,541.049,538.439,0.0
52535.0,STARLINK-3958,PAYLOAD,2022-12-04 15:32:10,15.08848829,0.0001903,53.2196,75.9346,42.476000000000006,317.6379,-3.4938e-05,-8.44e-06,0.0,0 STARLINK-3958,1 52535U 22051C   22338.64734404 -.00000844  00000-0 -34938-4 0  9999,2 52535  53.2196  75.9346 0001903  42.4760 317.6379 15.08848829 31708,6917.853,95.437,541.035,538.4019999999998,0.0
52535.0,STARLINK-3958,PAYLOAD,2022-12-04 23:29:06,15.08834347,0.0001853,53.2191,74.4481,41.8423,318.271,8.654200000000001e-05,1.089e-05,0.0,0 STARLINK-3958,1 52535U 22051C   22338.97855091  .00001089  00000-0  86542-4 0  9999,2 52535  53.2191  74.4481 0001853  41.8423 318.2710 15.08834347 31751,6917.898,95.438,541.045,538.481,0.0
52535.0,STARLINK-3958,PAYLOAD,2022-12-05 05:50:39,15.08840057,0.0001856,53.2191,73.257,46.7603,313.3543,8.9145e-05,1.131e-05,0.0,0 STARLINK-3958,1 52535U 22051C   22339.24350808  .00001131  00000-0  89145-4 0  9996,2 52535  53.2191  73.2570 0001856  46.7603 313.3543 15.08840057 31726,6917.88,95.438,541.029,538.461,0.0
52535.0,STARLINK-3958,PAYLOAD,2022-12-05 13:47:34,15.088494099999998,0.0001939,53.219,71.7708,41.8846,318.2295,0.00011865,1.601e-05,0.0,0 STARLINK-3958,1 52535U 22051C   22339.57470058  .00001601  00000-0  11865-3 0  9997,2 52535  53.2190  71.7708 0001939  41.8846 318.2295 15.08849410 31841,6917.852,95.437,541.058,538.375,0.0
52535.0,STARLINK-3958,PAYLOAD,2022-12-06 07:16:48,15.08846507,0.0001819,53.22,68.5005,45.505,314.6090000000001,8.936299999999999e-05,1.135e-05,0.0,0 STARLINK-3958,1 52535U 22051C   22340.30334099  .00001135  00000-0  89363-4 0  9995,2 52535  53.2200  68.5005 0001819  45.5050 314.6090 15.08846507 31883,6917.86,95.437,540.984,538.467,0.0
52535.0,STARLINK-3958,PAYLOAD,2022-12-06 10:27:35,15.08838262,0.0001611,53.2194,67.9055,38.9725,321.1383,2.1457e-05,5.3e-07,0.0,0 STARLINK-3958,1 52535U 22051C   22340.43582744  .00000053  00000-0  21457-4 0  9999,2 52535  53.2194  67.9055 0001611  38.9725 321.1383 15.08838262 31975,6917.886,95.438,540.865,538.636,0.0
52535.0,STARLINK-3958,PAYLOAD,2022-12-06 13:38:22,15.08836223,0.0001929,53.2192,67.312,39.4428,320.6704,-3.1052e-05,-7.82e-06,0.0,0 STARLINK-3958,1 52535U 22051C   22340.56831130 -.00000782  00000-0 -31052-4 0  9992,2 52535  53.2192  67.3120 0001929  39.4428 320.6704 15.08836223 31929,6917.892,95.438,541.091,538.422,0.0
52535.0,STARLINK-3958,PAYLOAD,2022-12-07 11:53:45,15.08842631,0.0002304,53.2198,63.1495,42.3314,317.7855,-7.8703e-05,-1.541e-05,0.0,0 STARLINK-3958,1 52535U 22051C   22341.49567025 -.00001541  00000-0 -78703-4 0  9992,2 52535  53.2198  63.1495 0002304  42.3314 317.7855 15.08842631 32137,6917.871999999999,95.437,541.331,538.143,0.0
52535.0,STARLINK-3958,PAYLOAD,2022-12-07 18:15:18,15.08847898,0.0002276,53.2196,61.9561,39.9028,320.2131,-5.509100000000001e-05,-1.165e-05,0.0,0 STARLINK-3958,1 52535U 22051C   22341.76062629 -.00001165  00000-0 -55091-4 0  9999,2 52535  53.2196  61.9561 0002276  39.9028 320.2131 15.08847898 32100,6917.856,95.437,541.2959999999998,538.1469999999998,0.0
52535.0,STARLINK-3958,PAYLOAD,2022-12-07 23:01:26,15.0885483,0.0001571999999999,53.2205,61.0669,17.7536,342.3511,0.0001219,1.653e-05,0.0,0 STARLINK-3958,1 52535U 22051C   22341.95933268  .00001653  00000-0  12190-3 0  9998,2 52535  53.2205  61.0669 0001572  17.7536 342.3511 15.08854830 32209,6917.835,95.437,540.788,538.613,0.0
52535.0,STARLINK-3958,PAYLOAD,2022-12-08 11:44:34,15.08811721,0.0002641,53.2196,58.6915,330.2958,29.7884,-0.00037454,-6.24e-05,0.0,0 STARLINK-3958,1 52535U 22051C   22342.48929106 -.00006240  00000-0 -37454-3 0  9992,2 52535  53.2196  58.6915 0002641 330.2958  29.7884 15.08811721 32215,6917.967,95.439,541.659,538.005,0.0
52535.0,STARLINK-3958,PAYLOAD,2022-12-08 16:30:41,15.08840581,0.0001867,53.2197,57.7977,24.5769,335.5312,0.00012727,1.738e-05,0.0,0 STARLINK-3958,1 52535U 22051C   22342.68797925  .00001738  00000-0  12727-3 0  9997,2 52535  53.2197  57.7977 0001867  24.5769 335.5312 15.08840581 32317,6917.879,95.438,541.035,538.452,0.0
52535.0,STARLINK-3958,PAYLOAD,2022-12-09 16:21:29,15.08828396,0.0001998,53.2178,53.3394,6.4639,353.6378,3.4101e-05,2.54e-06,0.0,0 STARLINK-3958,1 52535U 22051C   22343.68158911  .00000254  00000-0  34101-4 0  9997,2 52535  53.2178  53.3394 0001998   6.4639 353.6378 15.08828396 32460,6917.916,95.438,541.163,538.399,0.0
52535.0,STARLINK-3958,PAYLOAD,2022-12-10 05:04:35,15.08823013,0.0001524,53.2175,50.9593,340.6714,19.4221,-0.0002331,-3.994e-05,0.0,0 STARLINK-3958,1 52535U 22051C   22344.21152211 -.00003994  00000-0 -23310-3 0  9999,2 52535  53.2175  50.9593 0001524 340.6714  19.4221 15.08823013 32547,6917.932,95.439,540.852,538.743,0.0
52535.0,STARLINK-3958,PAYLOAD,2022-12-10 13:01:31,15.08828308,0.0002067,53.2189,49.473,41.2698,318.845,-0.00011964,-2.191e-05,0.0,0 STARLINK-3958,1 52535U 22051C   22344.54272414 -.00002191  00000-0 -11964-3 0  9993,2 52535  53.2189  49.4730 0002067  41.2698 318.8450 15.08828308 32593,6917.916,95.438,541.211,538.351,0.0
52535.0,STARLINK-3958,PAYLOAD,2022-12-11 11:16:54,15.088230599999996,0.0001877,53.2176,45.3055,36.4354,323.6766,0.00029884,4.469e-05,0.0,0 STARLINK-3958,1 52535U 22051C   22345.47008034  .00004469  00000-0  29884-3 0  9999,2 52535  53.2176  45.3055 0001877  36.4354 323.6766 15.08823060 32737,6917.932,95.439,541.096,538.499,0.0
52535.0,STARLINK-3958,PAYLOAD,2022-12-11 14:27:41,15.08829631,0.0001934,53.2168,44.71100000000001,36.762,323.3504,0.00036937,5.594e-05,0.0,0 STARLINK-3958,1 52535U 22051C   22345.60256381  .00005594  00000-0  36937-3 0  9991,2 52535  53.2168  44.7110 0001934  36.7620 323.3504 15.08829631 32687,6917.9119999999975,95.438,541.115,538.439,0.0
52535.0,STARLINK-3958,PAYLOAD,2022-12-12 04:46:09,15.08847415,0.0002017,53.2167,42.0355,36.5904,323.5226,0.00040484,6.162e-05,0.0,0 STARLINK-3958,1 52535U 22051C   22346.19871934  .00006162  00000-0  40484-3 0  9997,2 52535  53.2167  42.0355 0002017  36.5904 323.5226 15.08847415 32845,6917.858,95.437,541.118,538.327,0.0
52535.0,STARLINK-3958,PAYLOAD,2022-12-12 09:32:18,15.08852989,0.0002085,53.2162,41.143,34.1809,325.9317,0.0003477,5.252e-05,0.0,0 STARLINK-3958,1 52535U 22051C   22346.39743653  .00005252  00000-0  34770-3 0  9995,2 52535  53.2162  41.1430 0002085  34.1809 325.9317 15.08852989 32802,6917.840999999999,95.437,541.148,538.263,0.0
52535.0,STARLINK-3958,PAYLOAD,2022-12-13 04:36:56,15.08843609,0.0002119,53.2171,37.5754,35.0441,325.069,2.3066e-05,7.9e-07,0.0,0 STARLINK-3958,1 52535U 22051C   22347.19231686  .00000079  00000-0  23066-4 0  9991,2 52535  53.2171  37.5754 0002119  35.0441 325.0690 15.08843609 32994,6917.869000000002,95.437,541.2,538.268,0.0
52535.0,STARLINK-3958,PAYLOAD,2022-12-13 12:33:51,15.08847839,0.0002199,53.2166,36.0881,35.3241,324.7896,0.00010702,1.416e-05,0.0,0 STARLINK-3958,1 52535U 22051C   22347.52351480  .00001416  00000-0  10702-3 0  9991,2 52535  53.2166  36.0881 0002199  35.3241 324.7896 15.08847839 32973,6917.856,95.437,541.243,538.2,0.0
52535.0,STARLINK-3958,PAYLOAD,2022-12-14 10:49:15,15.08837032,0.000225,53.2163,31.9242,41.0049,319.1112,-2.0708e-05,-6.18e-06,0.0,0 STARLINK-3958,1 52535U 22051C   22348.45087948 -.00000618  00000-0 -20708-4 0  9992,2 52535  53.2163  31.9242 0002250  41.0049 319.1112 15.08837032 33180,6917.889,95.438,541.311,538.198,0.0
52535.0,STARLINK-3958,PAYLOAD,2022-12-14 20:21:34,15.08844692,0.000205,53.217,30.1403,37.8909,322.2227,9.9345e-05,1.293e-05,0.0,0 STARLINK-3958,1 52535U 22051C   22348.84831491  .00001293  00000-0  99345-4 0  9996,2 52535  53.2170  30.1403 0002050  37.8909 322.2227 15.08844692 33175,6917.866,95.437,541.149,538.313,0.0
52535.0,STARLINK-3958,PAYLOAD,2022-12-15 09:04:39,15.08845517,0.0002175,53.2166,27.7615,37.9578,322.1567,0.00014252,1.981e-05,0.0,0 STARLINK-3958,1 52535U 22051C   22349.37823378  .00001981  00000-0  14252-3 0  9997,2 52535  53.2166  27.7615 0002175  37.9578 322.1567 15.08845517 33328,6917.864000000001,95.437,541.2330000000002,538.224,0.0
52535.0,STARLINK-3958,PAYLOAD,2022-12-15 12:15:25,15.08849292,0.0002114,53.2164,27.1667,37.5192,322.5947,0.00019116,2.756e-05,0.0,0 STARLINK-3958,1 52535U 22051C   22349.51071148  .00002756  00000-0  19116-3 0  9998,2 52535  53.2164  27.1667 0002114  37.5192 322.5947 15.08849292 33272,6917.852,95.437,541.179,538.255,0.0
52535.0,STARLINK-3958,PAYLOAD,2022-12-15 20:12:21,15.08842088,0.0001995,53.2164,25.6791,35.0995,325.0129,6.828e-05,7.99e-06,0.0,0 STARLINK-3958,1 52535U 22051C   22349.84191466  .00000799  00000-0  68280-4 0  9992,2 52535  53.2164  25.6791 0001995  35.0995 325.0129 15.08842088 33325,6917.874,95.437,541.119,538.359,0.0
52535.0,STARLINK-3958,PAYLOAD,2022-12-16 05:44:40,15.08835963,0.0001942,53.2165,23.8953,35.2955,324.8166,7.763899999999999e-05,9.48e-06,0.0,0 STARLINK-3958,1 52535U 22051C   22350.23935915  .00000948  00000-0  77639-4 0  9996,2 52535  53.2165  23.8953 0001942  35.2955 324.8166 15.08835963 33452,6917.893,95.438,541.101,538.414,0.0
52535.0,STARLINK-3958,PAYLOAD,2022-12-16 12:06:13,15.08838213,0.0002252,53.2164,22.7063,36.3645,323.75,9.543e-05,1.231e-05,0.0,0 STARLINK-3958,1 52535U 22051C   22350.50431898  .00001231  00000-0  95430-4 0  9992,2 52535  53.2164  22.7063 0002252  36.3645 323.7500 15.08838213 33422,6917.886,95.438,541.309,538.193,0.0
52535.0,STARLINK-3958,PAYLOAD,2022-12-16 13:41:36,15.08834885,0.0002147,53.2164,22.4086,37.0293,323.0847,4.4632e-05,4.22e-06,0.0,0 STARLINK-3958,1 52535U 22051C   22350.57056075  .00000422  00000-0  44632-4 0  9998,2 52535  53.2164  22.4086 0002147  37.0293 323.0847 15.08834885 33433,6917.896,95.438,541.246,538.276,0.0
52535.0,STARLINK-3958,PAYLOAD,2022-12-17 08:46:14,15.08836641,0.0002188,53.2168,18.8399,39.9863,320.129,-7.9115e-05,-1.547e-05,0.0,0 STARLINK-3958,1 52535U 22051C   22351.36544573 -.00001547  00000-0 -79115-4 0  9996,2 52535  53.2168  18.8399 0002188  39.9863 320.1290 15.08836641 33625,6917.891,95.438,541.269,538.242,0.0
52535.0,STARLINK-3958,PAYLOAD,2022-12-17 11:57:00,15.08834168,0.0002247,53.2169,18.2461,36.3362,323.7782,-3.759e-06,-3.48e-06,0.0,0 STARLINK-3958,1 52535U 22051C   22351.49792671 -.00000348  00000-0 -37590-5 0  9994,2 52535  53.2169  18.2461 0002247  36.3362 323.7782 15.08834168 33572,6917.898,95.438,541.318,538.2090000000002,0.0
52535.0,STARLINK-3958,PAYLOAD,2022-12-18 03:50:51,15.088400699999998,0.0002241,53.2165,15.2725,35.2928,324.8212,0.00016788,2.385e-05,0.0,0 STARLINK-3958,1 52535U 22051C   22352.16032074  .00002385  00000-0  16788-3 0  9998,2 52535  53.2165  15.2725 0002241  35.2928 324.8212 15.08840070 33746,6917.88,95.438,541.295,538.195,0.0
52535.0,STARLINK-3958,PAYLOAD,2022-12-18 11:47:47,15.08853128,0.0002314,53.2159,13.786,34.902,325.2124,0.00033418,5.036e-05,0.0,0 STARLINK-3958,1 52535U 22051C   22352.49151742  .00005036  00000-0  33418-3 0  9993,2 52535  53.2159  13.7860 0002314  34.9020 325.2124 15.08853128 33725,6917.84,95.437,541.306,538.104,0.0
52535.0,STARLINK-3958,PAYLOAD,2022-12-18 18:09:20,15.08824634,0.0002016,53.2159,12.5966,34.8564,325.256,-8.9851e-05,-1.717e-05,0.0,0 STARLINK-3958,1 52535U 22051C   22352.75649148 -.00001717  00000-0 -89851-4 0  9991,2 52535  53.2159  12.5966 0002016  34.8564 325.2560 15.08824634 33768,6917.927,95.439,541.187,538.398,0.0
52535.0,STARLINK-3958,PAYLOAD,2022-12-19 02:06:16,15.08826346,0.00022,53.2159,11.1097,35.1943,324.9194,2.759e-06,-2.44e-06,0.0,0 STARLINK-3958,1 52535U 22051C   22353.08769442 -.00000244  00000-0  27590-5 0  9994,2 52535  53.2159  11.1097 0002200  35.1943 324.9194 15.08826346 33882,6917.922,95.438,541.309,538.265,0.0
52535.0,STARLINK-3958,PAYLOAD,2022-12-19 08:27:48,15.08842307,0.0002251,53.2159,9.9207,44.1147,316.0025,0.00017287,2.464e-05,0.0,0 STARLINK-3958,1 52535U 22051C   22353.35264806  .00002464  00000-0  17287-3 0  9993,2 52535  53.2159   9.9207 0002251  44.1147 316.0025 15.08842307 33927,6917.873000000001,95.437,541.2959999999998,538.181,0.0
52535.0,STARLINK-3958,PAYLOAD,2022-12-19 18:00:08,15.08833592,0.0002459,53.2156,8.1363,50.4232,309.6977,0.00050356,7.734e-05,0.0,0 STARLINK-3958,1 52535U 22051C   22353.75009359  .00007734  00000-0  50356-3 0  9996,2 52535  53.2156   8.1363 0002459  50.4232 309.6977 15.08833592 33912,6917.9,95.438,541.466,538.064,0.0
52535.0,STARLINK-3958,PAYLOAD,2022-12-20 11:29:22,15.08850243,0.0002088,53.2132,4.8644,48.5677,311.5495,0.00080133,0.00012492,0.0,0 STARLINK-3958,1 52535U 22051C   22354.47873135  .00012492  00000-0  80133-3 0  9990,2 52535  53.2132   4.8644 0002088  48.5677 311.5495 15.08850243 34022,6917.849,95.437,541.159,538.27,0.0
52535.0,STARLINK-3958,PAYLOAD,2022-12-20 17:50:55,15.08829984,0.0001322,53.2149,3.676,26.5123,333.5936,-0.00012564,-2.286e-05,0.0,0 STARLINK-3958,1 52535U 22051C   22354.74369282 -.00002286  00000-0 -12564-3 0  9998,2 52535  53.2149   3.6760 0001322  26.5123 333.5936 15.08829984 34132,6917.911,95.438,540.691,538.861,0.0
52535.0,STARLINK-3958,PAYLOAD,2022-12-21 08:09:23,15.08856332,0.0002001,53.2124,0.9999,51.9581,308.1592,0.0017219999999999,0.00027237,0.0,0 STARLINK-3958,1 52535U 22051C   22355.33985497  .00027237  00000-0  17220-2 0  9990,2 52535  53.2124   0.9999 0002001  51.9581 308.1592 15.08856332 34159,6917.83,95.437,541.08,538.311,0.0
52535.0,STARLINK-3958,PAYLOAD,2022-12-21 17:41:41,15.08859168,0.0001855,53.212,359.2115,53.8578,306.2586,0.00097668,0.00015298,0.0,0 STARLINK-3958,1 52535U 22051C   22355.73729080  .00015298  00000-0  97668-3 0  9997,2 52535  53.2120 359.2115 0001855  53.8578 306.2586 15.08859168 34284,6917.821999999999,95.436,540.97,538.404,0.0
52535.0,STARLINK-3958,PAYLOAD,2022-12-22 08:00:09,15.08845158,0.0001649,53.2124,356.5378,49.3366,310.7769,1.9079e-05,1.6e-07,0.0,0 STARLINK-3958,1 52535U 22051C   22356.33344888  .00000016  00000-0  19079-4 0  9996,2 52535  53.2124 356.5378 0001649  49.3366 310.7769 15.08845158 34305,6917.865,95.437,540.87,538.589,0.0
52535.0,STARLINK-3958,PAYLOAD,2022-12-22 12:46:19,15.08845134,0.0001622,53.2125,355.6454,50.0931,310.0203,0.0001784,2.553e-05,0.0,0 STARLINK-3958,1 52535U 22051C   22356.53216927  .00002553  00000-0  17840-3 0  9991,2 52535  53.2125 355.6454 0001622  50.0931 310.0203 15.08845134 34400,6917.865,95.437,540.852,538.6080000000002,0.0
52535.0,STARLINK-3958,PAYLOAD,2022-12-22 17:32:28,15.08844227,0.0001793,53.2131,354.7527,49.8141,310.3008,0.00013356,1.838e-05,0.0,0 STARLINK-3958,1 52535U 22051C   22356.73089001  .00001838  00000-0  13356-3 0  9997,2 52535  53.2131 354.7527 0001793  49.8141 310.3008 15.08844227 34369,6917.8669999999975,95.437,540.9730000000002,538.492,0.0
52535.0,STARLINK-3958,PAYLOAD,2022-12-23 11:01:43,15.08842443,0.0001847,53.2128,351.4816,48.5252,311.5899,3.1894e-06,-2.37e-06,0.0,0 STARLINK-3958,1 52535U 22051C   22357.45953132 -.00000237  00000-0  31894-5 0  9994,2 52535  53.2128 351.4816 0001847  48.5252 311.5899 15.08842443 34548,6917.873000000001,95.437,541.016,538.46,0.0
52535.0,STARLINK-3958,PAYLOAD,2022-12-24 09:17:07,15.08847545,0.0001745,53.2125,347.3176,51.4433,308.6715,0.00024209,3.568e-05,0.0,0 STARLINK-3958,1 52535U 22051C   22358.38688798  .00003568  00000-0  24209-3 0  9999,2 52535  53.2125 347.3176 0001745  51.4433 308.6715 15.08847545 34619,6917.857,95.437,540.929,538.515,0.0
52535.0,STARLINK-3958,PAYLOAD,2022-12-25 05:57:07,15.08842597,0.0001756,53.2133,343.4521,46.3853,313.7284,0.00011523,1.546e-05,0.0,0 STARLINK-3958,1 52535U 22051C   22359.24800800  .00001546  00000-0  11523-3 0  9994,2 52535  53.2133 343.4521 0001756  46.3853 313.7284 15.08842597 34812,6917.871999999999,95.437,540.952,538.523,0.0
52535.0,STARLINK-3958,PAYLOAD,2022-12-25 09:07:54,15.08841192,0.0001691,53.2134,342.857,42.6061,317.5062,5.5881e-05,6.01e-06,0.0,0 STARLINK-3958,1 52535U 22051C   22359.38048801  .00000601  00000-0  55881-4 0  9991,2 52535  53.2134 342.8570 0001691  42.6061 317.5062 15.08841192 34768,6917.877,95.437,540.9119999999998,538.572,0.0
52535.0,STARLINK-3958,PAYLOAD,2022-12-26 02:37:09,15.0883867,0.0001626,53.2138,339.586,50.3491,309.7645,-1.8898e-05,-5.89e-06,0.0,0 STARLINK-3958,1 52535U 22051C   22360.10913355 -.00000589  00000-0 -18898-4 0  9992,2 52535  53.2138 339.5860 0001626  50.3491 309.7645 15.08838670 34945,6917.884,95.438,540.874,538.625,0.0
52535.0,STARLINK-3958,PAYLOAD,2022-12-26 08:58:41,15.08845651,0.0001715,53.2144,338.3974,46.5537,313.5597,5.7096e-05,6.21e-06,0.0,0 STARLINK-3958,1 52535U 22051C   22360.37408906  .00000621  00000-0  57096-4 0  9990,2 52535  53.2144 338.3974 0001715  46.5537 313.5597 15.08845651 34915,6917.863,95.437,540.915,538.5419999999998,0.0
52535.0,STARLINK-3958,PAYLOAD,2022-12-26 15:20:14,15.08839372,0.0001692,53.2141,337.2071,41.0277,319.0842,3.8749e-06,-2.26e-06,0.0,0 STARLINK-3958,1 52535U 22051C   22360.63905313 -.00000226  00000-0  38749-5 0  9990,2 52535  53.2141 337.2071 0001692  41.0277 319.0842 15.08839372 34954,6917.882,95.438,540.918,538.577,0.0
52535.0,STARLINK-3958,PAYLOAD,2022-12-27 05:38:41,15.08850056,0.0001769,53.2142,334.5312,38.127,321.9847,0.0001751,2.5e-05,0.0,0 STARLINK-3958,1 52535U 22051C   22361.23520309  .00002500  00000-0  17510-3 0  9992,2 52535  53.2142 334.5312 0001769  38.1270 321.9847 15.08850056 35116,6917.85,95.437,540.938,538.491,0.0
52535.0,STARLINK-3958,PAYLOAD,2022-12-27 10:24:50,15.08859529,0.0001795,53.2136,333.6385,40.6103,319.5023,0.00036451,5.521e-05,0.0,0 STARLINK-3958,1 52535U 22051C   22361.43392058  .00005521  00000-0  36451-3 0  9993,2 52535  53.2136 333.6385 0001795  40.6103 319.5023 15.08859529 35079,6917.821,95.436,540.927,538.444,0.0
52535.0,STARLINK-3958,PAYLOAD,2022-12-28 07:04:51,15.08848929,0.0001785,53.2134,329.7723,45.87600000000001,314.2378,6.4971e-05,7.46e-06,0.0,0 STARLINK-3958,1 52535U 22051C   22362.29503983  .00000746  00000-0  64971-4 0  9992,2 52535  53.2134 329.7723 0001785  45.8760 314.2378 15.08848929 35206,6917.853,95.437,540.953,538.4830000000002,0.0
52535.0,STARLINK-3958,PAYLOAD,2022-12-28 21:23:20,15.08828372,0.0001805,53.2114,327.0946,59.1431,300.9738,-0.00030332,-5.111e-05,0.0,0 STARLINK-3958,1 52535U 22051C   22362.89120496 -.00005111  00000-0 -30332-3 0  9998,2 52535  53.2114 327.0946 0001805  59.1431 300.9738 15.08828372 35367,6917.916,95.438,541.03,538.5319999999998,0.0
52535.0,STARLINK-3958,PAYLOAD,2022-12-29 05:20:16,15.08822005,0.0001955,53.2136,325.6085,49.2888,310.8273,-0.00034929,-5.84e-05,0.0,0 STARLINK-3958,1 52535U 22051C   22363.22241648 -.00005840  00000-0 -34929-3 0  9994,2 52535  53.2136 325.6085 0001955  49.2888 310.8273 15.08822005 35418,6917.935,95.439,541.153,538.448,0.0
52535.0,STARLINK-3958,PAYLOAD,2022-12-29 10:06:26,15.08827987,0.0001919,53.2143,324.7164,50.3466,309.7695,-0.00016121,-2.852e-05,0.0,0 STARLINK-3958,1 52535U 22051C   22363.42114520 -.00002852  00000-0 -16121-3 0  9998,2 52535  53.2143 324.7164 0001919  50.3466 309.7695 15.08827987 35373,6917.917,95.438,541.11,538.455,0.0
52535.0,STARLINK-3958,PAYLOAD,2022-12-29 21:14:08,15.08834533,0.0001914,53.214,322.6348,48.8696,311.2461,-7.7166e-05,-1.516e-05,0.0,0 STARLINK-3958,1 52535U 22051C   22363.88482025 -.00001516  00000-0 -77166-4 0  9999,2 52535  53.2140 322.6348 0001914  48.8696 311.2461 15.08834533 35513,6917.897,95.438,541.086,538.438,0.0
52535.0,STARLINK-3958,PAYLOAD,2022-12-30 06:46:26,15.08847513,0.0001966,53.2142,320.8507,48.8779,311.2382,0.00015501,2.18e-05,0.0,0 STARLINK-3958,1 52535U 22051C   22364.28225042  .00002180  00000-0  15501-3 0  9998,2 52535  53.2142 320.8507 0001966  48.8779 311.2382 15.08847513 35571,6917.857,95.437,541.082,538.362,0.0
52535.0,STARLINK-3958,PAYLOAD,2022-12-30 21:04:54,15.08875214,0.0002144,53.2129,318.1743,65.0974,295.0241,0.00065388,0.00010144,0.0,0 STARLINK-3958,1 52535U 22051C   22364.87840662  .00010144  00000-0  65388-3 0  9991,2 52535  53.2129 318.1743 0002144  65.0974 295.0241 15.08875214 35667,6917.773,95.435,541.121,538.155,0.0
52535.0,STARLINK-3958,PAYLOAD,2022-12-31 03:26:26,15.08882296,0.0001996,53.2127,316.985,52.9612,307.1562,0.0012235999999999,0.00019262,0.0,0 STARLINK-3958,1 52535U 22051C   22365.14336667  .00019262  00000-0  12236-2 0  9990,2 52535  53.2127 316.9850 0001996  52.9612 307.1562 15.08882296 35634,6917.751,95.435,540.997,538.235,0.0
52535.0,STARLINK-3958,PAYLOAD,2022-12-31 14:34:08,15.08869574,0.0001938,53.2125,314.9026,51.5858,308.5307,0.00019313,2.789e-05,0.0,0 STARLINK-3958,1 52535U 22051C   22365.60703877  .00002789  00000-0  19313-3 0  9992,2 52535  53.2125 314.9026 0001938  51.5858 308.5307 15.08869574 35779,6917.79,95.436,540.996,538.314,0.0
52535.0,STARLINK-3958,PAYLOAD,2023-01-01 03:17:13,15.08846888,0.0002079,53.2127,312.5237,47.6434,312.4734,-0.00017745,-3.112e-05,0.0,0 STARLINK-3958,1 52535U 22051C   23001.13695990 -.00003112  00000-0 -17745-3 0  9994,2 52535  53.2127 312.5237 0002079  47.6434 312.4734 15.08846888 35852,6917.859,95.437,541.163,538.286,0.0
52535.0,STARLINK-3958,PAYLOAD,2023-01-02 03:08:02,15.08812806,0.0001921,53.2148,308.0628,47.0261,313.0892,0.00091163,0.0001424,0.0,0 STARLINK-3958,1 52535U 22051C   23002.13058620  .00014240  00000-0  91163-3 0  9996,2 52535  53.2148 308.0628 0001921  47.0261 313.0892 15.08812806 36009,6917.964,95.439,541.1569999999998,538.5,0.0
52535.0,STARLINK-3958,PAYLOAD,2023-01-02 12:40:21,15.08826428,0.000185,53.2142,306.2777,46.1362,313.9783,0.00089633,0.00014001,0.0,0 STARLINK-3958,1 52535U 22051C   23002.52803006  .00014001  00000-0  89633-3 0  9999,2 52535  53.2142 306.2777 0001850  46.1362 313.9783 15.08826428 35991,6917.922,95.438,541.067,538.507,0.0
52535.0,STARLINK-3958,PAYLOAD,2023-01-03 02:58:49,15.08868689,0.0001621999999999,53.213,303.6041,45.6783,314.4342,0.0016765999999999,0.00026517,0.0,0 STARLINK-3958,1 52535U 22051C   23003.12418391  .00026517  00000-0  16766-2 0  9996,2 52535  53.2130 303.6041 0001622  45.6783 314.4342 15.08868689 36152,6917.793000000002,95.436,540.78,538.536,0.0
52535.0,STARLINK-3958,PAYLOAD,2023-01-03 12:31:07,15.08878626,0.0001955999999999,53.2136,301.8179,47.5225,312.5932,0.0011902999999999,0.00018727,0.0,0 STARLINK-3958,1 52535U 22051C   23003.52161673  .00018727  00000-0  11903-2 0  9990,2 52535  53.2136 301.8179 0001956  47.5225 312.5932 15.08878626 36215,6917.762,95.435,540.98,538.274,0.0
52535.0,STARLINK-3958,PAYLOAD,2023-01-04 02:49:35,15.08857712,0.0001916,53.2135,299.1407,41.9294,318.1844,0.0013521,0.00021307,0.0,0 STARLINK-3958,1 52535U 22051C   23004.11777329  .00021307  00000-0  13521-2 0  9993,2 52535  53.2135 299.1407 0001916  41.9294 318.1844 15.08857712 36304,6917.826,95.436,541.0169999999998,538.366,0.0
52535.0,STARLINK-3958,PAYLOAD,2023-01-04 06:00:22,15.08852203,0.0002029999999999,53.2136,298.5462,45.9204,314.1955,0.0011335999999999,0.00017805,0.0,0 STARLINK-3958,1 52535U 22051C   23004.25025499  .00017805  00000-0  11336-2 0  9992,2 52535  53.2136 298.5462 0002030  45.9204 314.1955 15.08852203 36323,6917.843000000003,95.437,541.112,538.304,0.0
52535.0,STARLINK-3958,PAYLOAD,2023-01-05 04:15:44,15.08888956,0.0001867,53.2125,294.3828,50.0276,310.088,0.0013005999999999,0.000205,0.0,0 STARLINK-3958,1 52535U 22051C   23005.17759519  .00020500  00000-0  13006-2 0  9993,2 52535  53.2125 294.3828 0001867  50.0276 310.0880 15.08888956 36397,6917.731,95.434,540.887,538.304,0.0
52535.0,STARLINK-3958,PAYLOAD,2023-01-05 18:34:11,15.0887058,0.0002124,53.2124,291.7064,49.6945,310.4233,0.00064053,9.929e-05,0.0,0 STARLINK-3958,1 52535U 22051C   23005.77374914  .00009929  00000-0  64053-3 0  9992,2 52535  53.2124 291.7064 0002124  49.6945 310.4233 15.08870580 36483,6917.7869999999975,95.436,541.121,538.183,0.0
52535.0,STARLINK-3958,PAYLOAD,2023-01-06 04:06:30,15.08848902,3.88e-05,53.2144,289.9139,85.682,274.4217,2.6438000000000007e-05,1.33e-06,0.0,0 STARLINK-3958,1 52535U 22051C   23006.17118638  .00000133  00000-0  26438-4 0  9990,2 52535  53.2144 289.9139 0000388  85.6820 274.4217 15.08848902 36618,6917.853,95.437,539.987,539.45,0.0
52535.0,STARLINK-3958,PAYLOAD,2023-01-06 12:03:28,15.08811121,0.0002412,53.2123,288.4365,49.7475,310.3727,-0.00080364,-0.00013046,0.0,0 STARLINK-3958,1 52535U 22051C   23006.50240742 -.00013046  00000-0 -80364-3 0  9995,2 52535  53.2123 288.4365 0002412  49.7475 310.3727 15.08811121 36661,6917.969,95.439,541.502,538.165,0.0
52535.0,STARLINK-3958,PAYLOAD,2023-01-07 00:46:33,15.088203699999998,0.0001964,53.2113,286.0575,38.7667,321.3466,0.00069836,0.00010838,0.0,0 STARLINK-3958,1 52535U 22051C   23007.03233504  .00010838  00000-0  69836-3 0  9997,2 52535  53.2113 286.0575 0001964  38.7667 321.3466 15.08820370 36746,6917.94,95.439,541.164,538.447,0.0
52535.0,STARLINK-3958,PAYLOAD,2023-01-07 03:57:20,15.08833224,0.0002135,53.2111,285.4636,41.3037,318.8116,0.0014092,0.00022207,0.0,0 STARLINK-3958,1 52535U 22051C   23007.16481668  .00022207  00000-0  14092-2 0  9993,2 52535  53.2111 285.4636 0002135  41.3037 318.8116 15.08833224 36764,6917.901,95.438,541.243,538.289,0.0
52535.0,STARLINK-3958,PAYLOAD,2023-01-07 11:54:16,15.08845134,0.000214,53.2112,283.9761,43.9315,316.1847,0.0016014,0.00025294,0.0,0 STARLINK-3958,1 52535U 22051C   23007.49601866  .00025294  00000-0  16014-2 0  9998,2 52535  53.2112 283.9761 0002140  43.9315 316.1847 15.08845134 36743,6917.865,95.437,541.21,538.249,0.0
52535.0,STARLINK-3958,PAYLOAD,2023-01-08 00:37:21,15.08852192,0.0003071,53.212,281.5952,69.1401,290.992,0.0012765,0.00020094,0.0,0 STARLINK-3958,1 52535U 22051C   23008.02594315  .00020094  00000-0  12765-2 0  9990,2 52535  53.2120 281.5952 0003071  69.1401 290.9920 15.08852192 36897,6917.843000000002,95.437,541.8330000000002,537.5840000000002,0.0
52535.0,STARLINK-3958,PAYLOAD,2023-01-09 02:03:32,15.08839659,0.0001891,53.2122,276.8387,40.7494,319.3639,0.00070768,0.00010993,0.0,0 STARLINK-3958,1 52535U 22051C   23009.08579042  .00010993  00000-0  70768-3 0  9992,2 52535  53.2122 276.8387 0001891  40.7494 319.3639 15.08839659 37058,6917.880999999999,95.438,541.055,538.438,0.0
52535.0,STARLINK-3958,PAYLOAD,2023-01-10 09:51:14,15.08848958,0.0001779,53.2102,270.8882,23.6528,336.4546,0.00027847,4.148e-05,0.0,0 STARLINK-3958,1 52535U 22051C   23010.41058450  .00004148  00000-0  27847-3 0  9991,2 52535  53.2102 270.8882 0001779  23.6528 336.4546 15.08848958 37254,6917.853,95.437,540.9490000000002,538.487,0.0
52535.0,STARLINK-3958,PAYLOAD,2023-01-11 00:09:43,15.08832089,0.0002054,53.2125,268.2154,54.9383,305.1801,-0.00022906,-3.931e-05,0.0,0 STARLINK-3958,1 52535U 22051C   23011.00675251 -.00003931  00000-0 -22906-3 0  9993,2 52535  53.2125 268.2154 0002054  54.9383 305.1801 15.08832089 37340,6917.905,95.438,541.191,538.349,0.0
52535.0,STARLINK-3958,PAYLOAD,2023-01-12 00:00:29,15.08863277,0.0001549,53.2127,263.7553,58.1824,301.9319,0.00050803,7.812e-05,0.0,0 STARLINK-3958,1 52535U 22051C   23012.00033851  .00007812  00000-0  50803-3 0  9995,2 52535  53.2127 263.7553 0001549  58.1824 301.9319 15.08863277 37496,6917.809,95.436,540.746,538.6030000000002,0.0
52535.0,STARLINK-3958,PAYLOAD,2023-01-12 11:08:11,15.08839837,0.0002109,53.2091,261.6718,59.8787,300.2413,-3.9923e-05,-9.24e-06,0.0,0 STARLINK-3958,1 52535U 22051C   23012.46402187 -.00000924  00000-0 -39923-4 0  9997,2 52535  53.2091 261.6718 0002109  59.8787 300.2413 15.08839837 37565,6917.880999999999,95.438,541.205,538.2869999999998,0.0
52535.0,STARLINK-3958,PAYLOAD,2023-01-12 22:15:54,15.08818454,0.0001785,53.2108,259.5893,54.3424,305.7734,-0.00048139,-7.937e-05,0.0,0 STARLINK-3958,1 52535U 22051C   23012.92771724 -.00007937  00000-0 -48139-3 0  9993,2 52535  53.2108 259.5893 0001785  54.3424 305.7734 15.08818454 37569,6917.946,95.439,541.0459999999998,538.576,0.0
52535.0,STARLINK-3958,PAYLOAD,2023-01-12 23:51:17,15.08821662,0.0001818,53.2109,259.2919,52.8539,307.2619,-0.00038609,-6.424e-05,0.0,0 STARLINK-3958,1 52535U 22051C   23012.99395700 -.00006424  00000-0 -38609-3 0  9997,2 52535  53.2109 259.2919 0001818  52.8539 307.2619 15.08821662 37646,6917.936,95.439,541.059,538.544,0.0
52535.0,STARLINK-3958,PAYLOAD,2023-01-13 10:59:00,15.088256,0.0001565999999999,53.2106,257.2098,62.8563,297.2589,0.0011099,0.00017413,0.0,0 STARLINK-3958,1 52535U 22051C   23013.45764343  .00017413  00000-0  11099-2 0  9993,2 52535  53.2106 257.2098 0001566  62.8563 297.2589 15.08825600 37647,6917.924,95.438,540.873,538.706,0.0
52535.0,STARLINK-3958,PAYLOAD,2023-01-13 18:55:56,15.088454999999998,0.0001520999999999,53.2106,255.723,63.7356,296.3793,0.0015845,0.00025023,0.0,0 STARLINK-3958,1 52535U 22051C   23013.78884424  .00025023  00000-0  15845-2 0  9991,2 52535  53.2106 255.7230 0001521  63.7356 296.3793 15.08845500 37692,6917.8640000000005,95.437,540.781,538.6759999999999,0.0
52535.0,STARLINK-3958,PAYLOAD,2023-01-14 01:17:28,15.08860767,0.0001544,53.2106,254.5338,62.4636,297.6512,0.0017155,0.00027135,0.0,0 STARLINK-3958,1 52535U 22051C   23014.05380151  .00027135  00000-0  17155-2 0  9992,2 52535  53.2106 254.5338 0001544  62.4636 297.6512 15.08860767 37808,6917.816999999999,95.436,540.75,538.614,0.0
52535.0,STARLINK-3958,PAYLOAD,2023-01-14 15:35:56,15.08850534,0.0001563,53.2106,251.8568,71.5613,288.5549,0.001354,0.00021333,0.0,0 STARLINK-3958,1 52535U 22051C   23014.64996404  .00021333  00000-0  13540-2 0  9999,2 52535  53.2106 251.8568 0001563  71.5613 288.5549 15.08850534 37899,6917.848000000001,95.437,540.794,538.632,0.0
52535.0,STARLINK-3958,PAYLOAD,2023-01-15 01:08:15,15.08854758,0.0001533,53.211000000000006,250.0726,64.9975,295.1177,0.0016206,0.00025609,0.0,0 STARLINK-3958,1 52535U 22051C   23015.04740414  .00025609  00000-0  16206-2 0  9994,2 52535  53.2110 250.0726 0001533  64.9975 295.1177 15.08854758 37955,6917.835,95.437,540.761,538.64,0.0
52535.0,STARLINK-3958,PAYLOAD,2023-01-15 09:05:11,15.08839004,0.0002358,53.211000000000006,248.5854,77.143,282.9826,0.0018751999999999,0.00029682,0.0,0 STARLINK-3958,1 52535U 22051C   23015.37860848  .00029682  00000-0  18752-2 0  9997,2 52535  53.2110 248.5854 0002358  77.1430 282.9826 15.08839004 38006,6917.883000000001,95.438,541.38,538.117,0.0
52535.0,STARLINK-3958,PAYLOAD,2023-01-15 21:48:16,15.08851775,0.0001406999999999,53.2119,246.2061,79.02,281.0951,0.0011787,0.00018527,0.0,0 STARLINK-3958,1 52535U 22051C   23015.90852348  .00018527  00000-0  11787-2 0  9999,2 52535  53.2119 246.2061 0001407  79.0200 281.0951 15.08851775 38086,6917.844,95.437,540.683,538.736,0.0
52535.0,STARLINK-3958,PAYLOAD,2023-01-16 21:39:03,15.08830164,0.0001416,53.2111,241.7461,88.8796,271.2359,-4.7864e-05,-1.049e-05,0.0,0 STARLINK-3958,1 52535U 22051C   23016.90212877 -.00001049  00000-0 -47864-4 0  9997,2 52535  53.2111 241.7461 0001416  88.8796 271.2359 15.08830164 38239,6917.91,95.438,540.755,538.7959999999999,0.0
52535.0,STARLINK-3958,PAYLOAD,2023-01-18 07:02:10,15.08844367,0.0001294,53.2121,235.4996,91.7001,268.4139,0.00038378,5.826e-05,0.0,0 STARLINK-3958,1 52535U 22051C   23018.29317194  .00005826  00000-0  38378-3 0  9993,2 52535  53.2121 235.4996 0001294  91.7001 268.4139 15.08844367 38446,6917.866999999999,95.437,540.627,538.837,0.0
52535.0,STARLINK-3958,PAYLOAD,2023-01-18 13:23:42,15.08844957,0.0001281,53.2113,234.3112,93.5729,266.5409,0.00036078,5.459e-05,0.0,0 STARLINK-3958,1 52535U 22051C   23018.55813196  .00005459  00000-0  36078-3 0  9992,2 52535  53.2113 234.3112 0001281  93.5729 266.5409 15.08844957 38419,6917.865,95.437,540.616,538.844,0.0
52535.0,STARLINK-3958,PAYLOAD,2023-01-18 21:20:37,15.0885407,0.0001255,53.2114,232.8242,94.3114,265.8021,0.00047884,7.344e-05,0.0,0 STARLINK-3958,1 52535U 22051C   23018.88932823  .00007344  00000-0  47884-3 0  9999,2 52535  53.2114 232.8242 0001255  94.3114 265.8021 15.08854070 38469,6917.837,95.437,540.571,538.8340000000001,0.0
52535.0,STARLINK-3958,PAYLOAD,2023-01-19 08:28:19,15.0884583,0.0001351,53.211000000000006,230.7429,93.2091,266.9055,0.00015914,2.246e-05,0.0,0 STARLINK-3958,1 52535U 22051C   23019.35300853  .00002246  00000-0  15914-3 0  9999,2 52535  53.2110 230.7429 0001351  93.2091 266.9055 15.08845830 38607,6917.863,95.437,540.6619999999999,538.793,0.0
52535.0,STARLINK-3958,PAYLOAD,2023-01-19 16:25:16,15.08833014,0.0001233,53.2109,229.2554,91.9374,268.1759,-0.00012079,-2.209e-05,0.0,0 STARLINK-3958,1 52535U 22051C   23019.68421308 -.00002209  00000-0 -12079-3 0  9994,2 52535  53.2109 229.2554 0001233  91.9374 268.1759 15.08833014 38656,6917.901999999999,95.438,540.62,538.914,0.0
52535.0,STARLINK-3958,PAYLOAD,2023-01-20 06:43:44,15.08840257,0.0001167,53.2108,226.5789,91.852,268.2606,0.00018439,2.648e-05,0.0,0 STARLINK-3958,1 52535U 22051C   23020.28037348  .00002648  00000-0  18439-3 0  9990,2 52535  53.2108 226.5789 0001167  91.8520 268.2606 15.08840257 38674,6917.88,95.438,540.552,538.937,0.0
52535.0,STARLINK-3958,PAYLOAD,2023-01-20 22:37:35,15.0885228,0.0001127,53.2105,223.6053,89.258,270.8542,0.00079644,0.00012414,0.0,0 STARLINK-3958,1 52535U 22051C   23020.94277294  .00012414  00000-0  79644-3 0  9996,2 52535  53.2105 223.6053 0001127  89.2580 270.8542 15.08852280 38842,6917.843000000001,95.437,540.487,538.928,0.0
52535.0,STARLINK-3958,PAYLOAD,2023-01-21 06:34:31,15.08847316,0.0001235,53.2113,222.1167,84.616,275.4973,0.00038828,5.898e-05,0.0,0 STARLINK-3958,1 52535U 22051C   23021.27397301  .00005898  00000-0  38828-3 0  9992,2 52535  53.2113 222.1167 0001235  84.6160 275.4973 15.08847316 38892,6917.858,95.437,540.577,538.869,0.0
52535.0,STARLINK-3958,PAYLOAD,2023-01-22 06:25:18,15.08847923,0.0001262,53.2113,217.657,80.5385,279.575,0.00023283,3.4200000000000005e-05,0.0,0 STARLINK-3958,1 52535U 22051C   23022.26757076  .00003420  00000-0  23283-3 0  9999,2 52535  53.2113 217.6570 0001262  80.5385 279.5750 15.08847923 39043,6917.856,95.437,540.594,538.8480000000001,0.0
52535.0,STARLINK-3958,PAYLOAD,2023-01-22 19:08:23,15.08840598,0.0001182,53.212,215.278,80.8556,279.257,4.7313e-05,4.65e-06,0.0,0 STARLINK-3958,1 52535U 22051C   23022.79749253  .00000465  00000-0  47313-4 0  9992,2 52535  53.2120 215.2780 0001182  80.8556 279.2570 15.08840598 39129,6917.879,95.438,540.561,538.9259999999999,0.0
52535.0,STARLINK-3958,PAYLOAD,2023-01-24 09:17:38,15.08837519,0.0001188,53.2144,208.1403,87.728,272.3848,9.1949e-05,1.176e-05,0.0,0 STARLINK-3958,1 52535U 22051C   23024.38725335  .00001176  00000-0  91949-4 0  9998,2 52535  53.2144 208.1403 0001188  87.7280 272.3848 15.08837519 39361,6917.888000000001,95.438,540.575,538.931,0.0
52535.0,STARLINK-3958,PAYLOAD,2023-01-25 07:33:02,15.08835134,0.0001183,53.2145,203.9771,90.0129,270.0998,4.3972e-05,4.12e-06,0.0,0 STARLINK-3958,1 52535U 22051C   23025.31461642  .00000412  00000-0  43972-4 0  9995,2 52535  53.2145 203.9771 0001183  90.0129 270.0998 15.08835134 39437,6917.895,95.438,540.5790000000001,538.942,0.0
52535.0,STARLINK-3958,PAYLOAD,2023-01-25 15:29:58,15.08835362,0.0001169,53.2146,202.4902,88.10600000000001,272.0066,6.531399999999999e-05,7.52e-06,0.0,0 STARLINK-3958,1 52535U 22051C   23025.64581658  .00000752  00000-0  65314-4 0  9992,2 52535  53.2146 202.4902 0001169  88.1060 272.0066 15.08835362 39558,6917.895,95.438,540.568,538.951,0.0
52535.0,STARLINK-3958,PAYLOAD,2023-01-25 17:05:21,15.08835943,0.0001173,53.2146,202.1928,88.2375,271.8752,5.7892e-05,6.34e-06,0.0,0 STARLINK-3958,1 52535U 22051C   23025.71205640  .00000634  00000-0  57892-4 0  9995,2 52535  53.2146 202.1928 0001173  88.2375 271.8752 15.08835943 39495,6917.893,95.438,540.569,538.946,0.0
52535.0,STARLINK-3958,PAYLOAD,2023-01-26 04:13:03,15.08838493,0.0001137999999999,53.2145,200.1109,86.709,273.4033,5.2369e-05,5.46e-06,0.0,0 STARLINK-3958,1 52535U 22051C   23026.17573506  .00000546  00000-0  52369-4 0  9991,2 52535  53.2145 200.1109 0001138  86.7090 273.4033 15.08838493 39562,6917.885,95.438,540.5369999999999,538.9630000000001,0.0
52535.0,STARLINK-3958,PAYLOAD,2023-01-26 20:06:54,15.0883966,0.0001131,53.2146,197.1372,87.6351,272.4771,7.1175e-05,8.45e-06,0.0,0 STARLINK-3958,1 52535U 22051C   23026.83813462  .00000845  00000-0  71175-4 0  9990,2 52535  53.2146 197.1372 0001131  87.6351 272.4771 15.08839660 39737,6917.880999999999,95.438,540.529,538.964,0.0
52535.0,STARLINK-3958,PAYLOAD,2023-01-27 13:36:10,15.08830215,0.0001203,53.2147,193.8656,90.6973,269.4157,2.0896e-05,4.5e-07,0.0,0 STARLINK-3958,1 52535U 22051C   23027.56678438  .00000045  00000-0  20896-4 0  9999,2 52535  53.2147 193.8656 0001203  90.6973 269.4157 15.08830215 39843,6917.91,95.438,540.6080000000001,538.943,0.0
52535.0,STARLINK-3958,PAYLOAD,2023-01-27 18:22:19,15.08833381,0.0001139999999999,53.2147,192.9737,89.6409,270.4714,3.7309e-05,3.06e-06,0.0,0 STARLINK-3958,1 52535U 22051C   23027.76550247  .00000306  00000-0  37309-4 0  9995,2 52535  53.2147 192.9737 0001140  89.6409 270.4714 15.08833381 39809,6917.901,95.438,540.554,538.977,0.0
52535.0,STARLINK-3958,PAYLOAD,2023-01-28 05:30:01,15.08839056,0.0001199,53.2147,190.8921,87.8281,272.2848,6.3166e-05,7.18e-06,0.0,0 STARLINK-3958,1 52535U 22051C   23028.22917866  .00000718  00000-0  63166-4 0  9998,2 52535  53.2147 190.8921 0001199  87.8281 272.2848 15.08839056 39941,6917.883000000001,95.438,540.578,538.919,0.0
52535.0,STARLINK-3958,PAYLOAD,2023-01-28 18:13:05,15.08847073,0.0001188,53.2148,188.5131,86.7654,273.3474,0.00011198,1.495e-05,0.0,0 STARLINK-3958,1 52535U 22051C   23028.75909170  .00001495  00000-0  11198-3 0  9995,2 52535  53.2148 188.5131 0001188  86.7654 273.3474 15.08847073 40025,6917.859,95.437,540.546,538.902,0.0
52535.0,STARLINK-3958,PAYLOAD,2023-01-29 05:20:48,15.08837114,0.0001281,53.2146,186.4323,77.4147,282.6988,7.623e-05,9.25e-06,0.0,0 STARLINK-3958,1 52535U 22051C   23029.22277924  .00000925  00000-0  76230-4 0  9999,2 52535  53.2146 186.4323 0001281  77.4147 282.6988 15.08837114 40096,6917.889,95.438,540.64,538.868,0.0
52535.0,STARLINK-3958,PAYLOAD,2023-01-29 16:28:30,15.08833242,0.0001216,53.2149,184.3503,79.7483,280.3646,3.4681e-05,2.64e-06,0.0,0 STARLINK-3958,1 52535U 22051C   23029.68646410  .00000264  00000-0  34681-4 0  9999,2 52535  53.2149 184.3503 0001216  79.7483 280.3646 15.08833242 40096,6917.901,95.438,540.607,538.925,0.0
52535.0,STARLINK-3958,PAYLOAD,2023-01-30 13:08:30,15.08841404,0.0001244,53.215,180.4842,81.5948,278.5185,-3.6423e-06,-3.46e-06,0.0,0 STARLINK-3958,1 52535U 22051C   23030.54757994 -.00000346  00000-0 -36423-5 0  9996,2 52535  53.2150 180.4842 0001244  81.5948 278.5185 15.08841404 40297,6917.876,95.437,540.602,538.881,0.0
52535.0,STARLINK-3958,PAYLOAD,2023-01-31 12:59:17,15.0883876,0.0001241,53.2151,176.0238,76.1994,283.9136,7.9165e-05,9.72e-06,0.0,0 STARLINK-3958,1 52535U 22051C   23031.54117783  .00000972  00000-0  79165-4 0  9995,2 52535  53.2151 176.0238 0001241  76.1994 283.9136 15.08838760 40372,6917.884,95.438,540.608,538.891,0.0
52535.0,STARLINK-3958,PAYLOAD,2023-01-31 19:20:49,15.08843985,0.0001198,53.2151,174.8339,81.6575,278.4553,8.8896e-05,1.127e-05,0.0,0 STARLINK-3958,1 52535U 22051C   23031.80613362  .00001127  00000-0  88896-4 0  9992,2 52535  53.2151 174.8339 0001198  81.6575 278.4553 15.08843985 40486,6917.868,95.437,540.562,538.904,0.0
52535.0,STARLINK-3958,PAYLOAD,2023-02-01 09:39:18,15.08840369,0.0001587,53.2154,172.1536,100.1435,259.9736,6.8963e-06,-1.78e-06,0.0,0 STARLINK-3958,1 52535U 22051C   23032.40229878 -.00000178  00000-0  68963-5 0  9994,2 52535  53.2154 172.1536 0001587 100.1435 259.9736 15.08840369 40573,6917.879,95.438,540.842,538.646,0.0
52535.0,STARLINK-3958,PAYLOAD,2023-02-01 12:50:04,15.08839592,0.0001431,53.2151,171.5598,105.6708,254.4442,5.2872e-06,-2.04e-06,0.0,0 STARLINK-3958,1 52535U 22051C   23032.53477865 -.00000204  00000-0  52872-5 0  9991,2 52535  53.2151 171.5598 0001431 105.6708 254.4442 15.08839592 40527,6917.882,95.438,540.737,538.757,0.0
52535.0,STARLINK-3958,PAYLOAD,2023-02-02 01:33:09,15.08794646,0.0001233,53.2151,169.1839,103.3398,256.7732,0.00047595,7.286e-05,0.0,0 STARLINK-3958,1 52535U 22051C   23033.06469475  .00007286  00000-0  47595-3 0  9998,2 52535  53.2151 169.1839 0001233 103.3398 256.7732 15.08794646 40671,6918.019,95.44,540.737,539.031,0.0
52535.0,STARLINK-3958,PAYLOAD,2023-02-02 12:40:52,15.08853622,0.0001123,53.2146,167.1031,90.1084,270.0037,-0.00024961,-4.26e-05,0.0,0 STARLINK-3958,1 52535U 22051C   23033.52838216 -.00004260  00000-0 -24961-3 0  9995,2 52535  53.2146 167.1031 0001123  90.1084 270.0037 15.08853622 40677,6917.839,95.437,540.481,538.927,0.0
52535.0,STARLINK-3958,PAYLOAD,2023-02-02 19:02:24,15.08843299,0.0001372,53.2145,165.9121,98.3903,261.7244,1.1883e-05,-9.9e-07,0.0,0 STARLINK-3958,1 52535U 22051C   23033.79333772 -.00000099  00000-0  11883-4 0  9996,2 52535  53.2145 165.9121 0001372  98.3903 261.7244 15.08843299 40786,6917.87,95.437,540.684,538.786,0.0
52535.0,STARLINK-3958,PAYLOAD,2023-02-03 07:45:30,15.08828191,0.0001308,53.2147,163.5342,89.5869,270.5273,-2.3518e-05,-6.62e-06,0.0,0 STARLINK-3958,1 52535U 22051C   23034.32327079 -.00000662  00000-0 -23518-4 0  9994,2 52535  53.2147 163.5342 0001308  89.5869 270.5273 15.08828191 40862,6917.916,95.438,540.686,538.877,0.0
52535.0,STARLINK-3958,PAYLOAD,2023-02-03 10:56:17,15.08828663,0.000156,53.2154,162.9372,89.2951,270.822,-4.779e-05,-1.048e-05,0.0,0 STARLINK-3958,1 52535U 22051C   23034.45575293 -.00001048  00000-0 -47790-4 0  9998,2 52535  53.2154 162.9372 0001560  89.2951 270.8220 15.08828663 40819,6917.915,95.438,540.859,538.701,0.0
52535.0,STARLINK-3958,PAYLOAD,2023-02-04 07:36:17,15.08834045,0.0001099,53.2155,159.0746,89.2678,270.844,6.0942e-05,6.82e-06,0.0,0 STARLINK-3958,1 52535U 22051C   23035.31686769  .00000682  00000-0  60942-4 0  9990,2 52535  53.2155 159.0746 0001099  89.2678 270.8440 15.08834045 41013,6917.899,95.438,540.524,539.003,0.0
52535.0,STARLINK-3958,PAYLOAD,2023-02-04 13:57:49,15.08846881,0.000115,53.2151,157.8847,88.7312,271.3812,6.6541e-05,7.72e-06,0.0,0 STARLINK-3958,1 52535U 22051C   23035.58182017  .00000772  00000-0  66541-4 0  9997,2 52535  53.2151 157.8847 0001150  88.7312 271.3812 15.08846881 41058,6917.859,95.437,540.52,538.929,0.0
52535.0,STARLINK-3958,PAYLOAD,2023-02-04 15:33:12,15.08848608,0.000115,53.2151,157.5873,88.0777,272.0346,8.1138e-05,1.004e-05,0.0,0 STARLINK-3958,1 52535U 22051C   23035.64805847  .00001004  00000-0  81138-4 0  9995,2 52535  53.2151 157.5873 0001150  88.0777 272.0346 15.08848608 40993,6917.854,95.437,540.515,538.924,0.0
52535.0,STARLINK-3958,PAYLOAD,2023-02-05 02:40:54,15.08833614,0.0001315,53.2155,155.5066,84.9092,275.205,0.00010867,1.442e-05,0.0,0 STARLINK-3958,1 52535U 22051C   23036.11174726  .00001442  00000-0  10867-3 0  9999,2 52535  53.2155 155.5066 0001315  84.9092 275.2050 15.08833614 41132,6917.9,95.438,540.675,538.855,0.0
52535.0,STARLINK-3958,PAYLOAD,2023-02-05 13:48:37,15.08833949,0.0001254,53.2152,153.4243,93.684,266.4296,7.2623e-05,8.68e-06,0.0,0 STARLINK-3958,1 52535U 22051C   23036.57543042  .00000868  00000-0  72623-4 0  9990,2 52535  53.2152 153.4243 0001254  93.6840 266.4296 15.08833949 41138,6917.899,95.438,540.631,538.896,0.0
52535.0,STARLINK-3958,PAYLOAD,2023-02-05 16:59:22,15.08843862,0.000113,53.2154,152.8291,101.1194,258.9925,8.8284e-05,1.118e-05,0.0,0 STARLINK-3958,1 52535U 22051C   23036.70790291  .00001118  00000-0  88284-4 0  9994,2 52535  53.2154 152.8291 0001130 101.1194 258.9925 15.08843862 41158,6917.869,95.437,540.515,538.952,0.0
52535.0,STARLINK-3958,PAYLOAD,2023-02-06 13:39:23,15.08848318,0.0001373,53.2157,148.9648,79.9074,280.2073,5.4062e-05,5.73e-06,0.0,0 STARLINK-3958,1 52535U 22051C   23037.56902204  .00000573  00000-0  54062-4 0  9999,2 52535  53.2157 148.9648 0001373  79.9074 280.2073 15.08848318 41288,6917.855,95.437,540.67,538.77,0.0
52535.0,STARLINK-3958,PAYLOAD,2023-02-06 16:50:09,15.08844499,0.00015,53.2172,148.3661,101.2865,258.8295,0.00025497,3.773e-05,0.0,0 STARLINK-3958,1 52535U 22051C   23037.70149869  .00003773  00000-0  25497-3 0  9999,2 52535  53.2172 148.3661 0001500 101.2865 258.8295 15.08844499 41376,6917.867,95.437,540.769,538.694,0.0
52535.0,STARLINK-3958,PAYLOAD,2023-02-07 13:30:10,15.08847301,0.0001644,53.2155,144.5066,72.5535,287.5637,0.00014783,2.066e-05,0.0,0 STARLINK-3958,1 52535U 22051C   23038.56261809  .00002066  00000-0  14783-3 0  9993,2 52535  53.2155 144.5066 0001644  72.5535 287.5637 15.08847301 41438,6917.858,95.437,540.86,538.586,0.0
52535.0,STARLINK-3958,PAYLOAD,2023-02-08 13:20:57,15.08851807,0.0001382,53.2172,140.0433,105.3491,254.7654,-5.8288e-05,-1.216e-05,0.0,0 STARLINK-3958,1 52535U 22051C   23039.55621854 -.00001216  00000-0 -58288-4 0  9990,2 52535  53.2172 140.0433 0001382 105.3491 254.7654 15.08851807 41656,6917.844,95.437,540.665,538.753,0.0
52535.0,STARLINK-3958,PAYLOAD,2023-02-08 16:31:42,15.08861174,0.0001137,53.217,139.4488,95.1149,264.9973,2.7434e-05,1.49e-06,0.0,0 STARLINK-3958,1 52535U 22051C   23039.68868999  .00000149  00000-0  27434-4 0  9998,2 52535  53.2170 139.4488 0001137  95.1149 264.9973 15.08861174 41677,6917.816,95.436,540.467,538.894,0.0
52535.0,STARLINK-3958,PAYLOAD,2023-02-09 06:50:13,15.0882945,0.0001327,53.2157,136.7738,106.685,253.4288,-7.8363e-05,-1.534e-05,0.0,0 STARLINK-3958,1 52535U 22051C   23040.28487388 -.00001534  00000-0 -78363-4 0  9993,2 52535  53.2157 136.7738 0001327 106.6850 253.4288 15.08829450 41761,6917.913,95.438,540.696,538.86,0.0
52535.0,STARLINK-3958,PAYLOAD,2023-02-09 11:36:22,15.0882771,0.000114,53.2163,135.8805,116.4282,243.6827,-5.8442e-05,-1.217e-05,0.0,0 STARLINK-3958,1 52535U 22051C   23040.48358954 -.00001217  00000-0 -58442-4 0  9995,2 52535  53.2163 135.8805 0001140 116.4282 243.6827 15.08827710 41727,6917.918,95.438,540.572,538.994,0.0
52535.0,STARLINK-3958,PAYLOAD,2023-02-09 16:22:30,15.08851002,0.0001083,53.2152,134.9874,119.3445,240.7655,0.00013587,1.876e-05,0.0,0 STARLINK-3958,1 52535U 22051C   23040.68229515  .00001876  00000-0  13587-3 0  9996,2 52535  53.2152 134.9874 0001083 119.3445 240.7655 15.08851002 41829,6917.847,95.437,540.461,538.963,0.0
52535.0,STARLINK-3958,PAYLOAD,2023-02-09 22:44:04,15.0883114,0.0001642,53.216,133.7986,74.002,286.1153,-7.802e-05,-1.529e-05,0.0,0 STARLINK-3958,1 52535U 22051C   23040.94727054 -.00001529  00000-0 -78020-4 0  9997,2 52535  53.2160 133.7986 0001642  74.0020 286.1153 15.08831140 41868,6917.907,95.438,540.908,538.637,0.0
52535.0,STARLINK-3958,PAYLOAD,2023-02-10 01:54:50,15.08831176,0.0001086,53.2158,133.2065,113.3601,246.7506,-0.00013042,-2.362e-05,0.0,0 STARLINK-3958,1 52535U 22051C   23041.07975014 -.00002362  00000-0 -13042-3 0  9991,2 52535  53.2158 133.2065 0001086 113.3601 246.7506 15.08831176 41810,6917.907,95.438,540.524,539.021,0.0
52535.0,STARLINK-3958,PAYLOAD,2023-02-10 13:02:33,15.08821168,7.93e-05,53.2156,131.1217,104.8479,255.2601,-0.00018045,-3.157e-05,0.0,0 STARLINK-3958,1 52535U 22051C   23041.54344859 -.00003157  00000-0 -18045-3 0  9991,2 52535  53.2156 131.1217 0000793 104.8479 255.2601 15.08821168 41952,6917.938,95.439,540.352,539.254,0.0
52535.0,STARLINK-3958,PAYLOAD,2023-02-10 22:34:52,15.08833626,7.75e-05,53.2158,129.3376,103.5695,256.5383,-8.324e-05,-1.612e-05,0.0,0 STARLINK-3958,1 52535U 22051C   23041.94088115 -.00001612  00000-0 -83240-4 0  9999,2 52535  53.2158 129.3376 0000775 103.5695 256.5383 15.08833626 42016,6917.9,95.438,540.301,539.229,0.0
52535.0,STARLINK-3958,PAYLOAD,2023-02-11 12:53:18,15.08858952,0.0001436,53.216,126.6606,124.8723,235.2405,0.00026417,3.921e-05,0.0,0 STARLINK-3958,1 52535U 22051C   23042.53701943  .00003921  00000-0  26417-3 0  9991,2 52535  53.2160 126.6606 0001436 124.8723 235.2405 15.08858952 42106,6917.822,95.436,540.681,538.694,0.0
52535.0,STARLINK-3958,PAYLOAD,2023-02-11 17:39:26,15.08875633,9.62e-05,53.2155,125.7691,115.1557,244.9535,0.00039283,5.976e-05,0.0,0 STARLINK-3958,1 52535U 22051C   23042.73572363  .00005976  00000-0  39283-3 0  9992,2 52535  53.2155 125.7691 0000962 115.1557 244.9535 15.08875633 42066,6917.771,95.435,540.302,538.971,0.0
52535.0,STARLINK-3958,PAYLOAD,2023-02-11 22:25:38,15.08839572,0.0001178,53.2154,124.8761,230.848,129.2407,-5.2783e-05,-1.128e-05,0.0,0 STARLINK-3958,1 52535U 22051C   23042.93447068 -.00001128  00000-0 -52783-4 0  9995,2 52535  53.2154 124.8761 0001178 230.8480 129.2407 15.08839572 42169,6917.882,95.438,540.562,538.932,0.0
52535.0,STARLINK-3958,PAYLOAD,2023-02-12 06:22:35,15.08824497,0.0001028,53.216,123.3897,103.6159,256.4947,0.00021243,3.093e-05,0.0,0 STARLINK-3958,1 52535U 22051C   23043.26568453  .00003093  00000-0  21243-3 0  9991,2 52535  53.2160 123.3897 0001028 103.6159 256.4947 15.08824497 42212,6917.928,95.439,540.504,539.082,0.0
52535.0,STARLINK-3958,PAYLOAD,2023-02-12 14:19:29,15.08844717,9.05e-05,53.2163,121.9019,112.5548,247.554,0.00031444,4.721e-05,0.0,0 STARLINK-3958,1 52535U 22051C   23043.59686989  .00004721  00000-0  31444-3 0  9995,2 52535  53.2163 121.9019 0000905 112.5548 247.5540 15.08844717 42261,6917.866,95.437,540.357,539.105,0.0
52535.0,STARLINK-3958,PAYLOAD,2023-02-12 22:16:26,15.08838777,0.0001351,53.2154,120.4165,88.4343,271.6804,0.00014327,1.993e-05,0.0,0 STARLINK-3958,1 52535U 22051C   23043.92808149  .00001993  00000-0  14327-3 0  9995,2 52535  53.2154 120.4165 0001351  88.4343 271.6804 15.08838777 42313,6917.884,95.438,540.684,538.815,0.0
52535.0,STARLINK-3958,PAYLOAD,2023-02-13 14:10:16,15.08876455,0.0001428,53.2144,117.445,88.5504,271.5652,-0.00038365,-6.395e-05,0.0,0 STARLINK-3958,1 52535U 22051C   23044.59046636 -.00006395  00000-0 -38365-3 0  9995,2 52535  53.2144 117.4450 0001428  88.5504 271.5652 15.08876455 42416,6917.769,95.435,540.622,538.646,0.0
52535.0,STARLINK-3958,PAYLOAD,2023-02-13 23:42:35,15.08846683,0.0001168,53.2139,115.6592,117.1207,242.9904,-8.2187e-05,-1.596e-05,0.0,0 STARLINK-3958,1 52535U 22051C   23044.98791512 -.00001596  00000-0 -82187-4 0  9998,2 52535  53.2139 115.6592 0001168 117.1207 242.9904 15.08846683 42475,6917.86,95.437,540.533,538.917,0.0
52535.0,STARLINK-3958,PAYLOAD,2023-02-14 10:50:18,15.08837892,0.0001201,53.2147,113.5769,106.0078,254.1047,0.00012273,1.666e-05,0.0,0 STARLINK-3958,1 52535U 22051C   23045.45159858  .00001666  00000-0  12273-3 0  9996,2 52535  53.2147 113.5769 0001201 106.0078 254.1047 15.08837892 42473,6917.887,95.438,540.583,538.921,0.0
52535.0,STARLINK-3958,PAYLOAD,2023-02-15 13:51:50,15.08858623,0.000119,53.2161,108.5193,94.5566,265.5562,0.00012225,1.659e-05,0.0,0 STARLINK-3958,1 52535U 22051C   23046.57766491  .00001659  00000-0  12225-3 0  9996,2 52535  53.2161 108.5193 0001190  94.5566 265.5562 15.08858623 42714,6917.823,95.436,540.512,538.865,0.0
52535.0,STARLINK-3958,PAYLOAD,2023-02-15 15:27:12,15.08862058,0.0001089,53.2157,108.2248,82.3221,277.7895,0.00023143,3.399e-05,0.0,0 STARLINK-3958,1 52535U 22051C   23046.64389993  .00003399  00000-0  23143-3 0  9996,2 52535  53.2157 108.2248 0001089  82.3221 277.7895 15.08862058 42651,6917.813,95.436,540.431,538.925,0.0
52535.0,STARLINK-3958,PAYLOAD,2023-02-16 10:31:50,15.08862409,0.0001326,53.2154,104.6556,97.8032,262.311,0.00025897,3.838e-05,0.0,0 STARLINK-3958,1 52535U 22051C   23047.43877734  .00003838  00000-0  25897-3 0  9995,2 52535  53.2154 104.6556 0001326  97.8032 262.3110 15.08862409 42778,6917.812,95.436,540.594,538.76,0.0
52535.0,STARLINK-3958,PAYLOAD,2023-02-16 20:04:11,15.08827637,0.0001914,53.2156,102.87,82.7436,277.3774,-0.00016871,-2.971e-05,0.0,0 STARLINK-3958,1 52535U 22051C   23047.83623976 -.00002971  00000-0 -16871-3 0  9997,2 52535  53.2156 102.8700 0001914  82.7436 277.3774 15.08827637 42838,6917.918,95.438,541.107,538.459,0.0
52535.0,STARLINK-3958,PAYLOAD,2023-02-17 10:22:40,15.08817663,0.0001061,53.2158,100.1978,86.9562,273.1552,-0.00023562,-4.033e-05,0.0,0 STARLINK-3958,1 52535U 22051C   23048.43240787 -.00004033  00000-0 -23562-3 0  9995,2 52535  53.2158 100.1978 0001061  86.9562 273.1552 15.08817663 42990,6917.949,95.439,540.548,539.08,0.0
52535.0,STARLINK-3958,PAYLOAD,2023-02-17 19:54:58,15.08825947,9.47e-05,53.2152,98.4092,82.4713,277.6387,-0.00026831,-4.554e-05,0.0,0 STARLINK-3958,1 52535U 22051C   23048.82984518 -.00004554  00000-0 -26831-3 0  9995,2 52535  53.2152  98.4092 0000947  82.4713 277.6387 15.08825947 43058,6917.923,95.438,540.443,539.133,0.0
52535.0,STARLINK-3958,PAYLOAD,2023-02-18 10:13:26,15.08836575,8.65e-05,53.2153,95.7353,95.7257,264.3833,-3.0744e-05,-7.77e-06,0.0,0 STARLINK-3958,1 52535U 22051C   23049.42600635 -.00000777  00000-0 -30744-4 0  9999,2 52535  53.2153  95.7353 0000865  95.7257 264.3833 15.08836575 43146,6917.891,95.438,540.354,539.157,0.0
52535.0,STARLINK-3958,PAYLOAD,2023-02-18 13:24:13,15.08837685,8.78e-05,53.2152,95.1403,95.7596,264.3497,0.0002493,3.682e-05,0.0,0 STARLINK-3958,1 52535U 22051C   23049.55848868  .00003682  00000-0  24930-3 0  9990,2 52535  53.2152  95.1403 0000878  95.7596 264.3497 15.08837685 43098,6917.887,95.438,540.36,539.145,0.0
52535.0,STARLINK-3958,PAYLOAD,2023-02-19 14:50:22,15.08872719,7.38e-05,53.2144,90.382,87.2319,272.8757,0.0009556,0.00014967,0.0,0 STARLINK-3958,1 52535U 22051C   23050.61832147  .00014967  00000-0  95560-3 0  9997,2 52535  53.2144  90.3820 0000738  87.2319 272.8757 15.08872719 43329,6917.78,95.435,540.156,539.135,0.0
52535.0,STARLINK-3958,PAYLOAD,2023-02-19 19:36:32,15.08853185,4.8e-06,53.2142,89.4883,231.926,128.1728,0.00016104,2.277e-05,0.0,0 STARLINK-3958,1 52535U 22051C   23050.81704106  .00002277  00000-0  16104-3 0  9990,2 52535  53.2142  89.4883 0000048 231.9260 128.1728 15.08853185 43352,6917.84,95.437,539.738,539.672,0.0
52535.0,STARLINK-3958,PAYLOAD,2023-02-20 13:05:46,15.0886702,9.89e-05,53.2139,86.2182,85.0477,275.0628,0.00091012,0.00014237,0.0,0 STARLINK-3958,1 52535U 22051C   23051.54567798  .00014237  00000-0  91012-3 0  9995,2 52535  53.2139  86.2182 0000989  85.0477 275.0628 15.08867020 43395,6917.798,95.436,540.347,538.979,0.0
52535.0,STARLINK-3958,PAYLOAD,2023-02-20 19:27:19,15.08847927,2.43e-05,53.2138,85.0284,189.4651,170.6336,0.00020382,2.959e-05,0.0,0 STARLINK-3958,1 52535U 22051C   23051.81063695  .00002959  00000-0  20382-3 0  9992,2 52535  53.2138  85.0284 0000243 189.4651 170.6336 15.08847927 43503,6917.856,95.437,539.889,539.553,0.0
52535.0,STARLINK-3958,PAYLOAD,2023-02-21 09:45:47,15.08845415,0.0001124,53.2136,82.3521,96.0887,264.0233,0.0011049,0.00017343,0.0,0 STARLINK-3958,1 52535U 22051C   23052.40680284  .00017343  00000-0  11049-2 0  9999,2 52535  53.2136  82.3521 0001124  96.0887 264.0233 15.08845415 43591,6917.864,95.437,540.506,538.951,0.0
52535.0,STARLINK-3958,PAYLOAD,2023-02-21 19:18:06,15.08844735,0.000124,53.2139,80.5671,89.3232,270.7902,0.00069216,0.00010746,0.0,0 STARLINK-3958,1 52535U 22051C   23052.80424504  .00010746  00000-0  69216-3 0  9994,2 52535  53.2139  80.5671 0001240  89.3232 270.7902 15.08844735 43656,6917.866,95.437,540.589,538.873,0.0
52535.0,STARLINK-3958,PAYLOAD,2023-02-22 08:01:12,15.08839556,0.0001275,53.214,78.1878,92.1705,267.9434,0.00036793,5.572e-05,0.0,0 STARLINK-3958,1 52535U 22051C   23053.33416724  .00005572  00000-0  36793-3 0  9993,2 52535  53.2140  78.1878 0001275  92.1705 267.9434 15.08839556 43737,6917.882,95.438,540.629,538.865,0.0
52535.0,STARLINK-3958,PAYLOAD,2023-02-22 12:47:21,15.08847089,0.0001148,53.2137,77.2958,92.5898,267.5226,0.00050964,7.834e-05,0.0,0 STARLINK-3958,1 52535U 22051C   23053.53288523  .00007834  00000-0  50964-3 0  9998,2 52535  53.2137  77.2958 0001148  92.5898 267.5226 15.08847089 43698,6917.859,95.437,540.518,538.93,0.0
52535.0,STARLINK-3958,PAYLOAD,2023-02-22 19:08:53,15.08849789,0.0001161,53.2138,76.1064,91.222,268.8905,0.00048319,7.412e-05,0.0,0 STARLINK-3958,1 52535U 22051C   23053.79784377  .00007412  00000-0  48319-3 0  9997,2 52535  53.2138  76.1064 0001161  91.2220 268.8905 15.08849789 43737,6917.85,95.437,540.519,538.912,0.0
52535.0,STARLINK-3958,PAYLOAD,2023-02-23 04:41:12,15.08838971,0.0001539,53.2141,74.3221,106.2742,253.8419,0.00026534,3.937e-05,0.0,0 STARLINK-3958,1 52535U 22051C   23054.19528863  .00003937  00000-0  26534-3 0  9991,2 52535  53.2141  74.3221 0001539 106.2742 253.8419 15.08838971 43860,6917.884,95.438,540.813,538.684,0.0
52535.0,STARLINK-3958,PAYLOAD,2023-02-23 12:38:08,15.08848377,0.0001361,53.2142,72.834,99.1881,260.9265,0.00037784,5.732e-05,0.0,0 STARLINK-3958,1 52535U 22051C   23054.52648574  .00005732  00000-0  37784-3 0  9994,2 52535  53.2142  72.8340 0001361  99.1881 260.9265 15.08848377 43840,6917.855,95.437,540.661,538.778,0.0
52535.0,STARLINK-3958,PAYLOAD,2023-02-24 06:07:22,15.08843809,0.000163,53.2143,69.5607,111.5876,248.529,0.00016245,2.299e-05,0.0,0 STARLINK-3958,1 52535U 22051C   23055.25512636  .00002299  00000-0  16245-3 0  9998,2 52535  53.2143  69.5607 0001630 111.5876 248.5290 15.08843809 44028,6917.869,95.437,540.861,538.606,0.0
52535.0,STARLINK-3958,PAYLOAD,2023-02-24 12:28:55,15.08852217,0.0001387,53.216,68.3729,105.0384,255.0762,0.00028074,4.184e-05,0.0,0 STARLINK-3958,1 52535U 22051C   23055.52008216  .00004184  00000-0  28074-3 0  9990,2 52535  53.2160  68.3729 0001387 105.0384 255.0762 15.08852217 43995,6917.843,95.437,540.668,538.749,0.0
52535.0,STARLINK-3958,PAYLOAD,2023-02-24 17:15:04,15.08838089,2.29e-05,53.2167,67.4873,128.2428,231.8585,-7.6237e-05,-1.5e-05,0.0,0 STARLINK-3958,1 52535U 22051C   23055.71880414 -.00001500  00000-0 -76237-4 0  9995,2 52535  53.2167  67.4873 0000229 128.2428 231.8585 15.08838089 44023,6917.886,95.438,539.91,539.593,0.0
52535.0,STARLINK-3958,PAYLOAD,2023-02-25 07:33:33,15.08839643,0.0001257,53.2159,64.8069,88.3851,271.7285,6.9863e-05,8.24e-06,0.0,0 STARLINK-3958,1 52535U 22051C   23056.31496791  .00000824  00000-0  69863-4 0  9996,2 52535  53.2159  64.8069 0001257  88.3851 271.7285 15.08839643 44184,6917.881,95.438,540.616,538.877,0.0
52535.0,STARLINK-3958,PAYLOAD,2023-02-25 12:19:42,15.0884503,0.0001329,53.216,63.9146,91.9874,268.1271,0.00022562,3.305e-05,0.0,0 STARLINK-3958,1 52535U 22051C   23056.51368665  .00003305  00000-0  22562-3 0  9997,2 52535  53.2160  63.9146 0001329  91.9874 268.1271 15.08845030 44145,6917.865,95.437,540.649,538.811,0.0
52535.0,STARLINK-3958,PAYLOAD,2023-02-25 17:05:52,15.08829889,0.0001661,53.2156,63.0197,90.1059,270.0123,-7.5577e-05,-1.49e-05,0.0,0 STARLINK-3958,1 52535U 22051C   23056.71241226 -.00001490  00000-0 -75577-4 0  9992,2 52535  53.2156  63.0197 0001661  90.1059 270.0123 15.08829889 44245,6917.911,95.438,540.925,538.627,0.0
52535.0,STARLINK-3958,PAYLOAD,2023-02-26 04:13:34,15.08849373,0.0001223,53.2156,60.9402,100.0769,260.0361,0.00037788,5.733e-05,0.0,0 STARLINK-3958,1 52535U 22051C   23057.17608816  .00005733  00000-0  37788-3 0  9998,2 52535  53.2156  60.9402 0001223 100.0769 260.0361 15.08849373 44314,6917.852,95.437,540.563,538.871,0.0
52535.0,STARLINK-3958,PAYLOAD,2023-02-26 12:10:29,15.08868264,0.0001316,53.2155,59.4536,98.9876,261.1265,0.0013893,0.00021909,0.0,0 STARLINK-3958,1 52535U 22051C   23057.50728579  .00021909  00000-0  13893-2 0  9997,2 52535  53.2155  59.4536 0001316  98.9876 261.1265 15.08868264 44293,6917.794,95.436,540.569,538.749,0.0
52535.0,STARLINK-3958,PAYLOAD,2023-02-26 16:56:39,15.08849623,0.0001276,53.2157,58.5619,85.1151,274.9987,0.00095782,0.00014993,0.0,0 STARLINK-3958,1 52535U 22051C   23057.70601003  .00014993  00000-0  95782-3 0  9994,2 52535  53.2157  58.5619 0001276  85.1151 274.9987 15.08849623 44321,6917.851,95.437,540.599,538.833,0.0
52535.0,STARLINK-3958,PAYLOAD,2023-02-27 05:39:44,15.08844628,0.0001462,53.2161,56.1837,90.5107,269.6052,0.00055498,8.557e-05,0.0,0 STARLINK-3958,1 52535U 22051C   23058.23593289  .00008557  00000-0  55498-3 0  9998,2 52535  53.2161  56.1837 0001462  90.5107 269.6052 15.08844628 44470,6917.866,95.437,540.743,538.72,0.0
52535.0,STARLINK-3958,PAYLOAD,2023-02-27 08:50:30,15.08847012,0.0001524,53.2161,55.5888,93.7226,266.394,0.00071471,0.00011107,0.0,0 STARLINK-3958,1 52535U 22051C   23058.36841273  .00011107  00000-0  71471-3 0  9995,2 52535  53.2161  55.5888 0001524  93.7226 266.3940 15.08847012 44420,6917.859,95.437,540.778,538.67,0.0
52535.0,STARLINK-3958,PAYLOAD,2023-02-27 16:47:26,15.08882743,0.0001314,53.2156,54.1014,89.1676,270.9467,0.0033498,0.00053492,0.0,0 STARLINK-3958,1 52535U 22051C   23058.69961046  .00053492  00000-0  33498-2 0  9991,2 52535  53.2156  54.1014 0001314  89.1676 270.9467 15.08882743 44543,6917.75,95.435,540.524,538.706,0.0
52535.0,STARLINK-3958,PAYLOAD,2023-02-28 07:05:53,15.08900757,0.0001333,53.2152,51.4249,94.1103,266.0041,0.0024401,0.00038825,0.0,0 STARLINK-3958,1 52535U 22051C   23059.29575546  .00038825  00000-0  24401-2 0  9991,2 52535  53.2152  51.4249 0001333  94.1103 266.0041 15.08900757 44631,6917.695,95.434,540.482,538.638,0.0
52535.0,STARLINK-3958,PAYLOAD,2023-02-28 11:52:02,15.08892985,0.0001494,53.2148,50.5319,80.6987,279.4174,0.0014412,0.00022756,0.0,0 STARLINK-3958,1 52535U 22051C   23059.49446923  .00022756  00000-0  14412-2 0  9996,2 52535  53.2148  50.5319 0001494  80.6987 279.4174 15.08892985 44595,6917.718,95.434,540.617,538.55,0.0
52535.0,STARLINK-3958,PAYLOAD,2023-02-28 16:38:12,15.08812482,0.0001337,53.2158,49.6406,73.8167,286.2972,-0.001587,-0.00025437,0.0,0 STARLINK-3958,1 52535U 22051C   23059.69320427 -.00025437  00000-0 -15870-2 0  9998,2 52535  53.2158  49.6406 0001337  73.8167 286.2972 15.08812482 44622,6917.965,95.439,540.754,538.905,0.0
52535.0,STARLINK-3958,PAYLOAD,2023-03-01 05:21:19,15.08792434,0.0001476,53.2153,47.262,70.375,289.7401,0.0009882,0.00015454,0.0,0 STARLINK-3958,1 52535U 22051C   23060.22314208  .00015454  00000-0  98820-3 0  9992,2 52535  53.2153  47.2620 0001476  70.3750 289.7401 15.08792434 44778,6918.026,95.441,540.912,538.87,0.0
52535.0,STARLINK-3958,PAYLOAD,2023-03-01 16:29:02,15.08810893,0.0001564,53.2157,45.1799,70.2699,289.8462,0.0018049,0.00028531,0.0,0 STARLINK-3958,1 52535U 22051C   23060.68683620  .00028531  00000-0  18049-2 0  9993,2 52535  53.2157  45.1799 0001564  70.2699 289.8462 15.08810893 44773,6917.969,95.439,540.916,538.752,0.0
52535.0,STARLINK-3958,PAYLOAD,2023-03-02 03:36:44,15.08846721,0.0001508,53.2156,43.0984,67.4597,292.6555,0.0019988,0.00031672,0.0,0 STARLINK-3958,1 52535U 22051C   23061.15051729  .00031672  00000-0  19988-2 0  9998,2 52535  53.2156  43.0984 0001508  67.4597 292.6555 15.08846721 44918,6917.86,95.437,540.768,538.682,0.0
52535.0,STARLINK-3958,PAYLOAD,2023-03-02 08:22:53,15.08859742,0.0001581,53.2155,42.2064,65.8948,294.221,0.0019767,0.00031328,0.0,0 STARLINK-3958,1 52535U 22051C   23061.34923536  .00031328  00000-0  19767-2 0  9996,2 52535  53.2155  42.2064 0001581  65.8948 294.2210 15.08859742 44878,6917.82,95.436,540.779,538.591,0.0
52535.0,STARLINK-3958,PAYLOAD,2023-03-03 09:49:01,15.08917733,0.0001569,53.216,37.4479,69.3197,290.7963,0.0023826,0.00037916,0.0,0 STARLINK-3958,1 52535U 22051C   23062.40904743  .00037916  00000-0  23826-2 0  9993,2 52535  53.2160  37.4479 0001569  69.3197 290.7963 15.08917733 45109,6917.643,95.433,540.593,538.422,0.0
52535.0,STARLINK-3958,PAYLOAD,2023-03-04 04:53:38,15.08882892,0.0001254,53.2172,33.8808,88.7725,271.3411,0.0028314,0.00045115,0.0,0 STARLINK-3958,1 52535U 22051C   23063.20392185  .00045115  00000-0  28314-2 0  9990,2 52535  53.2172  33.8808 0001254  88.7725 271.3411 15.08882892 45224,6917.749,95.435,540.482,538.747,0.0
52535.0,STARLINK-3958,PAYLOAD,2023-03-04 09:39:47,15.08895099,0.0001236,53.2169,32.988,86.4443,273.6691,0.0027302,0.00043497,0.0,0 STARLINK-3958,1 52535U 22051C   23063.40263573  .00043497  00000-0  27302-2 0  9997,2 52535  53.2169  32.9880 0001236  86.4443 273.6691 15.08895099 45185,6917.712,95.434,540.432,538.722,0.0
52535.0,STARLINK-3958,PAYLOAD,2023-03-04 22:22:53,15.08827682,0.0001986,53.2168,30.6096,87.8159,272.306,0.0020491,0.00032463,0.0,0 STARLINK-3958,1 52535U 22051C   23063.93256865  .00032463  00000-0  20491-2 0  9994,2 52535  53.2168  30.6096 0001986  87.8159 272.3060 15.08827682 45335,6917.918,95.438,541.157,538.409,0.0
52535.0,STARLINK-3958,PAYLOAD,2023-03-05 07:55:12,15.08865165,0.0001183,53.2173,28.8251,115.8544,244.2571,0.0032907,0.0005251,0.0,0 STARLINK-3958,1 52535U 22051C   23064.33000545  .00052510  00000-0  32907-2 0  9991,2 52535  53.2173  28.8251 0001183 115.8544 244.2571 15.08865165 45391,6917.803,95.436,540.487,538.85,0.0
52535.0,STARLINK-3958,PAYLOAD,2023-03-06 06:10:36,15.08867147,9.58e-05,53.2169,24.6616,108.9093,251.2003,0.0027271,0.00043414,0.0,0 STARLINK-3958,1 52535U 22051C   23065.25737157  .00043414  00000-0  27271-2 0  9990,2 52535  53.2169  24.6616 0000958 108.9093 251.2003 15.08867147 45532,6917.797,95.436,540.325,539.0,0.0
52535.0,STARLINK-3958,PAYLOAD,2023-03-06 20:29:06,15.0883564,0.000171,53.2167,21.9859,104.2131,255.9051,0.0030129,0.00047983,0.0,0 STARLINK-3958,1 52535U 22051C   23065.85354285  .00047983  00000-0  30129-2 0  9994,2 52535  53.2167  21.9859 0001710 104.2131 255.9051 15.08835640 45625,6917.894,95.438,540.942,538.576,0.0
52535.0,STARLINK-3958,PAYLOAD,2023-03-07 06:01:25,15.08848442,9.48e-05,53.2163,20.2002,88.7053,271.4047,0.0019406,0.00030739,0.0,0 STARLINK-3958,1 52535U 22051C   23066.25098388  .00030739  00000-0  19406-2 0  9994,2 52535  53.2163  20.2002 0000948  88.7053 271.4047 15.08848442 45682,6917.855,95.437,540.375,539.064,0.0
52535.0,STARLINK-3958,PAYLOAD,2023-03-08 05:52:11,15.0887106,0.0001245,53.2162,15.7404,75.9299,284.1832,0.0014586,0.00023022,0.0,0 STARLINK-3958,1 52535U 22051C   23067.24458119  .00023022  00000-0  14586-2 0  9997,2 52535  53.2162  15.7404 0001245  75.9299 284.1832 15.08871060 45839,6917.785,95.436,540.512,538.789,0.0
52535.0,STARLINK-3958,PAYLOAD,2023-03-08 20:10:40,15.08857398,8.68e-05,53.2169,13.064,100.466,259.643,0.0012517,0.00019698,0.0,0 STARLINK-3958,1 52535U 22051C   23067.84074163  .00019698  00000-0  12517-2 0  9992,2 52535  53.2169  13.0640 0000868 100.4660 259.6430 15.08857398 45856,6917.827,95.436,540.293,539.092,0.0
52535.0,STARLINK-3958,PAYLOAD,2023-03-09 02:32:12,15.08867434,8.81e-05,53.2169,11.8755,97.9096,262.1996,0.0025355,0.00040326,0.0,0 STARLINK-3958,1 52535U 22051C   23068.10570116  .00040326  00000-0  25355-2 0  9997,2 52535  53.2169  11.8755 0000881  97.9096 262.1996 15.08867434 45967,6917.797,95.436,540.271,539.052,0.0
52535.0,STARLINK-3958,PAYLOAD,2023-03-10 02:22:59,15.08880376,0.0001206,53.2175,7.4147,72.5717,287.5407,0.0020979,0.00033295,0.0,0 STARLINK-3958,1 52535U 22051C   23069.09929486  .00033295  00000-0  20979-2 0  9998,2 52535  53.2175   7.4147 0001206  72.5717 287.5407 15.08880376 46117,6917.757,95.435,540.456,538.788,0.0
52535.0,STARLINK-3958,PAYLOAD,2023-03-11 03:49:10,15.0882904,0.0001068,53.2178,2.6574,104.5405,255.5705,0.00063401,9.814e-05,0.0,0 STARLINK-3958,1 52535U 22051C   23070.15914742  .00009814  00000-0  63401-3 0  9994,2 52535  53.2178   2.6574 0001068 104.5405 255.5705 15.08829040 46271,6917.914,95.438,540.518,539.04,0.0
52535.0,STARLINK-3958,PAYLOAD,2023-03-11 06:59:56,15.0884327,8.97e-05,53.2165,2.0628,93.2251,266.8844,0.0011497,0.00018058,0.0,0 STARLINK-3958,1 52535U 22051C   23070.29162582  .00018058  00000-0  11497-2 0  9993,2 52535  53.2165   2.0628 0000897  93.2251 266.8844 15.08843270 46295,6917.87,95.437,540.356,539.115,0.0
52535.0,STARLINK-3958,PAYLOAD,2023-03-12 05:15:23,15.08810437,8.85e-05,53.2174,357.8996,98.7093,261.4,0.0014298,0.00022522,0.0,0 STARLINK-3958,1 52535U 22051C   23071.21901781  .00022522  00000-0  14298-2 0  9991,2 52535  53.2174 357.8996 0000885  98.7093 261.4000 15.08810437 46435,6917.971,95.439,540.448,539.224,0.0
52535.0,STARLINK-3958,PAYLOAD,2023-03-12 19:33:50,15.08862054,8.3e-05,53.2181,355.2269,95.7664,264.3423,0.001517,0.00023952,0.0,0 STARLINK-3958,1 52535U 22051C   23071.81516727  .00023952  00000-0  15170-2 0  9997,2 52535  53.2181 355.2269 0000830  95.7664 264.3423 15.08862054 46522,6917.813,95.436,540.252,539.104,0.0
52535.0,STARLINK-3958,PAYLOAD,2023-03-13 03:30:44,15.08904166,6.25e-05,53.2176,353.7368,102.2221,257.8841,0.001625,0.00025714,0.0,0 STARLINK-3958,1 52535U 22051C   23072.14635047  .00025714  00000-0  16250-2 0  9999,2 52535  53.2176 353.7368 0000625 102.2221 257.8841 15.08904166 46571,6917.684,95.433,539.982,539.117,0.0
52535.0,STARLINK-3958,PAYLOAD,2023-03-13 22:35:22,15.08853683,6.8e-05,53.2164,350.1634,144.6184,215.4853,-0.00022912,-3.934e-05,0.0,0 STARLINK-3958,1 52535U 22051C   23072.94122767 -.00003934  00000-0 -22912-3 0  9992,2 52535  53.2164 350.1634 0000680 144.6184 215.4853 15.08853683 46620,6917.839,95.437,540.174,539.233,0.0
52535.0,STARLINK-3958,PAYLOAD,2023-03-14 04:56:54,15.08857747,0.0001011,53.2167,348.9787,154.3692,205.735,0.0015605,0.00024647,0.0,0 STARLINK-3958,1 52535U 22051C   23073.20618869  .00024647  00000-0  15605-2 0  9997,2 52535  53.2167 348.9787 0001011 154.3692 205.7350 15.08857747 46739,6917.826,95.436,540.391,538.992,0.0
52535.0,STARLINK-3958,PAYLOAD,2023-03-14 11:18:27,15.08818331,0.0001162,53.2166,347.7909,139.0051,221.1029,0.0036738,0.00058632,0.0,0 STARLINK-3958,1 52535U 22051C   23073.47115081  .00058632  00000-0  36738-2 0  9995,2 52535  53.2166 347.7909 0001162 139.0051 221.1029 15.08818331 46772,6917.947,95.439,540.615,539.008,0.0
52535.0,STARLINK-3958,PAYLOAD,2023-03-15 03:12:17,15.08903572,0.0001149,53.2159,344.8165,149.0159,211.0901,0.0033795,0.00054003,0.0,0 STARLINK-3958,1 52535U 22051C   23074.13353731  .00054003  00000-0  33795-2 0  9993,2 52535  53.2159 344.8165 0001149 149.0159 211.0901 15.08903572 46804,6917.686,95.434,540.346,538.756,0.0
52535.0,STARLINK-3958,PAYLOAD,2023-03-15 22:16:55,15.08861606,0.0001375,53.2162,341.2479,167.8027,192.2998,0.00253,0.00040231,0.0,0 STARLINK-3958,1 52535U 22051C   23074.92842313  .00040231  00000-0  25300-2 0  9990,2 52535  53.2162 341.2479 0001375 167.8027 192.2998 15.08861606 46920,6917.814,95.436,540.631,538.728,0.0
52535.0,STARLINK-3958,PAYLOAD,2023-03-16 04:38:28,15.08868868,9.41e-05,53.2163,340.0585,110.3812,249.7281,0.0027618,0.00043975,0.0,0 STARLINK-3958,1 52535U 22051C   23075.19338389  .00043975  00000-0  27618-2 0  9995,2 52535  53.2163 340.0585 0000941 110.3812 249.7281 15.08868868 47032,6917.792,95.436,540.308,539.006,0.0
52535.0,STARLINK-3958,PAYLOAD,2023-03-16 23:43:07,15.08824359,0.0001007,53.2172,336.4892,37.0489,323.0572,0.0014734,0.00023229,0.0,0 STARLINK-3958,1 52535U 22051C   23075.98828414  .00023229  00000-0  14734-2 0  9990,2 52535  53.2172 336.4892 0001007  37.0489 323.0572 15.08824359 47150,6917.928,95.439,540.49,539.097,0.0
52535.0,STARLINK-3958,PAYLOAD,2023-03-17 10:50:49,15.08839108,8.27e-05,53.217,334.4081,63.4409,296.6668,0.0013938,0.00021963,0.0,0 STARLINK-3958,1 52535U 22051C   23076.45196648  .00021963  00000-0  13938-2 0  9998,2 52535  53.2170 334.4081 0000827  63.4409 296.6668 15.08839108 47159,6917.883,95.438,540.32,539.176,0.0
52535.0,STARLINK-3958,PAYLOAD,2023-03-17 21:58:31,15.08877508,0.0001479,53.2162,332.3292,47.5201,312.5916,0.0020356,0.00032291,0.0,0 STARLINK-3958,1 52535U 22051C   23076.91564059  .00032291  00000-0  20356-2 0  9992,2 52535  53.2162 332.3292 0001479  47.5201 312.5916 15.08877508 47226,6917.766,95.435,540.654,538.608,0.0
52535.0,STARLINK-3958,PAYLOAD,2023-03-18 02:44:39,15.08927858,0.0001434,53.2172,331.4344,74.6062,285.5089,0.0039645,0.00063529,0.0,0 STARLINK-3958,1 52535U 22051C   23077.11434872  .00063529  00000-0  39645-2 0  9993,2 52535  53.2172 331.4344 0001434  74.6062 285.5089 15.08927858 47327,6917.612,95.432,540.469,538.485,0.0
52535.0,STARLINK-3958,PAYLOAD,2023-03-18 20:13:53,15.0884523,8.54e-05,53.2167,328.1641,57.7071,302.4003,-0.00013447,-2.427e-05,0.0,0 STARLINK-3958,1 52535U 22051C   23077.84298441 -.00002427  00000-0 -13447-3 0  9998,2 52535  53.2167 328.1641 0000854  57.7071 302.4003 15.08845230 47431,6917.864,95.437,540.32,539.139,0.0
52535.0,STARLINK-3958,PAYLOAD,2023-03-18 21:49:17,15.08843202,0.0001079,53.2168,327.8668,36.3702,323.7363,0.00050222,7.715e-05,0.0,0 STARLINK-3958,1 52535U 22051C   23077.90922738  .00007715  00000-0  50222-3 0  9993,2 52535  53.2168 327.8668 0001079  36.3702 323.7363 15.08843202 47376,6917.871,95.437,540.482,538.989,0.0
52535.0,STARLINK-3958,PAYLOAD,2023-03-19 08:56:59,15.0883933,0.0001147,53.216,325.7853,90.4275,269.6848,0.00010458,1.377e-05,0.0,0 STARLINK-3958,1 52535U 22051C   23078.37290603  .00001377  00000-0  10458-3 0  9999,2 52535  53.2160 325.7853 0001147  90.4275 269.6848 15.08839330 47444,6917.882,95.438,540.541,538.954,0.0
52535.0,STARLINK-3958,PAYLOAD,2023-03-19 20:04:41,15.08836277,0.0001528,53.2186,323.7063,96.9019,263.2147,-0.00020755,-3.589e-05,0.0,0 STARLINK-3958,1 52535U 22051C   23078.83659230 -.00003589  00000-0 -20755-3 0  9995,2 52535  53.2186 323.7063 0001528  96.9019 263.2147 15.08836277 47587,6917.892,95.438,540.814,538.7,0.0
52535.0,STARLINK-3958,PAYLOAD,2023-03-19 21:40:04,15.08834564,0.0001486,53.2187,323.4091,97.2186,262.8975,-0.00020433,-3.538e-05,0.0,0 STARLINK-3958,1 52535U 22051C   23078.90283309 -.00003538  00000-0 -20433-3 0  9990,2 52535  53.2187 323.4091 0001486  97.2186 262.8975 15.08834564 47523,6917.897,95.438,540.79,538.734,0.0
52535.0,STARLINK-3958,PAYLOAD,2023-03-20 08:47:47,15.08830185,0.0001334,53.2169,321.3274,89.146,270.9685,0.00016181,2.288e-05,0.0,0 STARLINK-3958,1 52535U 22051C   23079.36651715  .00002288  00000-0  16181-3 0  9995,2 52535  53.2169 321.3274 0001334  89.1460 270.9685 15.08830185 47590,6917.91,95.438,540.698,538.853,0.0
52535.0,STARLINK-3958,PAYLOAD,2023-03-20 23:06:15,15.08843905,0.000101,53.216,318.65,90.8555,269.2553,0.00041541,6.33e-05,0.0,0 STARLINK-3958,1 52535U 22051C   23079.96267686  .00006330  00000-0  41541-3 0  9991,2 52535  53.2160 318.6500 0001010  90.8555 269.2553 15.08843905 47754,6917.868,95.437,540.432,539.035,0.0
52535.0,STARLINK-3958,PAYLOAD,2023-03-21 00:41:38,15.08850483,0.0001015,53.2165,318.3514,94.9698,265.141,0.00071353,0.00011089,0.0,0 STARLINK-3958,1 52535U 22051C   23080.02891564  .00011089  00000-0  71353-3 0  9999,2 52535  53.2165 318.3514 0001015  94.9698 265.1410 15.08850483 47698,6917.848,95.437,540.416,539.011,0.0
52535.0,STARLINK-3958,PAYLOAD,2023-03-21 19:46:16,15.08844244,9e-05,53.2161,314.784,66.3891,293.7195,0.00024721,3.649e-05,0.0,0 STARLINK-3958,1 52535U 22051C   23080.82379639  .00003649  00000-0  24721-3 0  9991,2 52535  53.2161 314.7840 0000900  66.3891 293.7195 15.08844244 47882,6917.867,95.437,540.355,539.11,0.0
52535.0,STARLINK-3958,PAYLOAD,2023-03-22 02:07:48,15.08857604,0.0001145,53.2153,313.5919,95.0748,265.0375,0.00054482,8.398e-05,0.0,0 STARLINK-3958,1 52535U 22051C   23081.08875150  .00008398  00000-0  54482-3 0  9992,2 52535  53.2153 313.5919 0001145  95.0748 265.0375 15.08857604 47920,6917.827,95.436,540.484,538.899,0.0
52535.0,STARLINK-3958,PAYLOAD,2023-03-22 19:37:02,15.08846532,8.66e-05,53.2154,310.3234,87.6639,272.4452,0.00015536,2.186e-05,0.0,0 STARLINK-3958,1 52535U 22051C   23081.81739367  .00002186  00000-0  15536-3 0  9998,2 52535  53.2154 310.3234 0000866  87.6639 272.4452 15.08846532 48030,6917.86,95.437,540.325,539.126,0.0
52535.0,STARLINK-3958,PAYLOAD,2023-03-22 21:12:25,15.0884687,0.0001165,53.2147,310.0228,123.7391,236.3712,0.00023579,3.467e-05,0.0,0 STARLINK-3958,1 52535U 22051C   23081.88363125  .00003467  00000-0  23579-3 0  9999,2 52535  53.2147 310.0228 0001165 123.7391 236.3712 15.08846870 47977,6917.859,95.437,540.53,538.918,0.0
52535.0,STARLINK-3958,PAYLOAD,2023-03-23 21:03:13,15.08836935,0.0001025,53.215,305.562,88.1159,271.9951,0.00099359,0.00015559,0.0,0 STARLINK-3958,1 52535U 22051C   23082.87724280  .00015559  00000-0  99359-3 0  9996,2 52535  53.2150 305.5620 0001025  88.1159 271.9951 15.08836935 48193,6917.89,95.438,540.464,539.046,0.0
52535.0,STARLINK-3958,PAYLOAD,2023-03-24 00:14:00,15.08842444,0.0001162,53.2153,304.9659,91.5649,268.5477,0.001056,0.00016559,0.0,0 STARLINK-3958,1 52535U 22051C   23083.00972248  .00016559  00000-0  10560-2 0  9998,2 52535  53.2153 304.9659 0001162  91.5649 268.5477 15.08842444 48147,6917.873,95.437,540.542,538.934,0.0
52535.0,STARLINK-3958,PAYLOAD,2023-03-24 20:53:59,15.08886099,0.0001112,53.2142,301.1021,73.2686,286.8428,0.0012189,0.00019188,0.0,0 STARLINK-3958,1 52535U 22051C   23083.87082392  .00019188  00000-0  12189-2 0  9995,2 52535  53.2142 301.1021 0001112  73.2686 286.8428 15.08886099 48345,6917.739,95.435,540.374,538.835,0.0
52535.0,STARLINK-3958,PAYLOAD,2023-03-25 20:44:47,15.08792553,9.85e-05,53.2148,296.6429,102.0564,258.0539,0.00060607,9.358e-05,0.0,0 STARLINK-3958,1 52535U 22051C   23084.86444430  .00009358  00000-0  60607-3 0  9997,2 52535  53.2148 296.6429 0000985 102.0564 258.0539 15.08792553 48495,6918.025,95.441,540.572,539.209,0.0
52535.0,STARLINK-3958,PAYLOAD,2023-03-25 22:20:11,15.08803058,9.22e-05,53.2147,296.3469,95.4676,264.6422,-0.00052102,-8.562e-05,0.0,0 STARLINK-3958,1 52535U 22051C   23084.93068414 -.00008562  00000-0 -52102-3 0  9998,2 52535  53.2147 296.3469 0000922  95.4676 264.6422 15.08803058 48436,6917.993,95.44,540.496,539.22,0.0
52535.0,STARLINK-3958,PAYLOAD,2023-03-26 20:35:36,15.08815495,0.0001099,53.2155,292.1823,103.0185,257.0929,0.00099286,0.00015538,0.0,0 STARLINK-3958,1 52535U 22051C   23085.85806203  .00015538  00000-0  99286-3 0  9999,2 52535  53.2155 292.1823 0001099 103.0185 257.0929 15.08815495 48649,6917.955,95.439,540.581,539.06,0.0
52535.0,STARLINK-3958,PAYLOAD,2023-03-26 23:46:23,15.08831908,0.0001016,53.215,291.5869,106.8198,253.2905,0.0011856,0.00018627,0.0,0 STARLINK-3958,1 52535U 22051C   23085.99054519  .00018627  00000-0  11856-2 0  9997,2 52535  53.2150 291.5869 0001016 106.8198 253.2905 15.08831908 48662,6917.905,95.438,540.473,539.067,0.0
52535.0,STARLINK-3958,PAYLOAD,2023-03-27 14:04:50,15.08864376,9.7e-05,53.2153,288.9105,106.6835,253.4264,0.0013282,0.00020928,0.0,0 STARLINK-3958,1 52535U 22051C   23086.58669850  .00020928  00000-0  13282-2 0  9995,2 52535  53.2153 288.9105 0000970 106.6835 253.4264 15.08864376 48689,6917.806,95.436,540.342,539.0,0.0
52535.0,STARLINK-3958,PAYLOAD,2023-03-27 20:26:22,15.08881333,9.3e-05,53.2154,287.7214,104.4715,255.6381,0.0015523,0.00024531,0.0,0 STARLINK-3958,1 52535U 22051C   23086.85165176  .00024531  00000-0  15523-2 0  9991,2 52535  53.2154 287.7214 0000930 104.4715 255.6381 15.08881333 48795,6917.754,95.435,540.262,538.976,0.0
52535.0,STARLINK-3958,PAYLOAD,2023-03-28 05:58:40,15.08874258,8.3e-05,53.2153,285.937,87.3381,272.7706,0.00083734,0.00013076,0.0,0 STARLINK-3958,1 52535U 22051C   23087.24908542  .00013076  00000-0  83734-3 0  9999,2 52535  53.2153 285.9370 0000830  87.3381 272.7706 15.08874258 48850,6917.776,95.435,540.215,539.067,0.0
52535.0,STARLINK-3958,PAYLOAD,2023-03-28 12:20:13,15.08873556,0.0002256,53.2155,284.7479,83.3089,276.816,0.0012173,0.00019156,0.0,0 STARLINK-3958,1 52535U 22051C   23087.51404691  .00019156  00000-0  12173-2 0  9998,2 52535  53.2155 284.7479 0002256  83.3089 276.8160 15.08873556 48897,6917.778,95.435,541.203,538.082,0.0
52535.0,STARLINK-3958,PAYLOAD,2023-03-28 20:17:08,15.08864334,6.75e-05,53.2148,283.2624,104.1911,255.9156,0.0016348,0.00025843,0.0,0 STARLINK-3958,1 52535U 22051C   23087.84524198  .00025843  00000-0  16348-2 0  9997,2 52535  53.2148 283.2624 0000675 104.1911 255.9156 15.08864334 48879,6917.806,95.436,540.138,539.204,0.0
52535.0,STARLINK-3958,PAYLOAD,2023-03-29 05:49:27,15.08864975,0.0001961,53.2151,281.4763,96.1281,263.9934,0.0011128,0.00017479,0.0,0 STARLINK-3958,1 52535U 22051C   23088.24267905  .00017479  00000-0  11128-2 0  9999,2 52535  53.2151 281.4763 0001961  96.1281 263.9934 15.08864975 49006,6917.804,95.436,541.026,538.312,0.0
52535.0,STARLINK-3958,PAYLOAD,2023-03-29 20:07:55,15.08838829,9.35e-05,53.2147,278.8011,103.8749,256.2347,0.0013866,0.00021848,0.0,0 STARLINK-3958,1 52535U 22051C   23088.83884226  .00021848  00000-0  13866-2 0  9991,2 52535  53.2147 278.8011 0000935 103.8749 256.2347 15.08838829 49093,6917.884,95.438,540.396,539.102,0.0
52535.0,STARLINK-3958,PAYLOAD,2023-03-30 05:40:15,15.08835439,9.99e-05,53.2143,277.0163,91.5701,268.5406,0.00097814,0.00015311,0.0,0 STARLINK-3958,1 52535U 22051C   23089.23628588  .00015311  00000-0  97814-3 0  9997,2 52535  53.2143 277.0163 0000999  91.5701 268.5406 15.08835439 49152,6917.894,95.438,540.45,539.068,0.0
52535.0,STARLINK-3958,PAYLOAD,2023-03-30 18:23:20,15.08844763,0.0001131,53.2146,274.6376,89.5634,270.5488,0.00079439,0.00012379,0.0,0 STARLINK-3958,1 52535U 22051C   23089.76620699  .00012379  00000-0  79439-3 0  9994,2 52535  53.2146 274.6376 0001131  89.5634 270.5488 15.08844763 49169,6917.866,95.437,540.513,538.948,0.0
52535.0,STARLINK-3958,PAYLOAD,2023-03-31 05:31:02,15.08845287,0.0001271,53.215,272.5569,71.0109,289.102,0.00058919,9.103e-05,0.0,0 STARLINK-3958,1 52535U 22051C   23090.22988776  .00009103  00000-0  58919-3 0  9991,2 52535  53.2150 272.5569 0001271  71.0109 289.1020 15.08845287 49309,6917.864,95.437,540.608,538.85,0.0
52535.0,STARLINK-3958,PAYLOAD,2023-04-01 11:43:22,15.08838199,9.52e-05,53.2152,266.9077,5.9559,354.1444,0.00019446,2.808e-05,0.0,0 STARLINK-3958,1 52535U 22051C   23091.48845016  .00002808  00000-0  19446-3 0  9996,2 52535  53.2152 266.9077 0000952   5.9559 354.1444 15.08838199 49422,6917.886,95.438,540.409,539.092,0.0
52535.0,STARLINK-3958,PAYLOAD,2023-04-01 14:54:08,15.0883764,9.46e-05,53.2154,266.3129,41.1307,318.9757,0.00012503,1.703e-05,0.0,0 STARLINK-3958,1 52535U 22051C   23091.62093076  .00001703  00000-0  12503-3 0  9993,2 52535  53.2154 266.3129 0000946  41.1307 318.9757 15.08837640 49517,6917.888,95.438,540.407,539.098,0.0
52535.0,STARLINK-3958,PAYLOAD,2023-04-01 18:04:54,15.08839823,7.55e-05,53.216,265.7175,66.9599,293.1473,0.00017442,2.489e-05,0.0,0 STARLINK-3958,1 52535U 22051C   23091.75340943  .00002489  00000-0  17442-3 0  9994,2 52535  53.2160 265.7175 0000755  66.9599 293.1473 15.08839823 49462,6917.881,95.438,540.268,539.224,0.0
52535.0,STARLINK-3958,PAYLOAD,2023-04-02 14:44:55,15.08843712,0.0001056,53.216,261.8519,75.1455,284.9654,0.00021859,3.193e-05,0.0,0 STARLINK-3958,1 52535U 22051C   23092.61453048  .00003193  00000-0  21859-3 0  9991,2 52535  53.2160 261.8519 0001056  75.1455 284.9654 15.08843712 49594,6917.869,95.437,540.465,539.004,0.0
52535.0,STARLINK-3958,PAYLOAD,2023-04-02 17:55:41,15.08850251,0.0001041,53.2155,261.2557,84.736,275.3751,0.0003004,4.498e-05,0.0,0 STARLINK-3958,1 52535U 22051C   23092.74700719  .00004498  00000-0  30040-3 0  9996,2 52535  53.2155 261.2557 0001041  84.7360 275.3751 15.08850251 49687,6917.849,95.437,540.434,538.994,0.0
52535.0,STARLINK-3958,PAYLOAD,2023-04-03 11:24:56,15.08840545,0.0001314,53.2159,257.9846,100.8111,259.3029,0.00014505,2.021e-05,0.0,0 STARLINK-3958,1 52535U 22051C   23093.47565089  .00002021  00000-0  14505-3 0  9994,2 52535  53.2159 257.9846 0001314 100.8111 259.3029 15.08840545 49798,6917.879,95.438,540.653,538.835,0.0
52535.0,STARLINK-3958,PAYLOAD,2023-04-03 17:46:28,15.08844886,0.0001131,53.2155,256.7952,92.2402,267.8719,0.00018581,2.671e-05,0.0,0 STARLINK-3958,1 52535U 22051C   23093.74060903  .00002671  00000-0  18581-3 0  9998,2 52535  53.2155 256.7952 0001131  92.2402 267.8719 15.08844886 49762,6917.865,95.437,540.513,538.948,0.0
52535.0,STARLINK-3958,PAYLOAD,2023-04-04 09:40:19,15.08844541,0.0001255,53.2166,253.8222,97.3569,262.7565,6.2102e-05,7.01e-06,0.0,0 STARLINK-3958,1 52535U 22051C   23094.40300796  .00000701  00000-0  62102-4 0  9990,2 52535  53.2166 253.8222 0001255  97.3569 262.7565 15.08844541 49861,6917.867,95.437,540.6,538.863,0.0
52535.0,STARLINK-3958,PAYLOAD,2023-04-04 20:48:01,15.08848057,0.0001395,53.213,251.7392,91.2129,268.9022,0.00012911,1.768e-05,0.0,0 STARLINK-3958,1 52535U 22051C   23094.86668517  .00001768  00000-0  12911-3 0  9994,2 52535  53.2130 251.7392 0001395  91.2129 268.9022 15.08848057 50007,6917.856,95.437,540.686,538.756,0.0
52535.0,STARLINK-3958,PAYLOAD,2023-04-05 14:17:16,15.08834442,9.44e-05,53.2152,248.4676,85.4438,274.6662,-5.7428e-05,-1.201e-05,0.0,0 STARLINK-3958,1 52535U 22051C   23095.59533279 -.00001201  00000-0 -57428-4 0  9998,2 52535  53.2152 248.4676 0000944  85.4438 274.6662 15.08834442 50047,6917.897,95.438,540.415,539.109,0.0
52535.0,STARLINK-3958,PAYLOAD,2023-04-05 15:52:39,15.08835344,9.93e-05,53.2147,248.1694,83.5828,276.5277,-4.8023e-05,-1.052e-05,0.0,0 STARLINK-3958,1 52535U 22051C   23095.66157319 -.00001052  00000-0 -48023-4 0  9998,2 52535  53.2147 248.1694 0000993  83.5828 276.5277 15.08835344 50128,6917.895,95.438,540.447,539.073,0.0
52535.0,STARLINK-3958,PAYLOAD,2023-04-05 17:28:02,15.08836375,9.36e-05,53.2154,247.8728,84.1049,276.005,-2.978e-05,-7.62e-06,0.0,0 STARLINK-3958,1 52535U 22051C   23095.72781216 -.00000762  00000-0 -29780-4 0  9990,2 52535  53.2154 247.8728 0000936  84.1049 276.0050 15.08836375 50061,6917.891,95.438,540.404,539.109,0.0
52535.0,STARLINK-3958,PAYLOAD,2023-04-06 09:21:54,15.08837805,0.0001127,53.2155,244.8985,91.6706,268.4415,-1.7943e-05,-5.73e-06,0.0,0 STARLINK-3958,1 52535U 22051C   23096.39021340 -.00000573  00000-0 -17943-4 0  9997,2 52535  53.2155 244.8985 0001127  91.6706 268.4415 15.08837805 50160,6917.887,95.438,540.532,538.972,0.0
52535.0,STARLINK-3958,PAYLOAD,2023-04-07 02:51:08,15.08845605,0.0001236,53.2144,241.6282,73.3131,286.7997,7.4032e-05,8.91e-06,0.0,0 STARLINK-3958,1 52535U 22051C   23097.11885020  .00000891  00000-0  74032-4 0  9994,2 52535  53.2144 241.6282 0001236  73.3131 286.7997 15.08845605 50348,6917.863,95.437,540.583,538.873,0.0
52535.0,STARLINK-3958,PAYLOAD,2023-04-07 10:48:04,15.08836523,0.0001284,53.2145,240.1412,72.5017,287.6116,0.00021187,3.085e-05,0.0,0 STARLINK-3958,1 52535U 22051C   23097.45005726  .00003085  00000-0  21187-3 0  9998,2 52535  53.2145 240.1412 0001284  72.5017 287.6116 15.08836523 50392,6917.891,95.438,540.644,538.868,0.0
52535.0,STARLINK-3958,PAYLOAD,2023-04-08 09:03:28,15.08847351,0.0001829,53.2164,235.9812,73.1608,286.9584,-0.00021968,-3.783e-05,0.0,0 STARLINK-3958,1 52535U 22051C   23098.37741416 -.00003783  00000-0 -21968-3 0  9997,2 52535  53.2164 235.9812 0001829  73.1608 286.9584 15.08847351 50467,6917.858,95.437,540.988,538.458,0.0
52535.0,STARLINK-3958,PAYLOAD,2023-04-08 15:25:01,15.08836576,0.0001603,53.2161,234.7918,70.0278,290.0887,3.5538e-05,2.78e-06,0.0,0 STARLINK-3958,1 52535U 22051C   23098.64238001  .00000278  00000-0  35538-4 0  9991,2 52535  53.2161 234.7918 0001603  70.0278 290.0887 15.08836576 50578,6917.891,95.438,540.865,538.647,0.0
52535.0,STARLINK-3958,PAYLOAD,2023-04-09 08:54:16,15.08837509,0.0001467,53.216,231.5195,78.5446,281.5711,7.7497e-05,9.46e-06,0.0,0 STARLINK-3958,1 52535U 22051C   23099.37102103  .00000946  00000-0  77497-4 0  9997,2 52535  53.2160 231.5195 0001467  78.5446 281.5711 15.08837509 50610,6917.888,95.438,540.768,538.738,0.0
52535.0,STARLINK-3958,PAYLOAD,2023-04-09 18:26:34,15.08846232,0.0001102,53.2168,229.733,96.9344,263.1773,0.00010737,1.422e-05,0.0,0 STARLINK-3958,1 52535U 22051C   23099.76845393  .00001422  00000-0  10737-3 0  9998,2 52535  53.2168 229.7330 0001102  96.9344 263.1773 15.08846232 50746,6917.861,95.437,540.489,538.964,0.0
52535.0,STARLINK-3958,PAYLOAD,2023-04-10 08:45:03,15.08838238,0.000123,53.2165,227.0561,108.8165,251.296,0.00020455,2.969e-05,0.0,0 STARLINK-3958,1 52535U 22051C   23100.36461915  .00002969  00000-0  20455-3 0  9996,2 52535  53.2165 227.0561 0001230 108.8165 251.2960 15.08838238 50839,6917.886,95.438,540.602,538.9,0.0
52535.0,STARLINK-3958,PAYLOAD,2023-04-11 11:46:36,15.08815692,0.0001312,53.2176,222.0017,121.9419,238.1701,0.00066297,0.00010272,0.0,0 STARLINK-3958,1 52535U 22051C   23101.49070341  .00010272  00000-0  66297-3 0  9990,2 52535  53.2176 222.0017 0001312 121.9419 238.1701 15.08815692 50938,6917.955,95.439,540.727,538.912,0.0
52535.0,STARLINK-3958,PAYLOAD,2023-04-12 11:37:23,15.08836904,0.0001279,53.2168,217.5419,112.4185,247.6942,1.9244e-05,1.8e-07,0.0,0 STARLINK-3958,1 52535U 22051C   23102.48429856  .00000018  00000-0  19244-4 0  9997,2 52535  53.2168 217.5419 0001279 112.4185 247.6942 15.08836904 51157,6917.89,95.438,540.64,538.87,0.0
52535.0,STARLINK-3958,PAYLOAD,2023-04-12 14:48:09,15.08840412,9.07e-05,53.2168,216.9475,88.5808,271.5288,7.1164e-07,-2.76e-06,0.0,0 STARLINK-3958,1 52535U 22051C   23102.61677717 -.00000276  00000-0  71164-6 0  9991,2 52535  53.2168 216.9475 0000907  88.5808 271.5288 15.08840412 51107,6917.879,95.438,540.372,539.117,0.0
52535.0,STARLINK-3958,PAYLOAD,2023-04-13 00:20:28,15.08839815,8.45e-05,53.215,215.1619,87.0208,273.0881,-2.2632e-05,-6.48e-06,0.0,0 STARLINK-3958,1 52535U 22051C   23103.01421916 -.00000648  00000-0 -22632-4 0  9992,2 52535  53.2150 215.1619 0000845  87.0208 273.0881 15.08839815 51165,6917.881,95.438,540.331,539.161,0.0
52535.0,STARLINK-3958,PAYLOAD,2023-04-13 16:14:18,15.08849856,0.0001134,53.216,212.1891,94.1269,265.9853,9.6483e-05,1.248e-05,0.0,0 STARLINK-3958,1 52535U 22051C   23103.67660869  .00001248  00000-0  96483-4 0  9996,2 52535  53.2160 212.1891 0001134  94.1269 265.9853 15.08849856 51337,6917.85,95.437,540.5,538.931,0.0
52535.0,STARLINK-3958,PAYLOAD,2023-04-14 08:08:11,15.08830191,8.26e-05,53.2143,209.215,66.7638,293.3441,4.8736e-05,4.88e-06,0.0,0 STARLINK-3958,1 52535U 22051C   23104.33902549  .00000488  00000-0  48736-4 0  9997,2 52535  53.2143 209.2150 0000826  66.7638 293.3441 15.08830191 51436,6917.91,95.438,540.347,539.204,0.0
52535.0,STARLINK-3958,PAYLOAD,2023-04-14 11:18:57,15.08835593,0.0001258,53.2184,208.622,94.3837,265.7298,6.9134e-05,8.12e-06,0.0,0 STARLINK-3958,1 52535U 22051C   23104.47150256  .00000812  00000-0  69134-4 0  9998,2 52535  53.2184 208.6220 0001258  94.3837 265.7298 15.08835593 51388,6917.894,95.438,540.629,538.889,0.0
52535.0,STARLINK-3958,PAYLOAD,2023-04-15 00:02:03,15.08831055,0.0001182,53.2158,206.2421,91.322,268.7908,7.6331e-05,9.27e-06,0.0,0 STARLINK-3958,1 52535U 22051C   23105.00142706  .00000927  00000-0  76331-4 0  9993,2 52535  53.2158 206.2421 0001182  91.3220 268.7908 15.08831055 51532,6917.908,95.438,540.59,538.955,0.0
52535.0,STARLINK-3958,PAYLOAD,2023-04-15 12:45:08,15.08834184,0.0001277,53.2151,203.8653,87.6438,272.47,-6.1939e-05,-1.273e-05,0.0,0 STARLINK-3958,1 52535U 22051C   23105.53134646 -.00001273  00000-0 -61939-4 0  9990,2 52535  53.2151 203.8653 0001277  87.6438 272.4700 15.08834184 51548,6917.898,95.438,540.647,538.88,0.0
52535.0,STARLINK-3958,PAYLOAD,2023-04-15 15:55:54,15.0884372,0.000108,53.2159,203.2677,98.9956,261.1158,6.6388e-05,7.69e-06,0.0,0 STARLINK-3958,1 52535U 22051C   23105.66382111  .00000769  00000-0  66388-4 0  9996,2 52535  53.2159 203.2677 0001080  98.9956 261.1158 15.08843720 51568,6917.869,95.437,540.481,538.987,0.0
52535.0,STARLINK-3958,PAYLOAD,2023-04-16 12:35:54,15.08853822,0.0001331,53.2151,199.4026,96.9668,263.1475,0.00042604,6.502e-05,0.0,0 STARLINK-3958,1 52535U 22051C   23106.52494051  .00006502  00000-0  42604-3 0  9994,2 52535  53.2151 199.4026 0001331  96.9668 263.1475 15.08853822 51693,6917.838,95.437,540.624,538.782,0.0
52535.0,STARLINK-3958,PAYLOAD,2023-04-16 15:46:40,15.08866876,0.000115,53.215,198.8073,106.8731,253.2387,0.0006375,9.88e-05,0.0,0 STARLINK-3958,1 52535U 22051C   23106.65741351  .00009880  00000-0  63750-3 0  9993,2 52535  53.2150 198.8073 0001150 106.8731 253.2387 15.08866876 51783,6917.798,95.436,540.459,538.868,0.0
52535.0,STARLINK-3958,PAYLOAD,2023-04-16 23:43:37,15.08842193,0.0001623,53.2149,197.3238,74.4293,285.6878,0.0002017,2.924e-05,0.0,0 STARLINK-3958,1 52535U 22051C   23106.98862491  .00002924  00000-0  20170-3 0  9999,2 52535  53.2149 197.3238 0001623  74.4293 285.6878 15.08842193 51832,6917.874,95.437,540.861,538.616,0.0
52535.0,STARLINK-3958,PAYLOAD,2023-04-17 12:26:42,15.08843261,0.0001402,53.2161,194.9416,96.9896,263.1256,7.7253e-05,9.42e-06,0.0,0 STARLINK-3958,1 52535U 22051C   23107.51854290  .00000942  00000-0  77253-4 0  9990,2 52535  53.2161 194.9416 0001402  96.9896 263.1256 15.08843261 51849,6917.87,95.437,540.705,538.766,0.0
52535.0,STARLINK-3958,PAYLOAD,2023-04-17 15:37:28,15.08846581,0.000142,53.216,194.346,102.3255,257.7896,0.00013537,1.867e-05,0.0,0 STARLINK-3958,1 52535U 22051C   23107.65102107  .00001867  00000-0  13537-3 0  9999,2 52535  53.2160 194.3460 0001420 102.3255 257.7896 15.08846581 51861,6917.86,95.437,540.708,538.743,0.0
52535.0,STARLINK-3958,PAYLOAD,2023-04-18 09:06:43,15.08841859,0.000134,53.2154,191.0781,83.2415,276.8729,6.7495e-05,7.86e-06,0.0,0 STARLINK-3958,1 52535U 22051C   23108.37966491  .00000786  00000-0  67495-4 0  9995,2 52535  53.2154 191.0781 0001340  83.2415 276.8729 15.08841859 51972,6917.875,95.437,540.667,538.813,0.0
52535.0,STARLINK-3958,PAYLOAD,2023-04-18 15:28:15,15.08848632,0.0001299,53.2164,189.8886,87.112,273.0021,0.00034106,5.145e-05,0.0,0 STARLINK-3958,1 52535U 22051C   23108.64462199  .00005145  00000-0  34106-3 0  9997,2 52535  53.2164 189.8886 0001299  87.1120 273.0021 15.08848632 52019,6917.854,95.437,540.618,538.82,0.0
52535.0,STARLINK-3958,PAYLOAD,2023-04-18 21:49:48,15.08837007,0.0001265,53.2165,188.6991,98.1202,261.9933,0.00011671,1.57e-05,0.0,0 STARLINK-3958,1 52535U 22051C   23108.90958654  .00001570  00000-0  11671-3 0  9992,2 52535  53.2165 188.6991 0001265  98.1202 261.9933 15.08837007 52124,6917.89,95.438,540.63,538.879,0.0
52535.0,STARLINK-3958,PAYLOAD,2023-04-19 08:57:30,15.08844913,0.0001304,53.2174,186.6172,96.886,263.228,0.00038508,5.847e-05,0.0,0 STARLINK-3958,1 52535U 22051C   23109.37326408  .00005847  00000-0  38508-3 0  9999,2 52535  53.2174 186.6172 0001304  96.8860 263.2280 15.08844913 52126,6917.865,95.437,540.632,538.828,0.0
52535.0,STARLINK-3958,PAYLOAD,2023-04-19 13:43:39,15.08852374,0.000138,53.2165,185.7258,95.622,264.493,0.00090557,0.00014158,0.0,0 STARLINK-3958,1 52535U 22051C   23109.57198327  .00014158  00000-0  90557-3 0  9995,2 52535  53.2165 185.7258 0001380  95.6220 264.4930 15.08852374 52228,6917.843,95.437,540.662,538.753,0.0
52535.0,STARLINK-3958,PAYLOAD,2023-04-20 08:48:17,15.08834389,0.0001308,53.2171,182.1591,93.9076,266.2065,-5.3866e-05,-1.145e-05,0.0,0 STARLINK-3958,1 52535U 22051C   23110.36686687 -.00001145  00000-0 -53866-4 0  9992,2 52535  53.2171 182.1591 0001308  93.9076 266.2065 15.08834389 52276,6917.898,95.438,540.667,538.858,0.0
52535.0,STARLINK-3958,PAYLOAD,2023-04-20 13:34:26,15.08840318,0.000144,53.217,181.2673,95.3417,264.7739,0.00011022,1.467e-05,0.0,0 STARLINK-3958,1 52535U 22051C   23110.56558603  .00001467  00000-0  11022-3 0  9992,2 52535  53.2170 181.2673 0001440  95.3417 264.7739 15.08840318 52302,6917.879,95.438,540.741,538.748,0.0
52535.0,STARLINK-3958,PAYLOAD,2023-04-21 13:25:14,15.08835545,0.0001454,53.2155,176.8065,72.5494,287.5657,5.4854e-05,5.85e-06,0.0,0 STARLINK-3958,1 52535U 22051C   23111.55919330  .00000585  00000-0  54854-4 0  9991,2 52535  53.2155 176.8065 0001454  72.5494 287.5657 15.08835545 52451,6917.894,95.438,540.765,538.753,0.0
52535.0,STARLINK-3958,PAYLOAD,2023-04-22 13:16:00,15.08854503,0.0001398,53.2141,172.3445,77.9346,282.1803,0.00048777,7.486e-05,0.0,0 STARLINK-3958,1 52535U 22051C   23112.55278817  .00007486  00000-0  48777-3 0  9993,2 52535  53.2141 172.3445 0001398  77.9346 282.1803 15.08854503 52674,6917.836,95.437,540.668,538.734,0.0
52535.0,STARLINK-3958,PAYLOAD,2023-04-23 09:56:02,15.08843015,0.0001271,53.2139,168.4781,77.4222,282.6913,0.00020699,3.008e-05,0.0,0 STARLINK-3958,1 52535U 22051C   23113.41391378  .00003008  00000-0  20699-3 0  9996,2 52535  53.2139 168.4781 0001271  77.4222 282.6913 15.08843015 52738,6917.871,95.437,540.615,538.857,0.0
52535.0,STARLINK-3958,PAYLOAD,2023-04-24 03:25:16,15.08876317,0.0001344,53.2148,165.2058,87.3982,272.7164,0.0015425,0.00024371,0.0,0 STARLINK-3958,1 52535U 22051C   23114.14255046  .00024371  00000-0  15425-2 0  9994,2 52535  53.2148 165.2058 0001344  87.3982 272.7164 15.08876317 52913,6917.769,95.435,540.564,538.705,0.0
52535.0,STARLINK-3958,PAYLOAD,2023-04-24 14:32:57,15.08910325,0.0001618,53.2143,163.1267,67.6275,292.4888,0.0022239,0.00035352,0.0,0 STARLINK-3958,1 52535U 22051C   23114.60621700  .00035352  00000-0  22239-2 0  9991,2 52535  53.2143 163.1267 0001618  67.6275 292.4888 15.08910325 52984,6917.665,95.433,540.65,538.411,0.0
52535.0,STARLINK-3958,PAYLOAD,2023-04-25 11:12:59,15.08822941,0.0001278,53.2145,159.2596,100.5906,259.523,-0.00040791,-6.771e-05,0.0,0 STARLINK-3958,1 52535U 22051C   23115.46735157 -.00006771  00000-0 -40791-3 0  9997,2 52535  53.2145 159.2596 0001278 100.5906 259.5230 15.08822941 53114,6917.933,95.439,540.682,538.913,0.0
52535.0,STARLINK-3958,PAYLOAD,2023-04-25 14:23:45,15.0882017,0.0001529,53.2142,158.665,113.7422,246.3731,-0.00027136,-4.602e-05,0.0,0 STARLINK-3958,1 52535U 22051C   23115.59983392 -.00004602  00000-0 -27136-3 0  9996,2 52535  53.2142 158.6650 0001529 113.7422 246.3731 15.08820170 53069,6917.941,95.439,540.864,538.748,0.0
52535.0,STARLINK-3958,PAYLOAD,2023-04-26 09:28:22,15.08845683,0.00013,53.2148,155.0962,115.1361,244.9766,-0.00076899,-0.00012507,0.0,0 STARLINK-3958,1 52535U 22051C   23116.39470941 -.00012507  00000-0 -76899-3 0  9999,2 52535  53.2148 155.0962 0001300 115.1361 244.9766 15.08845683 53188,6917.863,95.437,540.627,538.829,0.0
52535.0,STARLINK-3958,PAYLOAD,2023-04-26 19:00:43,15.08831019,0.0001304,53.2149,153.3121,104.8076,255.306,0.00036762,5.566e-05,0.0,0 STARLINK-3958,1 52535U 22051C   23116.79216585  .00005566  00000-0  36762-3 0  9995,2 52535  53.2149 153.3121 0001304 104.8076 255.3060 15.08831019 53247,6917.908,95.438,540.675,538.871,0.0
52535.0,STARLINK-3958,PAYLOAD,2023-04-27 07:43:48,15.08843886,0.000129,53.215,150.9328,103.3385,256.7751,0.0004754,7.287e-05,0.0,0 STARLINK-3958,1 52535U 22051C   23117.32208380  .00007287  00000-0  47540-3 0  9997,2 52535  53.2150 150.9328 0001290 103.3385 256.7751 15.08843886 53328,6917.869,95.437,540.626,538.841,0.0
52535.0,STARLINK-3958,PAYLOAD,2023-04-27 14:05:20,15.08851382,0.0001299,53.215,149.7434,103.371,256.7427,0.00053424,8.227e-05,0.0,0 STARLINK-3958,1 52535U 22051C   23117.58704114  .00008227  00000-0  53424-3 0  9994,2 52535  53.2150 149.7434 0001299 103.3710 256.7427 15.08851382 53435,6917.846,95.437,540.609,538.812,0.0
52535.0,STARLINK-3958,PAYLOAD,2023-04-28 12:20:43,15.08856216,0.0001315,53.2156,145.58,98.2126,261.9015,0.0002858,4.265e-05,0.0,0 STARLINK-3958,1 52535U 22051C   23118.51439392  .00004265  00000-0  28580-3 0  9994,2 52535  53.2156 145.5800 0001315  98.2126 261.9015 15.08856216 53571,6917.831,95.437,540.606,538.786,0.0
52535.0,STARLINK-3958,PAYLOAD,2023-04-28 18:42:16,15.08847219,0.0001411,53.2155,144.3908,91.2231,268.8923,5.4771e-05,5.84e-06,0.0,0 STARLINK-3958,1 52535U 22051C   23118.77935586  .00000584  00000-0  54771-4 0  9990,2 52535  53.2155 144.3908 0001411  91.2231 268.8923 15.08847219 53615,6917.858,95.437,540.699,538.747,0.0
52535.0,STARLINK-3958,PAYLOAD,2023-04-29 10:36:07,15.08839718,0.0001415,53.2161,141.4177,90.6081,269.5073,-5.2837e-05,-1.129e-05,0.0,0 STARLINK-3958,1 52535U 22051C   23119.44175899 -.00001129  00000-0 -52837-4 0  9997,2 52535  53.2161 141.4177 0001415  90.6081 269.5073 15.08839718 53640,6917.881,95.438,540.725,538.767,0.0
52535.0,STARLINK-3958,PAYLOAD,2023-04-29 13:46:54,15.08841471,0.0001409,53.2157,140.8224,89.0766,271.0388,-5.1957e-05,-1.115e-05,0.0,0 STARLINK-3958,1 52535U 22051C   23119.57423791 -.00001115  00000-0 -51957-4 0  9995,2 52535  53.2157 140.8224 0001409  89.0766 271.0388 15.08841471 53732,6917.876,95.437,540.716,538.766,0.0
52535.0,STARLINK-3958,PAYLOAD,2023-04-30 08:51:32,15.08842296,0.0001358,53.2162,137.2535,86.2729,273.8418,9.0847e-08,-2.86e-06,0.0,0 STARLINK-3958,1 52535U 22051C   23120.36912064 -.00000286  00000-0  90847-7 0  9991,2 52535  53.2162 137.2535 0001358  86.2729 273.8418 15.08842296 53789,6917.873,95.437,540.678,538.799,0.0
52535.0,STARLINK-3958,PAYLOAD,2023-05-01 05:31:32,15.08841385,0.0001262,53.2159,133.3877,87.2594,272.8542,0.00011157,1.488e-05,0.0,0 STARLINK-3958,1 52535U 22051C   23121.23023767  .00001488  00000-0  11157-3 0  9998,2 52535  53.2159 133.3877 0001262  87.2594 272.8542 15.08841385 53983,6917.876,95.437,540.614,538.868,0.0
52535.0,STARLINK-3958,PAYLOAD,2023-05-01 11:53:04,15.08843584,0.0001254,53.216,132.1981,87.8236,272.29,0.00011405,1.528e-05,0.0,0 STARLINK-3958,1 52535U 22051C   23121.49519627  .00001528  00000-0  11405-3 0  9992,2 52535  53.2160 132.1981 0001254  87.8236 272.2900 15.08843584 53950,6917.869,95.437,540.602,538.867,0.0
52535.0,STARLINK-3958,PAYLOAD,2023-05-02 06:57:42,15.08842901,0.0001253,53.2161,128.63,91.4007,268.7129,8.9885e-05,1.143e-05,0.0,0 STARLINK-3958,1 52535U 22051C   23122.29007729  .00001143  00000-0  89885-4 0  9997,2 52535  53.2161 128.6300 0001253  91.4007 268.7129 15.08842901 54149,6917.872,95.437,540.603,538.87,0.0
52535.0,STARLINK-3958,PAYLOAD,2023-05-02 10:08:28,15.08844484,0.0001257,53.2162,128.0354,89.7567,270.3569,9.958e-05,1.297e-05,0.0,0 STARLINK-3958,1 52535U 22051C   23122.42255589  .00001297  00000-0  99580-4 0  9994,2 52535  53.2162 128.0354 0001257  89.7567 270.3569 15.08844484 54097,6917.867,95.437,540.601,538.862,0.0
52535.0,STARLINK-3958,PAYLOAD,2023-05-03 09:59:15,15.08842858,0.0001287,53.2165,123.5752,92.0722,268.0418,4.0759e-05,3.61e-06,0.0,0 STARLINK-3958,1 52535U 22051C   23123.41615699  .00000361  00000-0  40759-4 0  9991,2 52535  53.2165 123.5752 0001287  92.0722 268.0418 15.08842858 54310,6917.872,95.437,540.627,538.846,0.0
52535.0,STARLINK-3958,PAYLOAD,2023-05-04 03:28:30,15.08837133,0.0001217,53.2164,120.3039,90.3044,269.8088,2.6575e-06,-2.46e-06,0.0,0 STARLINK-3958,1 52535U 22051C   23124.14480173 -.00000246  00000-0  26575-5 0  9993,2 52535  53.2164 120.3039 0001217  90.3044 269.8088 15.08837133 54427,6917.889,95.438,540.596,538.912,0.0
52535.0,STARLINK-3958,PAYLOAD,2023-05-04 06:39:16,15.0883979,0.0001213,53.2164,119.709,90.458,269.6551,2.1835e-05,6e-07,0.0,0 STARLINK-3958,1 52535U 22051C   23124.27727939  .00000060  00000-0  21835-4 0  9997,2 52535  53.2164 119.7090 0001213  90.4580 269.6551 15.08839790 54376,6917.881,95.438,540.585,538.907,0.0
52535.0,STARLINK-3958,PAYLOAD,2023-05-05 06:30:04,15.08838464,0.0001107,53.2159,115.2485,88.0633,272.0486,2.2966e-05,7.8e-07,0.0,0 STARLINK-3958,1 52535U 22051C   23125.27088212  .00000078  00000-0  22966-4 0  9997,2 52535  53.2159 115.2485 0001107  88.0633 272.0486 15.08838464 54599,6917.885,95.438,540.516,538.984,0.0
52535.0,STARLINK-3958,PAYLOAD,2023-05-05 16:02:23,15.08837086,0.0001103,53.216,113.4642,86.3658,273.7461,2.96e-05,1.83e-06,0.0,0 STARLINK-3958,1 52535U 22051C   23125.66832352  .00000183  00000-0  29600-4 0  9991,2 52535  53.2160 113.4642 0001103  86.3658 273.7461 15.08837086 54589,6917.889,95.438,540.517,538.991,0.0
52535.0,STARLINK-3958,PAYLOAD,2023-05-06 06:20:51,15.08841413,0.0001108,53.2161,110.7893,98.1657,261.946,9.8747e-05,1.284e-05,0.0,0 STARLINK-3958,1 52535U 22051C   23126.26448106  .00001284  00000-0  98747-4 0  9999,2 52535  53.2161 110.7893 0001108  98.1657 261.9460 15.08841413 54670,6917.876,95.437,540.508,538.975,0.0
52535.0,STARLINK-3958,PAYLOAD,2023-05-06 23:50:06,15.08835342,0.0001107,53.2164,107.5174,87.0082,273.1037,3.3774e-05,2.5e-06,0.0,0 STARLINK-3958,1 52535U 22051C   23126.99312774  .00000250  00000-0  33774-4 0  9991,2 52535  53.2164 107.5174 0001107  87.0082 273.1037 15.08835342 54856,6917.895,95.438,540.525,538.994,0.0
52535.0,STARLINK-3958,PAYLOAD,2023-05-07 06:11:38,15.08839544,0.000111,53.2164,106.328,86.1314,273.9805,6.5107e-05,7.49e-06,0.0,0 STARLINK-3958,1 52535U 22051C   23127.25808473  .00000749  00000-0  65107-4 0  9995,2 52535  53.2164 106.3280 0001110  86.1314 273.9805 15.08839544 54829,6917.882,95.438,540.515,538.979,0.0
52535.0,STARLINK-3958,PAYLOAD,2023-05-07 15:43:57,15.0883729,0.0001139,53.2165,104.5436,83.6989,276.4133,4.1807e-05,3.78e-06,0.0,0 STARLINK-3958,1 52535U 22051C   23127.65552741  .00000378  00000-0  41807-4 0  9992,2 52535  53.2165 104.5436 0001139  83.6989 276.4133 15.08837290 54888,6917.889,95.438,540.542,538.966,0.0
52535.0,STARLINK-3958,PAYLOAD,2023-05-08 04:27:02,15.08836161,0.0001183,53.2161,102.1651,83.659,276.4536,-4.725e-06,-3.63e-06,0.0,0 STARLINK-3958,1 52535U 22051C   23128.18545100 -.00000363  00000-0 -47250-5 0  9997,2 52535  53.2161 102.1651 0001183  83.6590 276.4536 15.08836161 55035,6917.892,95.438,540.576,538.939,0.0
52535.0,STARLINK-3958,PAYLOAD,2023-05-08 15:34:44,15.08841019,0.0001124,53.2161,100.0834,90.7642,269.3479,2.0952e-05,4.6e-07,0.0,0 STARLINK-3958,1 52535U 22051C   23128.64912685  .00000046  00000-0  20952-4 0  9999,2 52535  53.2161 100.0834 0001124  90.7642 269.3479 15.08841019 55032,6917.877,95.437,540.52,538.965,0.0
52535.0,STARLINK-3958,PAYLOAD,2023-05-09 04:17:49,15.08844429,0.0001224,53.2162,97.704,84.3941,275.719,0.00010137,1.326e-05,0.0,0 STARLINK-3958,1 52535U 22051C   23129.17904293  .00001326  00000-0  10137-3 0  9999,2 52535  53.2162  97.7040 0001224  84.3941 275.7190 15.08844429 55181,6917.867,95.437,540.579,538.885,0.0
52535.0,STARLINK-3958,PAYLOAD,2023-05-10 04:08:36,15.08834073,0.0001246,53.2164,93.2408,98.1767,261.9366,0.00024159,3.559e-05,0.0,0 STARLINK-3958,1 52535U 22051C   23130.17264645  .00003559  00000-0  24159-3 0  9990,2 52535  53.2164  93.2408 0001246  98.1767 261.9366 15.08834073 55260,6917.899,95.438,540.625,538.902,0.0
52535.0,STARLINK-3958,PAYLOAD,2023-05-11 03:59:24,15.08836285,0.0001343,53.2173,88.7814,97.9201,262.1944,-4.0443e-05,-9.31e-06,0.0,0 STARLINK-3958,1 52535U 22051C   23131.16625228 -.00000931  00000-0 -40443-4 0  9996,2 52535  53.2173  88.7814 0001343  97.9201 262.1944 15.08836285 55417,6917.892,95.438,540.686,538.828,0.0
52535.0,STARLINK-3958,PAYLOAD,2023-05-12 03:50:11,15.08833856,0.0001111,53.2174,84.3242,99.0092,261.1026,-3.4677e-05,-8.4e-06,0.0,0 STARLINK-3958,1 52535U 22051C   23132.15985775 -.00000840  00000-0 -34677-4 0  9993,2 52535  53.2174  84.3242 0001111  99.0092 261.1026 15.08833856 55566,6917.899,95.438,540.533,538.996,0.0
52535.0,STARLINK-3958,PAYLOAD,2023-05-13 03:40:58,15.08839861,0.0001194,53.2174,79.8643,104.6042,255.5083,0.00023924,3.522e-05,0.0,0 STARLINK-3958,1 52535U 22051C   23133.15344965  .00003522  00000-0  23924-3 0  9994,2 52535  53.2174  79.8643 0001194 104.6042 255.5083 15.08839861 55785,6917.881,95.438,540.572,538.92,0.0
52535.0,STARLINK-3958,PAYLOAD,2023-05-14 03:31:45,15.0883748,0.0001373,53.2178,75.4063,119.2103,240.9027,4.3859e-05,4.1e-06,0.0,0 STARLINK-3958,1 52535U 22051C   23134.14705954  .00000410  00000-0  43859-4 0  9996,2 52535  53.2178  75.4063 0001373 119.2103 240.9027 15.08837480 55934,6917.888,95.438,540.703,538.803,0.0
52535.0,STARLINK-3958,PAYLOAD,2023-05-15 00:11:46,15.08843508,0.0001402,53.2174,71.5425,127.6984,232.4136,7.2586e-05,8.68e-06,0.0,0 STARLINK-3958,1 52535U 22051C   23135.00817236  .00000868  00000-0  72586-4 0  9995,2 52535  53.2174  71.5425 0001402 127.6984 232.4136 15.08843508 56062,6917.87,95.437,540.705,538.765,0.0
52535.0,STARLINK-3958,PAYLOAD,2023-05-15 12:54:51,15.08842594,0.0001354,53.2179,69.1636,94.924,265.1907,0.00010256,1.345e-05,0.0,0 STARLINK-3958,1 52535U 22051C   23135.53809318  .00001345  00000-0  10256-3 0  9991,2 52535  53.2179  69.1636 0001354  94.9240 265.1907 15.08842594 56075,6917.872,95.437,540.674,538.801,0.0
52535.0,STARLINK-3958,PAYLOAD,2023-05-16 01:37:56,15.08834929,0.0001419,53.218,66.7812,100.9169,259.1983,3.0948e-05,2.05e-06,0.0,0 STARLINK-3958,1 52535U 22051C   23136.06801917  .00000205  00000-0  30948-4 0  9992,2 52535  53.2180  66.7812 0001419 100.9169 259.1983 15.08834929 56223,6917.896,95.438,540.743,538.779,0.0
52535.0,STARLINK-3958,PAYLOAD,2023-05-17 01:28:43,15.08847735,0.000134,53.2183,62.3145,106.4714,253.6425,-1.9043e-05,-5.91e-06,0.0,0 STARLINK-3958,1 52535U 22051C   23137.06161077 -.00000591  00000-0 -19043-4 0  9992,2 52535  53.2183  62.3145 0001340 106.4714 253.6425 15.08847735 56372,6917.857,95.437,540.649,538.795,0.0
52535.0,STARLINK-3958,PAYLOAD,2023-05-18 01:19:30,15.08836428,0.0001244,53.2175,57.8558,84.3204,275.7929,1.4454e-05,-5.8e-07,0.0,0 STARLINK-3958,1 52535U 22051C   23138.05521839 -.00000058  00000-0  14454-4 0  9996,2 52535  53.2175  57.8558 0001244  84.3204 275.7929 15.08836428 56529,6917.891,95.438,540.617,538.896,0.0
52535.0,STARLINK-3958,PAYLOAD,2023-05-18 18:48:45,15.08835178,0.0001234,53.2173,54.5853,83.255,276.8583,3.7563e-05,3.1e-06,0.0,0 STARLINK-3958,1 52535U 22051C   23138.78385930  .00000310  00000-0  37563-4 0  9992,2 52535  53.2173  54.5853 0001234  83.2550 276.8583 15.08835178 56563,6917.895,95.438,540.614,538.906,0.0
52535.0,STARLINK-3958,PAYLOAD,2023-05-19 04:21:03,15.08847688,0.0001266,53.218,52.8021,84.0777,276.0359,2.9568e-06,-2.41e-06,0.0,0 STARLINK-3958,1 52535U 22051C   23139.18129347 -.00000241  00000-0  29568-5 0  9996,2 52535  53.2180  52.8021 0001266  84.0777 276.0359 15.08847688 56690,6917.857,95.437,540.598,538.846,0.0
52535.0,STARLINK-3958,PAYLOAD,2023-05-19 18:39:32,15.0883621,0.0001406,53.2175,50.127,86.2862,273.8291,3.2566e-05,2.3e-06,0.0,0 STARLINK-3958,1 52535U 22051C   23139.77746139  .00000230  00000-0  32566-4 0  9993,2 52535  53.2175  50.1270 0001406  86.2862 273.8291 15.08836210 56785,6917.892,95.438,540.73,538.784,0.0
52535.0,STARLINK-3958,PAYLOAD,2023-05-19 21:50:19,15.08835953,0.0001193,53.218,49.5308,81.4057,278.707,2.4415e-05,1.01e-06,0.0,0 STARLINK-3958,1 52535U 22051C   23139.90994213  .00000101  00000-0  24415-4 0  9997,2 52535  53.2180  49.5308 0001193  81.4057 278.7070 15.08835953 56738,6917.893,95.438,540.583,538.932,0.0
52535.0,STARLINK-3958,PAYLOAD,2023-05-20 16:54:55,15.08847313,0.0001076,53.2177,45.9641,90.0909,270.0206,7.4374e-05,8.96e-06,0.0,0 STARLINK-3958,1 52535U 22051C   23140.70481316  .00000896  00000-0  74374-4 0  9992,2 52535  53.2177  45.9641 0001076  90.0909 270.0206 15.08847313 56926,6917.858,95.437,540.467,538.979,0.0
52535.0,STARLINK-3958,PAYLOAD,2023-05-20 20:05:41,15.08848859,0.0001075,53.2179,45.3696,90.8327,269.2788,7.6209e-05,9.26e-06,0.0,0 STARLINK-3958,1 52535U 22051C   23140.83729163  .00000926  00000-0  76209-4 0  9994,2 52535  53.2179  45.3696 0001075  90.8327 269.2788 15.08848859 56878,6917.853,95.437,540.462,538.975,0.0
52535.0,STARLINK-3958,PAYLOAD,2023-05-21 00:51:51,15.08849913,0.000109,53.2178,44.4775,91.349,268.7627,9.644e-05,1.248e-05,0.0,0 STARLINK-3958,1 52535U 22051C   23141.03600974  .00001248  00000-0  96440-4 0  9992,2 52535  53.2178  44.4775 0001090  91.3490 268.7627 15.08849913 56901,6917.85,95.437,540.469,538.961,0.0
52535.0,STARLINK-3958,PAYLOAD,2023-05-21 19:56:30,15.08833729,0.0001135,53.218,40.9095,97.3619,262.7503,-2.134e-05,-6.27e-06,0.0,0 STARLINK-3958,1 52535U 22051C   23141.83090652 -.00000627  00000-0 -21340-4 0  9995,2 52535  53.2180  40.9095 0001135  97.3619 262.7503 15.08833729 57028,6917.9,95.438,540.55,538.979,0.0
52535.0,STARLINK-3958,PAYLOAD,2023-05-22 03:53:26,15.08833285,0.0001136,53.218,39.4224,108.4602,251.6514,-2.4244e-05,-6.74e-06,0.0,0 STARLINK-3958,1 52535U 22051C   23142.16210828 -.00000674  00000-0 -24244-4 0  9999,2 52535  53.2180  39.4224 0001136 108.4602 251.6514 15.08833285 57141,6917.901,95.438,540.552,538.98,0.0
52535.0,STARLINK-3958,PAYLOAD,2023-05-22 10:14:58,15.08840625,0.0001096,53.2182,38.2332,107.3429,252.7683,2.0139e-05,3.3e-07,0.0,0 STARLINK-3958,1 52535U 22051C   23142.42706302  .00000033  00000-0  20139-4 0  9991,2 52535  53.2182  38.2332 0001096 107.3429 252.7683 15.08840625 57189,6917.878,95.438,540.502,538.985,0.0
52535.0,STARLINK-3958,PAYLOAD,2023-05-22 19:47:16,15.08849729,0.0001008,53.219,36.4485,100.5235,259.5871,5.2614e-05,5.5e-06,0.0,0 STARLINK-3958,1 52535U 22051C   23142.82449643  .00000550  00000-0  52614-4 0  9994,2 52535  53.2190  36.4485 0001008 100.5235 259.5871 15.08849729 57177,6917.851,95.437,540.413,539.018,0.0
52535.0,STARLINK-3958,PAYLOAD,2023-05-23 02:08:48,15.08854281,0.0001093,53.2176,35.2591,113.2003,246.9104,0.00022858,3.353e-05,0.0,0 STARLINK-3958,1 52535U 22051C   23143.08945313  .00003353  00000-0  22858-3 0  9998,2 52535  53.2176  35.2591 0001093 113.2003 246.9104 15.08854281 57284,6917.837,95.437,540.458,538.946,0.0
52535.0,STARLINK-3958,PAYLOAD,2023-05-23 22:48:50,15.08837333,0.0001345,53.2175,31.3939,104.46,255.6541,0.00019523,2.82e-05,0.0,0 STARLINK-3958,1 52535U 22051C   23143.95058643  .00002820  00000-0  19523-3 0  9998,2 52535  53.2175  31.3939 0001345 104.4600 255.6541 15.08837333 57349,6917.889,95.438,540.684,538.823,0.0
52535.0,STARLINK-3958,PAYLOAD,2023-05-24 16:18:05,15.08838077,0.0001083,53.2192,28.1223,115.0412,245.0693,7.2529e-05,8.67e-06,0.0,0 STARLINK-3958,1 52535U 22051C   23144.67922737  .00000867  00000-0  72529-4 0  9997,2 52535  53.2192  28.1223 0001083 115.0412 245.0693 15.08838077 57455,6917.886,95.438,540.5,539.002,0.0
52535.0,STARLINK-3958,PAYLOAD,2023-05-25 22:30:24,15.08848581,0.0001063,53.217,22.4713,101.1593,258.9519,0.00028672,4.279e-05,0.0,0 STARLINK-3958,1 52535U 22051C   23145.93778312  .00004279  00000-0  28672-3 0  9995,2 52535  53.2170  22.4713 0001063 101.1593 258.9519 15.08848581 57648,6917.854,95.437,540.455,538.984,0.0
52535.0,STARLINK-3958,PAYLOAD,2023-05-26 01:41:10,15.08850097,0.0001063,53.2169,21.8766,100.8527,259.2584,0.00029192,4.362e-05,0.0,0 STARLINK-3958,1 52535U 22051C   23146.07026196  .00004362  00000-0  29192-3 0  9998,2 52535  53.2169  21.8766 0001063 100.8527 259.2584 15.08850097 57731,6917.85,95.437,540.45,538.979,0.0
52535.0,STARLINK-3958,PAYLOAD,2023-05-26 15:59:39,15.08839697,0.0001372,53.2171,19.1964,125.806,234.3059,1.3838e-05,-6.8e-07,0.0,0 STARLINK-3958,1 52535U 22051C   23146.66642822 -.00000068  00000-0  13838-4 0  9994,2 52535  53.2171  19.1964 0001372 125.8060 234.3059 15.08839697 57820,6917.881,95.438,540.695,538.797,0.0
52535.0,STARLINK-3958,PAYLOAD,2023-05-26 20:45:48,15.08841508,0.000142,53.2177,18.305,124.1857,235.9269,2.1802e-05,5.9e-07,0.0,0 STARLINK-3958,1 52535U 22051C   23146.86514582  .00000059  00000-0  21802-4 0  9996,2 52535  53.2177  18.3050 0001420 124.1857 235.9269 15.08841508 57782,6917.876,95.437,540.723,538.758,0.0
52535.0,STARLINK-3958,PAYLOAD,2023-05-27 20:36:35,15.08838937,0.0001071,53.2171,13.8505,99.7223,260.389,-2.7608e-05,-7.27e-06,0.0,0 STARLINK-3958,1 52535U 22051C   23147.85874929 -.00000727  00000-0 -27608-4 0  9994,2 52535  53.2171  13.8505 0001071  99.7223 260.3890 15.08838937 58007,6917.884,95.438,540.49,539.008,0.0
52535.0,STARLINK-3958,PAYLOAD,2023-05-27 22:11:58,15.08841229,0.000103,53.2169,13.5536,102.251,257.8598,-8.2096e-06,-4.18e-06,0.0,0 STARLINK-3958,1 52535U 22051C   23147.92498812 -.00000418  00000-0 -82096-5 0  9995,2 52535  53.2169  13.5536 0001030 102.2510 257.8598 15.08841229 57945,6917.877,95.437,540.454,539.029,0.0
52535.0,STARLINK-3958,PAYLOAD,2023-05-27 23:47:22,15.08842664,0.0001049,53.2171,13.2559,102.4926,257.6183,2.0082e-05,3.2e-07,0.0,0 STARLINK-3958,1 52535U 22051C   23147.99122744  .00000032  00000-0  20082-4 0  9996,2 52535  53.2171  13.2559 0001049 102.4926 257.6183 15.08842664 57956,6917.872,95.437,540.463,539.012,0.0
52535.0,STARLINK-3958,PAYLOAD,2023-05-28 20:27:22,15.08844969,0.0001048,53.2171,9.3902,100.3963,259.7147,0.00019265,2.78e-05,0.0,0 STARLINK-3958,1 52535U 22051C   23148.85234740  .00002780  00000-0  19265-3 0  9994,2 52535  53.2171   9.3902 0001048 100.3963 259.7147 15.08844969 58089,6917.865,95.437,540.455,539.005,0.0
52535.0,STARLINK-3958,PAYLOAD,2023-05-28 23:38:08,15.08848281,0.0001008,53.2172,8.795,99.2184,260.8922,0.00023412,3.441e-05,0.0,0 STARLINK-3958,1 52535U 22051C   23148.98482573  .00003441  00000-0  23412-3 0  9991,2 52535  53.2172   8.7950 0001008  99.2184 260.8922 15.08848281 58178,6917.855,95.437,540.417,539.023,0.0
52535.0,STARLINK-3958,PAYLOAD,2023-05-29 18:42:47,15.08836905,0.0001021,53.217,5.227,98.9368,261.174,7.061e-05,8.36e-06,0.0,0 STARLINK-3958,1 52535U 22051C   23149.77971252  .00000836  00000-0  70610-4 0  9994,2 52535  53.2170   5.2270 0001021  98.9368 261.1740 15.08836905 58226,6917.89,95.438,540.461,539.049,0.0
52535.0,STARLINK-3958,PAYLOAD,2023-05-29 21:53:33,15.08835767,0.0001123,53.2179,4.6326,79.0599,281.052,-2.0214e-05,-6.09e-06,0.0,0 STARLINK-3958,1 52535U 22051C   23149.91219403 -.00000609  00000-0 -20214-4 0  9998,2 52535  53.2179   4.6326 0001123  79.0599 281.0520 15.08835767 58311,6917.893,95.438,540.535,538.981,0.0
52535.0,STARLINK-3958,PAYLOAD,2023-05-30 13:47:24,15.08855556,0.0001053,53.2184,1.6561,103.0134,257.0976,-0.000375,-6.253e-05,0.0,0 STARLINK-3958,1 52535U 22051C   23150.57458628 -.00006253  00000-0 -37500-3 0  9992,2 52535  53.2184   1.6561 0001053 103.0134 257.0976 15.08855556 58349,6917.833,95.437,540.426,538.969,0.0
52535.0,STARLINK-3958,PAYLOAD,2023-05-30 21:44:20,15.08845707,0.0001114,53.2179,0.1735,77.8917,282.22,0.00013253,1.822e-05,0.0,0 STARLINK-3958,1 52535U 22051C   23150.90578970  .00001822  00000-0  13253-3 0  9996,2 52535  53.2179   0.1735 0001114  77.8917 282.2200 15.08845707 58397,6917.863,95.437,540.499,538.957,0.0
52535.0,STARLINK-3958,PAYLOAD,2023-05-31 13:38:11,15.08841534,0.0001087,53.2178,357.1996,81.5422,278.5694,0.00014595,2.036e-05,0.0,0 STARLINK-3958,1 52535U 22051C   23151.56819216  .00002036  00000-0  14595-3 0  9998,2 52535  53.2178 357.1996 0001087  81.5422 278.5694 15.08841534 58492,6917.876,95.437,540.493,538.989,0.0
52535.0,STARLINK-3958,PAYLOAD,2023-05-31 18:24:21,15.08841381,0.0001083,53.2177,356.3073,82.0144,278.0971,0.00013341,1.836e-05,0.0,0 STARLINK-3958,1 52535U 22051C   23151.76691234  .00001836  00000-0  13341-3 0  9993,2 52535  53.2177 356.3073 0001083  82.0144 278.0971 15.08841381 58595,6917.876,95.437,540.49,538.992,0.0
52535.0,STARLINK-3958,PAYLOAD,2023-05-31 19:59:44,15.08842968,0.0001096,53.2171,356.0095,82.4212,277.6905,0.00015433,2.169e-05,0.0,0 STARLINK-3958,1 52535U 22051C   23151.83315141  .00002169  00000-0  15433-3 0  9995,2 52535  53.2171 356.0095 0001096  82.4212 277.6905 15.08842968 58532,6917.871,95.437,540.495,538.978,0.0
52535.0,STARLINK-3958,PAYLOAD,2023-06-01 07:07:26,15.08844522,0.0001113,53.2169,353.9281,81.636,278.4758,0.00012382,1.684e-05,0.0,0 STARLINK-3958,1 52535U 22051C   23152.29683041  .00001684  00000-0  12382-3 0  9994,2 52535  53.2169 353.9281 0001113  81.6360 278.4758 15.08844522 58608,6917.867,95.437,540.502,538.962,0.0
52535.0,STARLINK-3958,PAYLOAD,2023-06-01 23:01:17,15.08847705,0.000105,53.2174,350.9529,88.9837,271.1275,6.7504e-05,7.87e-06,0.0,0 STARLINK-3958,1 52535U 22051C   23152.95922661  .00000787  00000-0  67504-4 0  9991,2 52535  53.2174 350.9529 0001050  88.9837 271.1275 15.08847705 58773,6917.857,95.437,540.448,538.995,0.0
52535.0,STARLINK-3958,PAYLOAD,2023-06-02 13:19:46,15.08836295,0.0001466,53.2172,348.2766,93.0793,267.0366,2.8521e-05,1.66e-06,0.0,0 STARLINK-3958,1 52535U 22051C   23153.55539672  .00000166  00000-0  28521-4 0  9991,2 52535  53.2172 348.2766 0001466  93.0793 267.0366 15.08836295 58792,6917.892,95.438,540.771,538.743,0.0
52535.0,STARLINK-3958,PAYLOAD,2023-06-02 18:05:55,15.08833309,0.0001259,53.2172,347.3838,98.7723,261.3412,-9.1375e-06,-4.33e-06,0.0,0 STARLINK-3958,1 52535U 22051C   23153.75411925 -.00000433  00000-0 -91375-5 0  9990,2 52535  53.2172 347.3838 0001259  98.7723 261.3412 15.08833309 58890,6917.901,95.438,540.637,538.895,0.0
52535.0,STARLINK-3958,PAYLOAD,2023-06-02 19:41:18,15.08835363,0.0001109,53.2175,347.0875,85.8454,274.2665,1.2189e-05,-9.4e-07,0.0,0 STARLINK-3958,1 52535U 22051C   23153.82035781 -.00000094  00000-0  12189-4 0  9997,2 52535  53.2175 347.0875 0001109  85.8454 274.2665 15.08835363 58832,6917.895,95.438,540.527,538.992,0.0
52535.0,STARLINK-3958,PAYLOAD,2023-06-03 13:10:33,15.08836228,0.0001034,53.2176,343.816,88.1286,271.9824,6.37e-05,7.26e-06,0.0,0 STARLINK-3958,1 52535U 22051C   23154.54899780  .00000726  00000-0  63700-4 0  9990,2 52535  53.2176 343.8160 0001034  88.1286 271.9824 15.08836228 58944,6917.892,95.438,540.472,539.042,0.0
52535.0,STARLINK-3958,PAYLOAD,2023-06-03 19:32:05,15.08843429,9.96e-05,53.2177,342.6269,87.2826,272.828,0.00013065,1.792e-05,0.0,0 STARLINK-3958,1 52535U 22051C   23154.81395256  .00001792  00000-0  13065-3 0  9991,2 52535  53.2177 342.6269 0000996  87.2826 272.8280 15.08843429 59058,6917.87,95.437,540.424,539.046,0.0
52535.0,STARLINK-3958,PAYLOAD,2023-06-04 05:04:25,15.08831172,0.0001854,53.2175,340.8407,86.5983,273.5221,3.6695e-05,2.96e-06,0.0,0 STARLINK-3958,1 52535U 22051C   23155.21140519  .00000296  00000-0  36695-4 0  9999,2 52535  53.2175 340.8407 0001854  86.5983 273.5221 15.08831172 59112,6917.907,95.438,541.055,538.49,0.0
52535.0,STARLINK-3958,PAYLOAD,2023-06-04 11:25:57,15.08828648,7.71e-05,53.2178,339.6534,87.079,273.029,9.4651e-05,1.219e-05,0.0,0 STARLINK-3958,1 52535U 22051C   23155.47636442  .00001219  00000-0  94651-4 0  9994,2 52535  53.2178 339.6534 0000771  87.0790 273.0290 15.08828648 59082,6917.915,95.438,540.313,539.247,0.0
52535.0,STARLINK-3958,PAYLOAD,2023-06-04 19:22:52,15.08845752,9.82e-05,53.2169,338.1666,81.0945,279.0158,0.0002322,3.41e-05,0.0,0 STARLINK-3958,1 52535U 22051C   23155.80755564  .00003410  00000-0  23220-3 0  9996,2 52535  53.2169 338.1666 0000982  81.0945 279.0158 15.08845752 59200,6917.863,95.437,540.407,539.048,0.0
52535.0,STARLINK-3958,PAYLOAD,2023-06-05 06:30:34,15.08842809,0.0001213,53.2168,336.0859,93.639,266.4741,0.00012352,1.679e-05,0.0,0 STARLINK-3958,1 52535U 22051C   23156.27123613  .00001679  00000-0  12352-3 0  9991,2 52535  53.2168 336.0859 0001213  93.6390 266.4741 15.08842809 59209,6917.872,95.437,540.576,538.898,0.0
52535.0,STARLINK-3958,PAYLOAD,2023-06-05 17:38:16,15.08843721,9.83e-05,53.217,334.0037,88.3242,271.7863,6.7807e-05,7.92e-06,0.0,0 STARLINK-3958,1 52535U 22051C   23156.73491548  .00000792  00000-0  67807-4 0  9998,2 52535  53.2170 334.0037 0000983  88.3242 271.7863 15.08843721 59341,6917.869,95.437,540.414,539.054,0.0
52535.0,STARLINK-3958,PAYLOAD,2023-06-05 20:49:02,15.08849467,0.000101,53.2169,333.4094,87.6728,272.438,0.00015402,2.165e-05,0.0,0 STARLINK-3958,1 52535U 22051C   23156.86739240  .00002165  00000-0  15402-3 0  9995,2 52535  53.2169 333.4094 0001010  87.6728 272.4380 15.08849467 59297,6917.851,95.437,540.415,539.018,0.0
52535.0,STARLINK-3958,PAYLOAD,2023-06-05 22:24:25,15.08850824,9.83e-05,53.2168,333.1115,89.772,270.3385,0.00016478,2.336e-05,0.0,0 STARLINK-3958,1 52535U 22051C   23156.93363134  .00002336  00000-0  16478-3 0  9992,2 52535  53.2168 333.1115 0000983  89.7720 270.3385 15.08850824 59370,6917.847,95.437,540.392,539.032,0.0
52535.0,STARLINK-3958,PAYLOAD,2023-06-06 04:45:58,15.08841142,9.86e-05,53.2168,331.9209,92.9054,267.2051,-1.73e-05,-5.63e-06,0.0,0 STARLINK-3958,1 52535U 22051C   23157.19859554 -.00000563  00000-0 -17300-4 0  9995,2 52535  53.2168 331.9209 0000986  92.9054 267.2051 15.08841142 59344,6917.877,95.437,540.424,539.06,0.0
52535.0,STARLINK-3958,PAYLOAD,2023-06-06 15:53:40,15.0884073,0.0001219,53.217,329.8391,89.1097,271.0035,2.3529e-05,8.7e-07,0.0,0 STARLINK-3958,1 52535U 22051C   23157.66227729  .00000087  00000-0  23529-4 0  9999,2 52535  53.2170 329.8391 0001219  89.1097 271.0035 15.08840730 59482,6917.878,95.438,540.586,538.9,0.0
52535.0,STARLINK-3958,PAYLOAD,2023-06-07 10:58:18,15.0883435,0.0001132,53.217,326.2716,84.5955,275.5166,3.8874e-05,3.31e-06,0.0,0 STARLINK-3958,1 52535U 22051C   23158.45716221  .00000331  00000-0  38874-4 0  9998,2 52535  53.2170 326.2716 0001132  84.5955 275.5166 15.08834350 59609,6917.898,95.438,540.546,538.98,0.0
52535.0,STARLINK-3958,PAYLOAD,2023-06-07 14:09:04,15.08842078,0.0001332,53.2164,325.6789,80.3311,279.7832,-5.6762e-05,-1.191e-05,0.0,0 STARLINK-3958,1 52535U 22051C   23158.58963847 -.00001191  00000-0 -56762-4 0  9993,2 52535  53.2164 325.6789 0001332  80.3311 279.7832 15.08842078 59553,6917.874,95.437,540.66,538.818,0.0
52535.0,STARLINK-3958,PAYLOAD,2023-06-07 20:30:37,15.0884239,0.0001076,53.2166,324.4888,82.8531,277.2583,0.0001023,1.341e-05,0.0,0 STARLINK-3958,1 52535U 22051C   23158.85459907  .00001341  00000-0  10230-3 0  9994,2 52535  53.2166 324.4888 0001076  82.8531 277.2583 15.08842390 59595,6917.873,95.437,540.482,538.994,0.0
52535.0,STARLINK-3958,PAYLOAD,2023-06-08 04:27:33,15.08841417,0.0001055,53.2165,323.0019,77.5565,282.5545,3.9443e-05,3.4e-06,0.0,0 STARLINK-3958,1 52535U 22051C   23159.18579995  .00000340  00000-0  39443-4 0  9997,2 52535  53.2165 323.0019 0001055  77.5565 282.5545 15.08841417 59642,6917.876,95.437,540.471,539.011,0.0
52535.0,STARLINK-3958,PAYLOAD,2023-06-09 04:18:20,15.08844199,0.0001046,53.2166,318.5412,74.8293,285.2815,0.00011887,1.605e-05,0.0,0 STARLINK-3958,1 52535U 22051C   23160.17939967  .00001605  00000-0  11887-3 0  9993,2 52535  53.2166 318.5412 0001046  74.8293 285.2815 15.08844199 59861,6917.868,95.437,540.456,539.009,0.0
52535.0,STARLINK-3958,PAYLOAD,2023-06-09 17:01:25,15.08837244,0.000116,53.216,316.1633,73.3066,286.8053,5.2847e-05,5.53e-06,0.0,0 STARLINK-3958,1 52535U 22051C   23160.70932423  .00000553  00000-0  52847-4 0  9995,2 52535  53.2160 316.1633 0001160  73.3066 286.8053 15.08837244 59946,6917.889,95.438,540.556,538.951,0.0
52535.0,STARLINK-3958,PAYLOAD,2023-06-09 20:12:11,15.08842777,0.0001314,53.2178,315.5659,103.7826,256.3312,9.6359e-05,1.246e-05,0.0,0 STARLINK-3958,1 52535U 22051C   23160.84179999  .00001246  00000-0  96359-4 0  9997,2 52535  53.2178 315.5659 0001314 103.7826 256.3312 15.08842777 59890,6917.872,95.437,540.646,538.828,0.0
52535.0,STARLINK-3958,PAYLOAD,2023-06-10 10:30:40,15.08837663,0.0001047,53.2172,312.8897,87.7487,272.3625,4.3836e-05,4.1e-06,0.0,0 STARLINK-3958,1 52535U 22051C   23161.43796501  .00000410  00000-0  43836-4 0  9991,2 52535  53.2172 312.8897 0001047  87.7487 272.3625 15.08837663 59988,6917.888,95.438,540.477,539.028,0.0
52535.0,STARLINK-3958,PAYLOAD,2023-06-10 20:02:58,15.08841958,0.0001087,53.217,311.1056,89.5458,270.5659,8.1356e-05,1.007e-05,0.0,0 STARLINK-3958,1 52535U 22051C   23161.83540151  .00001007  00000-0  81356-4 0  9995,2 52535  53.2170 311.1056 0001087  89.5458 270.5659 15.08841958 60045,6917.874,95.437,540.491,538.987,0.0
52535.0,STARLINK-3958,PAYLOAD,2023-06-11 02:24:31,15.08839012,0.0001122,53.2182,309.9144,91.2825,268.8295,6.0686e-05,6.78e-06,0.0,0 STARLINK-3958,1 52535U 22051C   23162.10036387  .00000678  00000-0  60686-4 0  9993,2 52535  53.2182 309.9144 0001122  91.2825 268.8295 15.08839012 60155,6917.883,95.438,540.525,538.972,0.0
52535.0,STARLINK-3958,PAYLOAD,2023-06-11 10:21:27,15.0883496,0.0001137,53.2172,308.4292,102.3106,257.8013,7.1167e-05,8.45e-06,0.0,0 STARLINK-3958,1 52535U 22051C   23162.43156704  .00000845  00000-0  71167-4 0  9997,2 52535  53.2172 308.4292 0001137 102.3106 257.8013 15.08834960 60135,6917.896,95.438,540.547,538.974,0.0
52535.0,STARLINK-3958,PAYLOAD,2023-06-11 16:42:59,15.08842691,0.0001289,53.2171,307.2401,93.5181,266.5959,0.00014118,1.96e-05,0.0,0 STARLINK-3958,1 52535U 22051C   23162.69652167  .00001960  00000-0  14118-3 0  9990,2 52535  53.2171 307.2401 0001289  93.5181 266.5959 15.08842691 60175,6917.872,95.437,540.629,538.845,0.0
52535.0,STARLINK-3958,PAYLOAD,2023-06-12 02:15:18,15.08843785,9.9e-05,53.2177,305.4579,91.1475,268.963,0.00013014,1.784e-05,0.0,0 STARLINK-3958,1 52535U 22051C   23163.09396158  .00001784  00000-0  13014-3 0  9998,2 52535  53.2177 305.4579 0000990  91.1475 268.9630 15.08843785 60239,6917.869,95.437,540.419,539.049,0.0
52535.0,STARLINK-3958,PAYLOAD,2023-06-12 16:33:47,15.08833525,0.0001353,53.2207,302.7857,109.6264,250.4875,-0.00012174,-2.225e-05,0.0,0 STARLINK-3958,1 52535U 22051C   23163.69013720 -.00002225  00000-0 -12174-3 0  9994,2 52535  53.2207 302.7857 0001353 109.6264 250.4875 15.08833525 60392,6917.9,95.438,540.701,538.829,0.0
52535.0,STARLINK-3958,PAYLOAD,2023-06-13 02:06:06,15.08831292,0.000123,53.2194,300.9972,103.546,256.5669,4.9194e-05,4.95e-06,0.0,0 STARLINK-3958,1 52535U 22051C   23164.08757636  .00000495  00000-0  49194-4 0  9997,2 52535  53.2194 300.9972 0001230 103.5460 256.5669 15.08831292 60386,6917.907,95.438,540.623,538.921,0.0
52535.0,STARLINK-3958,PAYLOAD,2023-06-14 01:56:52,15.0885386,0.0001075,53.2186,296.5361,98.5761,261.5353,0.00011672,1.571e-05,0.0,0 STARLINK-3958,1 52535U 22051C   23165.08115965  .00001571  00000-0  11672-3 0  9996,2 52535  53.2186 296.5361 0001075  98.5761 261.5353 15.08853860 60609,6917.838,95.437,540.447,538.959,0.0
52535.0,STARLINK-3958,PAYLOAD,2023-06-14 09:53:48,15.08836308,0.0001325,53.219,295.0501,97.7143,262.3999,0.00016958,2.412e-05,0.0,0 STARLINK-3958,1 52535U 22051C   23165.41237070  .00002412  00000-0  16958-3 0  9992,2 52535  53.2190 295.0501 0001325  97.7143 262.3999 15.08836308 60655,6917.892,95.438,540.673,538.84,0.0
52535.0,STARLINK-3958,PAYLOAD,2023-06-14 17:50:44,15.08841463,0.0001301,53.2187,293.5625,95.8596,264.2545,0.00016875,2.399e-05,0.0,0 STARLINK-3958,1 52535U 22051C   23165.74356811  .00002399  00000-0  16875-3 0  9995,2 52535  53.2187 293.5625 0001301  95.8596 264.2545 15.08841463 60630,6917.876,95.437,540.641,538.841,0.0
52535.0,STARLINK-3958,PAYLOAD,2023-06-15 12:55:22,15.08843477,0.0001282,53.2157,289.9921,92.8371,267.2768,3.212e-05,2.23e-06,0.0,0 STARLINK-3958,1 52535U 22051C   23166.53844959  .00000223  00000-0  32120-4 0  9994,2 52535  53.2157 289.9921 0001282  92.8371 267.2768 15.08843477 60751,6917.87,95.437,540.622,538.848,0.0
52535.0,STARLINK-3958,PAYLOAD,2023-06-15 14:30:45,15.08845884,0.0001185,53.2181,289.697,94.6774,265.4354,-5.2639e-05,-1.126e-05,0.0,0 STARLINK-3958,1 52535U 22051C   23166.60469041 -.00001126  00000-0 -52639-4 0  9999,2 52535  53.2181 289.6970 0001185  94.6774 265.4354 15.08845884 60832,6917.862,95.437,540.547,538.908,0.0
52535.0,STARLINK-3958,PAYLOAD,2023-06-16 12:46:07,15.08854344,0.0001234,53.2181,285.5357,89.8811,270.2322,0.0001568,2.209e-05,0.0,0 STARLINK-3958,1 52535U 22051C   23167.53203660  .00002209  00000-0  15680-3 0  9990,2 52535  53.2181 285.5357 0001234  89.8811 270.2322 15.08854344 60907,6917.837,95.437,540.555,538.848,0.0
52535.0,STARLINK-3958,PAYLOAD,2023-06-16 14:21:30,15.08857828,0.0001274,53.2178,285.2364,101.2456,258.8679,0.0001937,2.798e-05,0.0,0 STARLINK-3958,1 52535U 22051C   23167.59827339  .00002798  00000-0  19370-3 0  9994,2 52535  53.2178 285.2364 0001274 101.2456 258.8679 15.08857828 60981,6917.826,95.436,540.572,538.81,0.0
52535.0,STARLINK-3958,PAYLOAD,2023-06-16 17:32:17,15.08863179,0.0001133,53.2168,284.641,103.0,257.1118,0.00033617,5.07e-05,0.0,0 STARLINK-3958,1 52535U 22051C   23167.73075386  .00005070  00000-0  33617-3 0  9993,2 52535  53.2168 284.6410 0001133 103.0000 257.1118 15.08863179 60935,6917.81,95.436,540.458,538.891,0.0
52535.0,STARLINK-3958,PAYLOAD,2023-06-17 07:50:45,15.08855941,0.0001174,53.2174,281.9654,100.3496,259.7629,0.00029626,4.432e-05,0.0,0 STARLINK-3958,1 52535U 22051C   23168.32691266  .00004432  00000-0  29626-3 0  9996,2 52535  53.2174 281.9654 0001174 100.3496 259.7629 15.08855941 61097,6917.832,95.437,540.509,538.885,0.0
52535.0,STARLINK-3958,PAYLOAD,2023-06-17 17:23:03,15.08863789,0.0001075,53.2168,280.181,90.7137,269.3978,0.0003099,4.651e-05,0.0,0 STARLINK-3958,1 52535U 22051C   23168.72434529  .00004651  00000-0  30990-3 0  9996,2 52535  53.2168 280.1810 0001075  90.7137 269.3978 15.08863789 61081,6917.808,95.436,540.416,538.929,0.0
52535.0,STARLINK-3958,PAYLOAD,2023-06-18 07:41:32,15.08826585,0.0001002,53.2172,277.5041,78.0322,282.0782,-0.00040713,-6.759e-05,0.0,0 STARLINK-3958,1 52535U 22051C   23169.32052054 -.00006759  00000-0 -40713-3 0  9999,2 52535  53.2172 277.5041 0001002  78.0322 282.0782 15.08826585 61243,6917.921,95.438,540.48,539.093,0.0
52535.0,STARLINK-3958,PAYLOAD,2023-06-18 10:52:19,15.08817785,0.0001069,53.2177,276.9104,71.6769,288.4339,-0.0005347,-8.782e-05,0.0,0 STARLINK-3958,1 52535U 22051C   23169.45300665 -.00008782  00000-0 -53470-3 0  9999,2 52535  53.2177 276.9104 0001069  71.6769 288.4339 15.08817785 61260,6917.948,95.439,540.553,539.074,0.0
52535.0,STARLINK-3958,PAYLOAD,2023-06-19 07:32:21,15.08821905,9.86e-05,53.2164,273.044,80.6994,279.411,-0.00020809,-3.596e-05,0.0,0 STARLINK-3958,1 52535U 22051C   23170.31413853 -.00003596  00000-0 -20809-3 0  9998,2 52535  53.2164 273.0440 0000986  80.6994 279.4110 15.08821905 61394,6917.936,95.439,540.483,539.119,0.0
52535.0,STARLINK-3958,PAYLOAD,2023-06-19 13:53:54,15.08829258,0.0001029,53.2163,271.8559,80.0829,280.028,-1.8961e-05,-5.89e-06,0.0,0 STARLINK-3958,1 52535U 22051C   23170.57909802 -.00000589  00000-0 -18961-4 0  9996,2 52535  53.2163 271.8559 0001029  80.0829 280.0280 15.08829258 61362,6917.913,95.438,540.49,539.066,0.0
52535.0,STARLINK-3958,PAYLOAD,2023-06-20 07:23:08,15.08849544,0.0001094,53.2159,268.5847,82.9844,277.1273,0.00090038,0.00014074,0.0,0 STARLINK-3958,1 52535U 22051C   23171.30774288  .00014074  00000-0  90038-3 0  9992,2 52535  53.2159 268.5847 0001094  82.9844 277.1273 15.08849544 61549,6917.851,95.437,540.473,538.959,0.0
52535.0,STARLINK-3958,PAYLOAD,2023-06-20 16:55:26,15.08879094,0.0001084,53.2159,266.801,83.8445,276.267,0.0012348,0.00019439,0.0,0 STARLINK-3958,1 52535U 22051C   23171.70517297  .00019439  00000-0  12348-2 0  9998,2 52535  53.2159 266.8010 0001084  83.8445 276.2670 15.08879094 61609,6917.761,95.435,540.376,538.876,0.0
52535.0,STARLINK-3958,PAYLOAD,2023-06-20 23:16:59,15.08861073,0.0001582,53.216,265.6111,83.7663,276.3509,0.00048941,7.514e-05,0.0,0 STARLINK-3958,1 52535U 22051C   23171.97013517  .00007514  00000-0  48941-3 0  9993,2 52535  53.2160 265.6111 0001582  83.7663 276.3509 15.08861073 61648,6917.816,95.436,540.775,538.587,0.0
52535.0,STARLINK-3958,PAYLOAD,2023-06-21 12:00:04,15.08853142,0.0001257,53.2157,263.2331,89.4504,270.6632,0.00037923,5.755e-05,0.0,0 STARLINK-3958,1 52535U 22051C   23172.50005399  .00005755  00000-0  37923-3 0  9995,2 52535  53.2157 263.2331 0001257  89.4504 270.6632 15.08853142 61729,6917.84,95.437,540.575,538.836,0.0
52535.0,STARLINK-3958,PAYLOAD,2023-06-21 13:35:28,15.08844988,0.0001426,53.2163,262.9371,84.7133,275.4021,0.00094793,0.00014833,0.0,0 STARLINK-3958,1 52535U 22051C   23172.56629646  .00014833  00000-0  94793-3 0  9993,2 52535  53.2163 262.9371 0001426  84.7133 275.4021 15.08844988 61666,6917.865,95.437,540.717,538.744,0.0
52535.0,STARLINK-3958,PAYLOAD,2023-06-21 23:07:46,15.08840708,0.0001317,53.2151,261.1497,82.0848,278.0294,0.00034832,5.26e-05,0.0,0 STARLINK-3958,1 52535U 22051C   23172.96373716  .00005260  00000-0  34832-3 0  9993,2 52535  53.2151 261.1497 0001317  82.0848 278.0294 15.08840708 61797,6917.878,95.438,540.654,538.832,0.0
52535.0,STARLINK-3958,PAYLOAD,2023-06-22 22:58:33,15.08846034,0.0001238,53.2153,256.6912,80.0294,280.0838,0.0003463,5.229e-05,0.0,0 STARLINK-3958,1 52535U 22051C   23173.95733770  .00005229  00000-0  34630-3 0  9994,2 52535  53.2153 256.6912 0001238  80.0294 280.0838 15.08846034 61947,6917.862,95.437,540.583,538.871,0.0
52535.0,STARLINK-3958,PAYLOAD,2023-06-23 22:49:20,15.08847255,0.0001297,53.2144,252.2307,82.2479,277.866,0.00023759,3.496e-05,0.0,0 STARLINK-3958,1 52535U 22051C   23174.95093567  .00003496  00000-0  23759-3 0  9992,2 52535  53.2144 252.2307 0001297  82.2479 277.8660 15.08847255 62091,6917.858,95.437,540.62,538.826,0.0
52535.0,STARLINK-3958,PAYLOAD,2023-06-24 08:21:39,15.08839517,0.000139,53.2151,250.4458,85.6504,274.4647,6.3431e-05,7.22e-06,0.0,0 STARLINK-3958,1 52535U 22051C   23175.34837858  .00000722  00000-0  63431-4 0  9996,2 52535  53.2151 250.4458 0001390  85.6504 274.4647 15.08839517 62153,6917.882,95.438,540.708,538.785,0.0
52535.0,STARLINK-3958,PAYLOAD,2023-06-25 14:33:58,15.08850069,0.0001204,53.216,244.7954,92.1461,267.9669,0.00014927,2.089e-05,0.0,0 STARLINK-3958,1 52535U 22051C   23176.60693201  .00002089  00000-0  14927-3 0  9991,2 52535  53.2160 244.7954 0001204  92.1461 267.9669 15.08850069 62346,6917.85,95.437,540.548,538.882,0.0
52535.0,STARLINK-3958,PAYLOAD,2023-06-26 09:38:37,15.08836327,0.0001205,53.2158,241.2285,95.9078,264.2052,8.5413e-05,1.072e-05,0.0,0 STARLINK-3958,1 52535U 22051C   23177.40182049  .00001072  00000-0  85413-4 0  9993,2 52535  53.2158 241.2285 0001205  95.9078 264.2052 15.08836327 62468,6917.892,95.438,540.59,538.923,0.0
52535.0,STARLINK-3958,PAYLOAD,2023-06-27 11:04:47,15.08836085,0.0001271,53.2165,236.4708,101.3163,258.7972,2.1862e-05,6e-07,0.0,0 STARLINK-3958,1 52535U 22051C   23178.46166230  .00000060  00000-0  21862-4 0  9998,2 52535  53.2165 236.4708 0001271 101.3163 258.7972 15.08836085 62620,6917.892,95.438,540.637,538.878,0.0
52535.0,STARLINK-3958,PAYLOAD,2023-06-28 17:17:07,15.08841828,0.0001185,53.2163,230.8209,97.7057,262.4069,0.00010785,1.429e-05,0.0,0 STARLINK-3958,1 52535U 22051C   23179.72022184  .00001429  00000-0  10785-3 0  9998,2 52535  53.2163 230.8209 0001185  97.7057 262.4069 15.08841828 62817,6917.875,95.437,540.56,538.92,0.0
52535.0,STARLINK-3958,PAYLOAD,2023-06-30 20:09:27,15.08841123,0.0001134,53.2149,221.3029,87.752,272.3601,2.4464e-05,1.02e-06,0.0,0 STARLINK-3958,1 52535U 22051C   23181.83990089  .00000102  00000-0  24464-4 0  9998,2 52535  53.2149 221.3029 0001134  87.7520 272.3601 15.08841123 63130,6917.877,95.437,540.526,538.957,0.0
52535.0,STARLINK-3958,PAYLOAD,2023-07-01 13:38:42,15.08835669,0.0001227,53.2157,218.0302,107.4405,252.6721,-4.5942e-05,-1.019e-05,0.0,0 STARLINK-3958,1 52535U 22051C   23182.56854510 -.00001019  00000-0 -45942-4 0  9991,2 52535  53.2157 218.0302 0001227 107.4405 252.6721 15.08835669 63245,6917.894,95.438,540.607,538.91,0.0
52535.0,STARLINK-3958,PAYLOAD,2023-07-02 13:29:29,15.08841472,0.0001164,53.2165,213.571,94.4493,265.6632,1.1194e-05,-1.1e-06,0.0,0 STARLINK-3958,1 52535U 22051C   23183.56214406 -.00000110  00000-0  11194-4 0  9998,2 52535  53.2165 213.5710 0001164  94.4493 265.6632 15.08841472 63399,6917.876,95.437,540.546,538.936,0.0
52535.0,STARLINK-3958,PAYLOAD,2023-07-04 02:03:21,15.08833843,0.0001088,53.2161,206.7328,88.7933,271.3184,4.8706e-05,4.87e-06,0.0,0 STARLINK-3958,1 52535U 22051C   23185.08567003  .00000487  00000-0  48706-4 0  9996,2 52535  53.2161 206.7328 0001088  88.7933 271.3184 15.08833843 63629,6917.899,95.438,540.517,539.012,0.0
52535.0,STARLINK-3958,PAYLOAD,2023-07-05 08:15:41,15.08841616,0.0001106,53.2164,201.0829,86.9253,273.1866,1.7351e-05,-1.2e-07,0.0,0 STARLINK-3958,1 52535U 22051C   23186.34422657 -.00000012  00000-0  17351-4 0  9998,2 52535  53.2164 201.0829 0001106  86.9253 273.1866 15.08841616 63817,6917.875,95.437,540.506,538.975,0.0
52535.0,STARLINK-3958,PAYLOAD,2023-07-06 04:55:42,15.08835958,0.0001037,53.216,197.2174,89.6261,270.485,4.376e-05,4.09e-06,0.0,0 STARLINK-3958,1 52535U 22051C   23187.20535099  .00000409  00000-0  43760-4 0  9991,2 52535  53.2160 197.2174 0001037  89.6261 270.4850 15.08835958 63943,6917.893,95.438,540.475,539.04,0.0
52535.0,STARLINK-3958,PAYLOAD,2023-07-07 07:57:15,15.08842868,0.000106,53.2158,192.1623,88.3839,271.7274,8.7724e-05,1.109e-05,0.0,0 STARLINK-3958,1 52535U 22051C   23188.33142755  .00001109  00000-0  87724-4 0  9995,2 52535  53.2158 192.1623 0001060  88.3839 271.7274 15.08842868 64118,6917.872,95.437,540.47,539.003,0.0
52535.0,STARLINK-3958,PAYLOAD,2023-07-07 17:29:33,15.08849437,0.0001073,53.216,190.3783,88.6063,271.5052,0.0001439,2.004e-05,0.0,0 STARLINK-3958,1 52535U 22051C   23188.72886092  .00002004  00000-0  14390-3 0  9990,2 52535  53.2160 190.3783 0001073  88.6063 271.5052 15.08849437 64171,6917.852,95.437,540.459,538.974,0.0
52535.0,STARLINK-3958,PAYLOAD,2023-07-08 09:23:23,15.08868533,0.0001122,53.2156,187.4032,84.1562,275.9558,0.00029862,4.472e-05,0.0,0 STARLINK-3958,1 52535U 22051C   23189.39123964  .00004472  00000-0  29862-3 0  9997,2 52535  53.2156 187.4032 0001122  84.1562 275.9558 15.08868533 64278,6917.793,95.436,540.434,538.882,0.0
52535.0,STARLINK-3958,PAYLOAD,2023-07-09 02:52:39,15.08841884,0.0001423,53.2156,184.1325,98.3423,261.773,-2.8069e-05,-7.35e-06,0.0,0 STARLINK-3958,1 52535U 22051C   23190.11989765 -.00000735  00000-0 -28069-4 0  9997,2 52535  53.2156 184.1325 0001423  98.3423 261.7730 15.08841884 64381,6917.875,95.437,540.724,538.755,0.0
52535.0,STARLINK-3958,PAYLOAD,2023-07-10 02:43:26,15.08840242,0.0001244,53.2159,179.6727,93.9961,266.1173,-0.0001839,-3.213e-05,0.0,0 STARLINK-3958,1 52535U 22051C   23191.11350621 -.00003213  00000-0 -18390-3 0  9990,2 52535  53.2159 179.6727 0001244  93.9961 266.1173 15.08840242 64532,6917.88,95.438,540.605,538.884,0.0
52535.0,STARLINK-3958,PAYLOAD,2023-07-10 23:23:28,15.08824018,0.0001159,53.216,175.8068,94.7095,265.403,8.2099e-05,1.018e-05,0.0,0 STARLINK-3958,1 52535U 22051C   23191.97463153  .00001018  00000-0  82099-4 0  9996,2 52535  53.2160 175.8068 0001159  94.7095 265.4030 15.08824018 64663,6917.929,95.439,540.596,538.992,0.0
52535.0,STARLINK-3958,PAYLOAD,2023-07-12 05:35:47,15.08837614,0.0001159,53.2162,170.1572,93.2556,266.8568,0.00018873,2.717e-05,0.0,0 STARLINK-3958,1 52535U 22051C   23193.23319171  .00002717  00000-0  18873-3 0  9992,2 52535  53.2162 170.1572 0001159  93.2556 266.8568 15.08837614 64857,6917.888,95.438,540.554,538.951,0.0
52535.0,STARLINK-3958,PAYLOAD,2023-07-12 15:08:07,15.0883533,0.000116,53.216,168.3725,92.4258,267.6867,0.0001544,2.17e-05,0.0,0 STARLINK-3958,1 52535U 22051C   23193.63063720  .00002170  00000-0  15440-3 0  9992,2 52535  53.2160 168.3725 0001160  92.4258 267.6867 15.08835330 64917,6917.895,95.438,540.562,538.957,0.0
52535.0,STARLINK-3958,PAYLOAD,2023-07-14 10:03:31,15.08843288,0.0001221,53.2164,160.344,93.478,266.6352,4.8764e-05,4.88e-06,0.0,0 STARLINK-3958,1 52535U 22051C   23195.41911767  .00000488  00000-0  48764-4 0  9999,2 52535  53.2164 160.3440 0001221  93.4780 266.6352 15.08843288 65185,6917.87,95.437,540.58,538.891,0.0
52535.0,STARLINK-3958,PAYLOAD,2023-07-15 14:40:28,15.08840021,0.0001268,53.2178,154.9921,87.0591,273.0546,6.5078e-05,7.48e-06,0.0,0 STARLINK-3958,1 52535U 22051C   23196.61143984  .00000748  00000-0  65078-4 0  9996,2 52535  53.2178 154.9921 0001268  87.0591 273.0546 15.08840021 65362,6917.88,95.438,540.623,538.868,0.0
52535.0,STARLINK-3958,PAYLOAD,2023-07-16 03:23:34,15.08831119,9.7e-05,53.2163,152.6125,91.1753,268.935,7.1818e-05,8.55e-06,0.0,0 STARLINK-3958,1 52535U 22051C   23197.14136787  .00000855  00000-0  71818-4 0  9996,2 52535  53.2163 152.6125 0000970  91.1753 268.9350 15.08831119 65445,6917.908,95.438,540.444,539.101,0.0
52535.0,STARLINK-3958,PAYLOAD,2023-07-16 06:34:20,15.0883728,0.0001303,53.2163,152.0168,91.3715,268.7427,4.7296e-05,4.65e-06,0.0,0 STARLINK-3958,1 52535U 22051C   23197.27384302  .00000465  00000-0  47296-4 0  9998,2 52535  53.2163 152.0168 0001303  91.3715 268.7427 15.08837280 65467,6917.889,95.438,540.655,538.852,0.0
52535.0,STARLINK-3958,PAYLOAD,2023-07-17 23:54:21,15.08846875,0.0001286,53.216,144.2854,90.6812,269.4328,0.00023605,3.472e-05,0.0,0 STARLINK-3958,1 52535U 22051C   23198.99607778  .00003472  00000-0  23605-3 0  9991,2 52535  53.2160 144.2854 0001286  90.6812 269.4328 15.08846875 65726,6917.859,95.437,540.614,538.835,0.0
52535.0,STARLINK-3958,PAYLOAD,2023-07-18 23:45:08,15.08842277,0.0001665,53.2168,139.8214,107.6973,252.4201,-3.0374e-05,-7.71e-06,0.0,0 STARLINK-3958,1 52535U 22051C   23199.98967909 -.00000771  00000-0 -30374-4 0  9999,2 52535  53.2168 139.8214 0001665 107.6973 252.4201 15.08842277 65872,6917.873,95.437,540.89,538.587,0.0
52535.0,STARLINK-3958,PAYLOAD,2023-07-19 06:06:42,15.08814109,0.00016,53.2165,138.6346,94.8273,265.2902,0.00060179,9.296e-05,0.0,0 STARLINK-3958,1 52535U 22051C   23200.25465437  .00009296  00000-0  60179-3 0  9995,2 52535  53.2165 138.6346 0001600  94.8273 265.2902 15.08814109 65919,6917.96,95.439,540.931,538.718,0.0
52535.0,STARLINK-3958,PAYLOAD,2023-07-19 20:25:09,15.0883493,0.0001334,53.216,135.9597,101.3728,258.7414,-1.1891e-05,-4.77e-06,0.0,0 STARLINK-3958,1 52535U 22051C   23200.85080698 -.00000477  00000-0 -11891-4 0  9995,2 52535  53.2160 135.9597 0001334 101.3728 258.7414 15.08834930 66005,6917.896,95.438,540.684,538.838,0.0
52535.0,STARLINK-3958,PAYLOAD,2023-07-20 04:22:05,15.08841325,0.0001306,53.2174,134.473,98.1414,261.9727,2.3068e-05,7.9e-07,0.0,0 STARLINK-3958,1 52535U 22051C   23201.18200293  .00000079  00000-0  23068-4 0  9992,2 52535  53.2174 134.4730 0001306  98.1414 261.9727 15.08841325 66051,6917.876,95.437,540.645,538.838,0.0
52535.0,STARLINK-3958,PAYLOAD,2023-07-21 05:48:15,15.08836422,0.000126,53.2171,129.7152,87.5054,272.6082,0.00011402,1.527e-05,0.0,0 STARLINK-3958,1 52535U 22051C   23202.24184801  .00001527  00000-0  11402-3 0  9993,2 52535  53.2171 129.7152 0001260  87.5054 272.6082 15.08836422 66217,6917.891,95.438,540.628,538.885,0.0
52535.0,STARLINK-3958,PAYLOAD,2023-07-24 03:45:14,15.0883829,0.0001244,53.2181,116.6326,73.2495,286.8633,-6.6694e-06,-3.94e-06,0.0,0 STARLINK-3958,1 52535U 22051C   23205.15641344 -.00000394  00000-0 -66694-5 0  9994,2 52535  53.2181 116.6326 0001244  73.2495 286.8633 15.08838290 66583,6917.886,95.438,540.611,538.89,0.0
52535.0,STARLINK-3958,PAYLOAD,2023-07-25 03:35:59,15.08852503,0.0001028,53.2184,112.167,135.5399,224.5676,3.1686e-05,2.17e-06,0.0,0 STARLINK-3958,1 52535U 22051C   23206.14999993  .00000217  00000-0  31686-4 0  9994,2 52535  53.2184 112.1670 0001028 135.5399 224.5676 15.08852503 66730,6917.842,95.437,540.418,538.996,0.0
52535.0,STARLINK-3958,PAYLOAD,2023-07-26 03:26:48,15.08838818,0.0001311,53.2162,107.7091,99.274,260.84,-3.7729e-06,-3.48e-06,0.0,0 STARLINK-3958,1 52535U 22051C   23207.14361515 -.00000348  00000-0 -37729-5 0  9990,2 52535  53.2162 107.7091 0001311  99.2740 260.8400 15.08838818 66881,6917.884,95.438,540.656,538.842,0.0
52535.0,STARLINK-3958,PAYLOAD,2023-07-27 00:06:47,15.08834672,7.16e-05,53.2173,103.8458,109.5727,250.5342,0.00035181,5.315e-05,0.0,0 STARLINK-3958,1 52535U 22051C   23208.00472157  .00005315  00000-0  35181-3 0  9996,2 52535  53.2173 103.8458 0000716 109.5727 250.5342 15.08834672 67083,6917.897,95.438,540.257,539.266,0.0
52535.0,STARLINK-3958,PAYLOAD,2023-07-27 09:39:08,15.08828697,0.0001791,53.2179,102.0605,90.7422,269.3776,4.8287e-05,4.8e-06,0.0,0 STARLINK-3958,1 52535U 22051C   23208.40217998  .00000480  00000-0  48287-4 0  9990,2 52535  53.2179 102.0605 0001791  90.7422 269.3776 15.08828697 67147,6917.915,95.438,541.019,538.541,0.0
52535.0,STARLINK-3958,PAYLOAD,2023-07-27 12:49:54,15.08829006,0.0001298,53.2163,101.4669,110.4225,249.6907,-6.3915e-05,-1.305e-05,0.0,0 STARLINK-3958,1 52535U 22051C   23208.53465424 -.00001305  00000-0 -63915-4 0  9997,2 52535  53.2163 101.4669 0001298 110.4225 249.6907 15.08829006 67092,6917.914,95.438,540.677,538.881,0.0
52535.0,STARLINK-3958,PAYLOAD,2023-07-27 19:11:26,15.08825488,0.0001227,53.2161,100.2776,107.3815,252.7311,-0.00012491,-2.274e-05,0.0,0 STARLINK-3958,1 52535U 22051C   23208.79961771 -.00002274  00000-0 -12491-3 0  9999,2 52535  53.2161 100.2776 0001227 107.3815 252.7311 15.08825488 67137,6917.925,95.438,540.639,538.941,0.0
52535.0,STARLINK-3958,PAYLOAD,2023-07-28 11:05:18,15.08835849,0.0001133,53.2162,97.3051,111.6619,248.4494,-2.461e-05,-6.79e-06,0.0,0 STARLINK-3958,1 52535U 22051C   23209.46201472 -.00000679  00000-0 -24610-4 0  9993,2 52535  53.2162  97.3051 0001133 111.6619 248.4494 15.08835849 67233,6917.893,95.438,540.542,538.974,0.0
52535.0,STARLINK-3958,PAYLOAD,2023-07-29 02:59:09,15.08846898,0.0001053,53.216,94.3313,108.4961,251.6145,0.00025996,3.853e-05,0.0,0 STARLINK-3958,1 52535U 22051C   23210.12441288  .00003853  00000-0  25996-3 0  9991,2 52535  53.2160  94.3313 0001053 108.4961 251.6145 15.08846898 67408,6917.859,95.437,540.453,538.996,0.0
52535.0,STARLINK-3958,PAYLOAD,2023-07-30 01:14:33,15.08852875,0.0001038,53.2158,90.1672,108.3511,251.7594,0.0004275,6.525e-05,0.0,0 STARLINK-3958,1 52535U 22051C   23211.05177293  .00006525  00000-0  42750-3 0  9992,2 52535  53.2158  90.1672 0001038 108.3511 251.7594 15.08852875 67546,6917.841,95.437,540.424,538.988,0.0
52535.0,STARLINK-3958,PAYLOAD,2023-07-30 15:33:01,15.08843951,0.0001149,53.2157,87.4913,104.06,256.052,0.00017872,2.558e-05,0.0,0 STARLINK-3958,1 52535U 22051C   23211.64793572  .00002558  00000-0  17872-3 0  9990,2 52535  53.2157  87.4913 0001149 104.0600 256.0520 15.08843951 67639,6917.868,95.437,540.528,538.938,0.0
52535.0,STARLINK-3958,PAYLOAD,2023-07-31 09:02:16,15.0884118,0.0001186,53.2169,84.2188,98.6358,261.4768,0.00015998,2.259e-05,0.0,0 STARLINK-3958,1 52535U 22051C   23212.37657885  .00002259  00000-0  15998-3 0  9992,2 52535  53.2169  84.2188 0001186  98.6358 261.4768 15.08841180 67748,6917.877,95.437,540.562,538.921,0.0
52535.0,STARLINK-3958,PAYLOAD,2023-08-01 18:25:22,15.08839471,0.0001038,53.2158,77.9744,96.9273,263.1837,0.00010614,1.402e-05,0.0,0 STARLINK-3958,1 52535U 22051C   23213.76762068  .00001402  00000-0  10614-3 0  9995,2 52535  53.2158  77.9744 0001038  96.9273 263.1837 15.08839471 67955,6917.882,95.438,540.465,539.029,0.0
52535.0,STARLINK-3958,PAYLOAD,2023-08-03 00:37:42,15.08827445,0.0001322,53.2162,72.3232,114.0619,246.0511,0.00089974,0.00014055,0.0,0 STARLINK-3958,1 52535U 22051C   23215.02618823  .00014055  00000-0  89974-3 0  9998,2 52535  53.2162  72.3232 0001322 114.0619 246.0511 15.08827445 68142,6917.919,95.438,540.698,538.869,0.0
52535.0,STARLINK-3958,PAYLOAD,2023-08-03 19:42:19,15.08837666,0.0001343,53.2165,68.7529,113.6786,246.4347,2.4128e-05,9.6e-07,0.0,0 STARLINK-3958,1 52535U 22051C   23215.82106173  .00000096  00000-0  24128-4 0  9997,2 52535  53.2165  68.7529 0001343 113.6786 246.4347 15.08837666 68266,6917.888,95.438,540.682,538.823,0.0
52535.0,STARLINK-3958,PAYLOAD,2023-08-05 08:16:13,15.08817647,0.0001279,53.2164,61.9172,110.6888,249.4241,0.00095113,0.00014872,0.0,0 STARLINK-3958,1 52535U 22051C   23217.34459941  .00014872  00000-0  95113-3 0  9998,2 52535  53.2164  61.9172 0001279 110.6888 249.4241 15.08817647 68490,6917.949,95.439,540.699,538.929,0.0
52535.0,STARLINK-3958,PAYLOAD,2023-08-05 17:48:30,15.08838722,0.0001049,53.2165,60.1332,89.5605,270.5507,7.183e-05,8.56e-06,0.0,0 STARLINK-3958,1 52535U 22051C   23217.74202463  .00000856  00000-0  71830-4 0  9995,2 52535  53.2165  60.1332 0001049  89.5605 270.5507 15.08838722 68550,6917.884,95.438,540.475,539.024,0.0
52535.0,STARLINK-3958,PAYLOAD,2023-08-06 00:10:02,15.08848671,0.0001104,53.2162,58.943,99.5197,260.592,0.00020385,2.959e-05,0.0,0 STARLINK-3958,1 52535U 22051C   23218.00697911  .00002959  00000-0  20385-3 0  9995,2 52535  53.2162  58.9430 0001104  99.5197 260.5920 15.08848671 68596,6917.854,95.437,540.483,538.955,0.0
52535.0,STARLINK-3958,PAYLOAD,2023-08-06 08:06:59,15.08827296,0.0001093,53.2162,57.4568,91.9062,268.2056,-0.00013974,-2.51e-05,0.0,0 STARLINK-3958,1 52535U 22051C   23218.33819117 -.00002510  00000-0 -13974-3 0  9996,2 52535  53.2162  57.4568 0001093  91.9062 268.2056 15.08827296 68647,6917.919,95.438,540.54,539.028,0.0
52535.0,STARLINK-3958,PAYLOAD,2023-08-07 07:57:47,15.08836097,0.0001014,53.2168,52.9964,89.0934,271.0175,0.00014782,2.065e-05,0.0,0 STARLINK-3958,1 52535U 22051C   23219.33179411  .00002065  00000-0  14782-3 0  9994,2 52535  53.2168  52.9964 0001014  89.0934 271.0175 15.08836097 68791,6917.892,95.438,540.459,539.056,0.0
52535.0,STARLINK-3958,PAYLOAD,2023-08-07 19:05:28,15.08853267,0.0001004,53.2162,50.9152,87.4063,272.7044,0.00088566,0.00013841,0.0,0 STARLINK-3958,1 52535U 22051C   23219.79547314  .00013841  00000-0  88566-3 0  9990,2 52535  53.2162  50.9152 0001004  87.4063 272.7044 15.08853267 68865,6917.84,95.437,540.399,539.01,0.0
52535.0,STARLINK-3958,PAYLOAD,2023-08-08 07:48:33,15.08855192,9.43e-05,53.2164,48.5359,86.4653,273.6447,0.00063593,9.852e-05,0.0,0 STARLINK-3958,1 52535U 22051C   23220.32539127  .00009852  00000-0  63593-3 0  9994,2 52535  53.2164  48.5359 0000943  86.4653 273.6447 15.08855192 68949,6917.834,95.437,540.351,539.047,0.0
52535.0,STARLINK-3958,PAYLOAD,2023-08-08 18:56:15,15.08851562,9.54e-05,53.2166,46.4543,84.3385,275.7715,0.00034558,5.218e-05,0.0,0 STARLINK-3958,1 52535U 22051C   23220.78907003  .00005218  00000-0  34558-3 0  9997,2 52535  53.2166  46.4543 0000954  84.3385 275.7715 15.08851562 69011,6917.845,95.437,540.37,539.05,0.0
52535.0,STARLINK-3958,PAYLOAD,2023-08-09 09:14:43,15.0884292,0.0001182,53.216,43.7775,80.833,279.2796,1.182e-05,-1e-06,0.0,0 STARLINK-3958,1 52535U 22051C   23221.38523006 -.00000100  00000-0  11820-4 0  9995,2 52535  53.2160  43.7775 0001182  80.8330 279.2796 15.08842920 69103,6917.871,95.437,540.554,538.919,0.0
52535.0,STARLINK-3958,PAYLOAD,2023-08-10 18:37:49,15.08842391,9.43e-05,53.2173,37.5335,81.3899,278.72,8.4893e-05,1.064e-05,0.0,0 STARLINK-3958,1 52535U 22051C   23222.77626886  .00001064  00000-0  84893-4 0  9998,2 52535  53.2173  37.5335 0000943  81.3899 278.7200 15.08842391 69319,6917.873,95.437,540.39,539.086,0.0
52535.0,STARLINK-3958,PAYLOAD,2023-08-12 10:22:28,15.0883658,9.62e-05,53.2168,30.1004,89.6427,270.4675,8.0043e-06,-1.6e-06,0.0,0 STARLINK-3958,1 52535U 22051C   23224.43227135 -.00000160  00000-0  80043-5 0  9998,2 52535  53.2168  30.1004 0000962  89.6427 270.4675 15.08836580 69569,6917.891,95.438,540.421,539.09,0.0
52535.0,STARLINK-3958,PAYLOAD,2023-08-12 21:30:09,15.08845209,9.7e-05,53.2177,28.0184,88.9369,271.1735,0.00011072,1.475e-05,0.0,0 STARLINK-3958,1 52535U 22051C   23224.89594758  .00001475  00000-0  11072-3 0  9999,2 52535  53.2177  28.0184 0000970  88.9369 271.1735 15.08845209 69631,6917.864,95.437,540.401,539.058,0.0
52535.0,STARLINK-3958,PAYLOAD,2023-08-13 03:51:43,15.08837114,8.77e-05,53.2182,26.8274,87.5674,272.5419,3.1533e-05,2.14e-06,0.0,0 STARLINK-3958,1 52535U 22051C   23225.16091461  .00000214  00000-0  31533-4 0  9998,2 52535  53.2182  26.8274 0000877  87.5674 272.5419 15.08837114 69677,6917.889,95.438,540.361,539.148,0.0
52535.0,STARLINK-3958,PAYLOAD,2023-08-14 16:25:35,15.08842509,9.46e-05,53.2186,19.9888,86.2804,273.8296,5.8673e-05,6.46e-06,0.0,0 STARLINK-3958,1 52535U 22051C   23226.68443355  .00000646  00000-0  58673-4 0  9992,2 52535  53.2186  19.9888 0000946  86.2804 273.8296 15.08842509 69900,6917.873,95.437,540.392,539.083,0.0
52535.0,STARLINK-3958,PAYLOAD,2023-08-16 03:24:03,15.08845881,9.33e-05,53.2178,13.4483,77.9114,282.1983,6.4089e-05,7.33e-06,0.0,0 STARLINK-3958,1 52535U 22051C   23228.14171017  .00000733  00000-0  64089-4 0  9993,2 52535  53.2178  13.4483 0000933  77.9114 282.1983 15.08845881 70126,6917.862,95.437,540.373,539.082,0.0
52535.0,STARLINK-3958,PAYLOAD,2023-08-16 16:07:09,15.08835433,9.33e-05,53.2188,11.0683,86.5568,273.5531,2.3872e-05,9.2e-07,0.0,0 STARLINK-3958,1 52535U 22051C   23228.67163809  .00000092  00000-0  23872-4 0  9994,2 52535  53.2188  11.0683 0000933  86.5568 273.5531 15.08835433 70206,6917.894,95.438,540.405,539.114,0.0
52535.0,STARLINK-3958,PAYLOAD,2023-08-17 15:57:56,15.08836165,8.68e-05,53.2189,6.608,91.8299,268.2792,0.0002012,2.915e-05,0.0,0 STARLINK-3958,1 52535U 22051C   23229.66523304  .00002915  00000-0  20120-3 0  9992,2 52535  53.2189   6.6080 0000868  91.8299 268.2792 15.08836165 70354,6917.892,95.438,540.358,539.157,0.0
52535.0,STARLINK-3958,PAYLOAD,2023-08-18 09:27:11,15.08830599,8.19e-05,53.219,3.338,83.4312,276.6773,2.8182e-05,1.61e-06,0.0,0 STARLINK-3958,1 52535U 22051C   23230.39388023  .00000161  00000-0  28182-4 0  9999,2 52535  53.2190   3.3380 0000819  83.4312 276.6773 15.08830599 70461,6917.909,95.438,540.341,539.208,0.0
52535.0,STARLINK-3958,PAYLOAD,2023-08-18 15:48:43,15.08838201,9.18e-05,53.2187,2.149,90.4304,269.6793,9.2008e-05,1.177e-05,0.0,0 STARLINK-3958,1 52535U 22051C   23230.65883492  .00001177  00000-0  92008-4 0  9994,2 52535  53.2187   2.1490 0000918  90.4304 269.6793 15.08838201 70502,6917.886,95.438,540.386,539.116,0.0
52535.0,STARLINK-3958,PAYLOAD,2023-08-19 12:28:44,15.08837227,0.0001004,53.2182,358.2835,95.0784,265.0323,-1.4314e-05,-5.16e-06,0.0,0 STARLINK-3958,1 52535U 22051C   23231.51996021 -.00000516  00000-0 -14314-4 0  9995,2 52535  53.2182 358.2835 0001004  95.0784 265.0323 15.08837227 70635,6917.889,95.438,540.448,539.059,0.0
52535.0,STARLINK-3958,PAYLOAD,2023-08-20 17:05:40,15.08855807,0.0001412,53.2182,352.9303,108.3322,251.7824,-9.9637e-05,-1.874e-05,0.0,0 STARLINK-3958,1 52535U 22051C   23232.71227356 -.00001874  00000-0 -99637-4 0  9995,2 52535  53.2182 352.9303 0001412 108.3322 251.7824 15.08855807 70817,6917.832,95.437,540.674,538.72,0.0
52535.0,STARLINK-3958,PAYLOAD,2023-08-21 02:38:00,15.08834801,0.0001149,53.2183,351.1456,93.0707,267.0417,5.3423e-05,5.62e-06,0.0,0 STARLINK-3958,1 52535U 22051C   23233.10972362  .00000562  00000-0  53423-4 0  9997,2 52535  53.2183 351.1456 0001149  93.0707 267.0417 15.08834801 70877,6917.896,95.438,540.556,538.966,0.0
52535.0,STARLINK-3958,PAYLOAD,2023-08-21 15:21:04,15.08841925,0.000116,53.2186,348.768,85.8639,274.2486,9.622e-05,1.244e-05,0.0,0 STARLINK-3958,1 52535U 22051C   23233.63963895  .00001244  00000-0  96220-4 0  9996,2 52535  53.2186 348.7680 0001160  85.8639 274.2486 15.08841925 70957,6917.875,95.437,540.542,538.937,0.0
52535.0,STARLINK-3958,PAYLOAD,2023-08-22 12:01:06,15.08833853,0.0001364,53.2188,344.9037,74.8504,285.2639,5.2812e-05,5.53e-06,0.0,0 STARLINK-3958,1 52535U 22051C   23234.50076780  .00000553  00000-0  52812-4 0  9992,2 52535  53.2188 344.9037 0001364  74.8504 285.2639 15.08833853 71086,6917.899,95.438,540.708,538.821,0.0
52535.0,STARLINK-3958,PAYLOAD,2023-08-23 11:51:52,15.08845234,0.0001349,53.2186,340.443,75.3972,284.7169,7.7896e-05,9.52e-06,0.0,0 STARLINK-3958,1 52535U 22051C   23235.49435914  .00000952  00000-0  77896-4 0  9991,2 52535  53.2186 340.4430 0001349  75.3972 284.7169 15.08845234 71235,6917.864,95.437,540.663,538.796,0.0
52535.0,STARLINK-3958,PAYLOAD,2023-08-24 11:42:39,15.08840661,0.0001539,53.2179,335.983,62.1069,298.0079,5.3245e-05,5.6e-06,0.0,0 STARLINK-3958,1 52535U 22051C   23236.48796262  .00000560  00000-0  53245-4 0  9994,2 52535  53.2179 335.9830 0001539  62.1069 298.0079 15.08840661 71385,6917.878,95.438,540.808,538.679,0.0
52535.0,STARLINK-3958,PAYLOAD,2023-08-25 13:08:50,15.08811637,0.0001489,53.2182,331.2237,80.2866,279.8294,0.00047059,7.204e-05,0.0,0 STARLINK-3958,1 52535U 22051C   23237.54780634  .00007204  00000-0  47059-3 0  9995,2 52535  53.2182 331.2237 0001489  80.2866 279.8294 15.08811637 71476,6917.967,95.439,540.862,538.802,0.0
52535.0,STARLINK-3958,PAYLOAD,2023-08-25 17:54:58,15.08850575,0.0001289,53.2181,330.3314,81.8841,278.2297,5.2488e-05,5.48e-06,0.0,0 STARLINK-3958,1 52535U 22051C   23237.74651279  .00000548  00000-0  52488-4 0  9996,2 52535  53.2181 330.3314 0001289  81.8841 278.2297 15.08850575 71570,6917.848,95.437,540.605,538.821,0.0
52535.0,STARLINK-3958,PAYLOAD,2023-08-26 09:48:51,15.08833064,0.0001306,53.2182,327.358,82.8561,277.258,2.3519e-06,-2.5e-06,0.0,0 STARLINK-3958,1 52535U 22051C   23238.40892767 -.00000250  00000-0  23519-5 0  9994,2 52535  53.2182 327.3580 0001306  82.8561 277.2580 15.08833064 71671,6917.902,95.438,540.67,538.863,0.0
52535.0,STARLINK-3958,PAYLOAD,2023-08-26 11:24:14,15.08834713,0.0001279,53.218,327.0611,85.7376,274.3762,2.5311e-05,1.15e-06,0.0,0 STARLINK-3958,1 52535U 22051C   23238.47516586  .00000115  00000-0  25311-4 0  9993,2 52535  53.2180 327.0611 0001279  85.7376 274.3762 15.08834713 71612,6917.897,95.438,540.646,538.877,0.0
52535.0,STARLINK-3958,PAYLOAD,2023-08-26 16:10:23,15.08841394,0.0001333,53.2186,326.1689,80.8274,279.2868,8.0494e-05,9.93e-06,0.0,0 STARLINK-3958,1 52535U 22051C   23238.67388064  .00000993  00000-0  80494-4 0  9990,2 52535  53.2186 326.1689 0001333  80.8274 279.2868 15.08841394 71712,6917.876,95.437,540.663,538.819,0.0
52535.0,STARLINK-3958,PAYLOAD,2023-08-27 09:39:38,15.08834987,0.0001468,53.2192,322.8989,88.909,271.207,-7.3377e-06,-4.05e-06,0.0,0 STARLINK-3958,1 52535U 22051C   23239.40253047 -.00000405  00000-0 -73377-5 0  9997,2 52535  53.2192 322.8989 0001468  88.9090 271.2070 15.08834987 71828,6917.896,95.438,540.776,538.745,0.0
52535.0,STARLINK-3958,PAYLOAD,2023-08-27 12:50:24,15.08836516,0.0001433,53.2193,322.3047,92.1843,267.9313,1.9068e-05,1.6e-07,0.0,0 STARLINK-3958,1 52535U 22051C   23239.53500761  .00000016  00000-0  19068-4 0  9991,2 52535  53.2193 322.3047 0001433  92.1843 267.9313 15.08836516 71770,6917.891,95.438,540.747,538.765,0.0
52535.0,STARLINK-3958,PAYLOAD,2023-08-28 14:16:34,15.0884278,0.0001452,53.2184,317.5453,99.0074,261.1083,0.00010489,1.382e-05,0.0,0 STARLINK-3958,1 52535U 22051C   23240.59484356  .00001382  00000-0  10489-3 0  9994,2 52535  53.2184 317.5453 0001452  99.0074 261.1083 15.08842780 72007,6917.872,95.437,540.741,538.732,0.0
52535.0,STARLINK-3958,PAYLOAD,2023-08-29 17:18:07,15.0884574,0.0001393,53.2175,312.4893,90.6907,269.4245,0.00010404,1.368e-05,0.0,0 STARLINK-3958,1 52535U 22051C   23241.72092238  .00001368  00000-0  10404-3 0  9995,2 52535  53.2175 312.4893 0001393  90.6907 269.4245 15.08845740 72173,6917.863,95.437,540.692,538.764,0.0
52535.0,STARLINK-3958,PAYLOAD,2023-08-30 04:25:50,15.08832203,0.0001091,53.2185,310.4068,97.5106,262.601,-8.5841e-05,-1.653e-05,0.0,0 STARLINK-3958,1 52535U 22051C   23242.18461794 -.00001653  00000-0 -85841-4 0  9990,2 52535  53.2185 310.4068 0001091  97.5106 262.6010 15.08832203 72241,6917.904,95.438,540.524,539.014,0.0
52535.0,STARLINK-3958,PAYLOAD,2023-08-30 12:22:46,15.08840792,0.0001332,53.2176,308.921,86.3402,273.7743,1.0705e-05,-1.18e-06,0.0,0 STARLINK-3958,1 52535U 22051C   23242.51581059 -.00000118  00000-0  10705-4 0  9995,2 52535  53.2176 308.9210 0001332  86.3402 273.7743 15.08840792 72298,6917.878,95.438,540.664,538.822,0.0
52535.0,STARLINK-3958,PAYLOAD,2023-08-31 13:48:55,15.08847671,0.0001381,53.2169,304.1642,72.0655,288.0487,8.9057e-05,1.13e-05,0.0,0 STARLINK-3958,1 52535U 22051C   23243.57564437  .00001130  00000-0  89057-4 0  9993,2 52535  53.2169 304.1642 0001381  72.0655 288.0487 15.08847671 72458,6917.857,95.437,540.677,538.767,0.0
52535.0,STARLINK-3958,PAYLOAD,2023-09-01 10:28:57,15.08822118,7.68e-05,53.2166,300.2984,80.8565,279.2514,0.00025968,3.846e-05,0.0,0 STARLINK-3958,1 52535U 22051C   23244.43677634  .00003846  00000-0  25968-3 0  9999,2 52535  53.2166 300.2984 0000768  80.8565 279.2514 15.08822118 72582,6917.935,95.439,540.331,539.269,0.0
52535.0,STARLINK-3958,PAYLOAD,2023-09-01 15:15:06,15.08840609,0.0001516,53.2164,299.405,84.5221,275.5944,5.8509e-05,6.43e-06,0.0,0 STARLINK-3958,1 52535U 22051C   23244.63549004  .00000643  00000-0  58509-4 0  9990,2 52535  53.2164 299.4050 0001516  84.5221 275.5944 15.08840609 72610,6917.879,95.438,540.792,538.695,0.0
52535.0,STARLINK-3958,PAYLOAD,2023-09-02 10:19:43,15.0885168,0.0001944,53.2148,295.836,89.677,270.4445,-8.0334e-06,-4.16e-06,0.0,0 STARLINK-3958,1 52535U 22051C   23245.43036386 -.00000416  00000-0 -80334-5 0  9995,2 52535  53.2148 295.8360 0001944  89.6770 270.4445 15.08851680 72730,6917.845,95.437,541.055,538.365,0.0
52535.0,STARLINK-3958,PAYLOAD,2023-09-02 11:55:07,15.08816362,0.0001893,53.2177,295.5389,96.2962,263.8246,0.00048774,7.478e-05,0.0,0 STARLINK-3958,1 52535U 22051C   23245.49661193  .00007478  00000-0  48774-3 0  9994,2 52535  53.2177 295.5389 0001893  96.2962 263.8246 15.08816362 72676,6917.953,95.439,541.127,538.508,0.0
52535.0,STARLINK-3958,PAYLOAD,2023-09-02 19:52:02,15.0883618,0.0001727,53.2178,294.0503,88.4629,271.6561,3.959e-05,3.42e-06,0.0,0 STARLINK-3958,1 52535U 22051C   23245.82781178  .00000342  00000-0  39590-4 0  9997,2 52535  53.2178 294.0503 0001727  88.4629 271.6561 15.08836180 72721,6917.892,95.438,540.952,538.562,0.0
52535.0,STARLINK-3958,PAYLOAD,2023-09-03 10:10:30,15.08844746,0.0001716,53.214,291.3751,92.3968,267.722,0.00010034,1.309e-05,0.0,0 STARLINK-3958,1 52535U 22051C   23246.42396473  .00001309  00000-0  10034-3 0  9999,2 52535  53.2140 291.3751 0001716  92.3968 267.7220 15.08844746 72885,6917.866,95.437,540.918,538.544,0.0
52535.0,STARLINK-3958,PAYLOAD,2023-09-04 02:04:23,15.08826676,0.0001398,53.2166,288.4036,85.8663,274.2488,-3.0672e-05,-7.76e-06,0.0,0 STARLINK-3958,1 52535U 22051C   23247.08638104 -.00000776  00000-0 -30672-4 0  9992,2 52535  53.2166 288.4036 0001398  85.8663 274.2488 15.08826676 72983,6917.921,95.438,540.753,538.819,0.0
52535.0,STARLINK-3958,PAYLOAD,2023-09-04 10:01:19,15.08829571,0.0001648,53.2167,286.9157,88.7855,271.3326,-7.6287e-05,-1.502e-05,0.0,0 STARLINK-3958,1 52535U 22051C   23247.41758250 -.00001502  00000-0 -76287-4 0  9994,2 52535  53.2167 286.9157 0001648  88.7855 271.3326 15.08829571 72968,6917.912,95.438,540.917,538.637,0.0
52535.0,STARLINK-3958,PAYLOAD,2023-09-05 01:55:10,15.08827618,0.0001342,53.2173,283.9427,88.2969,271.8177,5.304e-05,5.56e-06,0.0,0 STARLINK-3958,1 52535U 22051C   23248.07998526  .00000556  00000-0  53040-4 0  9997,2 52535  53.2173 283.9427 0001342  88.2969 271.8177 15.08827618 73065,6917.918,95.438,540.712,538.855,0.0
52535.0,STARLINK-3958,PAYLOAD,2023-09-06 11:18:15,15.08845677,0.0001377,53.2164,277.695,121.3886,238.7241,0.0001958,2.83e-05,0.0,0 STARLINK-3958,1 52535U 22051C   23249.47101179  .00002830  00000-0  19580-3 0  9999,2 52535  53.2164 277.6950 0001377 121.3886 238.7241 15.08845677 73341,6917.863,95.437,540.681,538.775,0.0
52535.0,STARLINK-3958,PAYLOAD,2023-09-06 19:15:12,15.08835892,0.0001579,53.2163,276.2082,83.2492,276.868,6.9731e-05,8.22e-06,0.0,0 STARLINK-3958,1 52535U 22051C   23249.80222372  .00000822  00000-0  69731-4 0  9998,2 52535  53.2163 276.2082 0001579  83.2492 276.8680 15.08835892 73320,6917.893,95.438,540.85,538.666,0.0
52535.0,STARLINK-3958,PAYLOAD,2023-09-07 07:58:16,15.0884439,0.0001194,53.2162,273.8303,92.0497,268.0632,8.0089e-05,9.87e-06,0.0,0 STARLINK-3958,1 52535U 22051C   23250.33213801  .00000987  00000-0  80089-4 0  9996,2 52535  53.2162 273.8303 0001194  92.0497 268.0632 15.08844390 73473,6917.867,95.437,540.558,538.906,0.0
52535.0,STARLINK-3958,PAYLOAD,2023-09-07 11:09:02,15.08845372,0.0001246,53.2166,273.2351,98.6524,261.461,8.8033e-05,1.114e-05,0.0,0 STARLINK-3958,1 52535U 22051C   23250.46461775  .00001114  00000-0  88033-4 0  9995,2 52535  53.2166 273.2351 0001246  98.6524 261.4610 15.08845372 73424,6917.864,95.437,540.591,538.867,0.0
52535.0,STARLINK-3958,PAYLOAD,2023-09-07 19:05:58,15.08844915,0.0001142,53.2162,271.7487,120.3581,239.7524,9.6106e-05,1.242e-05,0.0,0 STARLINK-3958,1 52535U 22051C   23250.79581625  .00001242  00000-0  96106-4 0  9990,2 52535  53.2162 271.7487 0001142 120.3581 239.7524 15.08844915 73473,6917.865,95.437,540.52,538.94,0.0
52535.0,STARLINK-3958,PAYLOAD,2023-09-08 12:35:12,15.08846359,0.0001438,53.2166,268.4779,92.9922,267.1235,9.8627e-05,1.282e-05,0.0,0 STARLINK-3958,1 52535U 22051C   23251.52445311  .00001282  00000-0  98627-4 0  9997,2 52535  53.2166 268.4779 0001438  92.9922 267.1235 15.08846359 73585,6917.861,95.437,540.721,538.731,0.0
52535.0,STARLINK-3958,PAYLOAD,2023-09-09 07:39:51,15.08837504,0.0001467,53.2169,264.9082,98.0003,262.1156,2.4172e-05,9.7e-07,0.0,0 STARLINK-3958,1 52535U 22051C   23252.31934039  .00000097  00000-0  24172-4 0  9992,2 52535  53.2169 264.9082 0001467  98.0003 262.1156 15.08837504 73775,6917.888,95.438,540.768,538.738,0.0
52535.0,STARLINK-3958,PAYLOAD,2023-09-09 12:26:00,15.08839852,0.0001469,53.2169,264.0166,98.8904,261.2255,5.3419e-05,5.62e-06,0.0,0 STARLINK-3958,1 52535U 22051C   23252.51805861  .00000562  00000-0  53419-4 0  9997,2 52535  53.2169 264.0166 0001469  98.8904 261.2255 15.08839852 73733,6917.881,95.438,540.762,538.73,0.0
52535.0,STARLINK-3958,PAYLOAD,2023-09-10 07:30:37,15.0884105,0.0001416,53.2162,260.4492,98.6647,261.4506,3.8346e-05,3.22e-06,0.0,0 STARLINK-3958,1 52535U 22051C   23253.31293901  .00000322  00000-0  38346-4 0  9998,2 52535  53.2162 260.4492 0001416  98.6647 261.4506 15.08841050 73859,6917.877,95.437,540.722,538.763,0.0
52535.0,STARLINK-3958,PAYLOAD,2023-09-10 17:02:56,15.08839278,0.0001418,53.2162,258.6648,98.4824,261.6329,1.7588e-05,-8e-08,0.0,0 STARLINK-3958,1 52535U 22051C   23253.71038105 -.00000008  00000-0  17588-4 0  9992,2 52535  53.2162 258.6648 0001418  98.4824 261.6329 15.08839278 73986,6917.883,95.438,540.729,538.767,0.0
52535.0,STARLINK-3958,PAYLOAD,2023-09-11 07:21:25,15.0884016,0.0001374,53.2163,255.9895,98.0578,262.057,7.8094e-05,9.55e-06,0.0,0 STARLINK-3958,1 52535U 22051C   23254.30654106  .00000955  00000-0  78094-4 0  9992,2 52535  53.2163 255.9895 0001374  98.0578 262.0570 15.08840160 74003,6917.88,95.438,540.695,538.794,0.0
52535.0,STARLINK-3958,PAYLOAD,2023-09-12 07:12:12,15.08839272,0.0001397,53.2164,251.5298,102.8519,257.2629,7.6785e-05,9.34e-06,0.0,0 STARLINK-3958,1 52535U 22051C   23255.30014370  .00000934  00000-0  76785-4 0  9998,2 52535  53.2164 251.5298 0001397 102.8519 257.2629 15.08839272 74224,6917.883,95.438,540.714,538.781,0.0
52535.0,STARLINK-3958,PAYLOAD,2023-09-13 08:38:22,15.08849002,0.0001337,53.2162,246.771,92.9607,267.1538,0.00012758,1.744e-05,0.0,0 STARLINK-3958,1 52535U 22051C   23256.35997765  .00001744  00000-0  12758-3 0  9991,2 52535  53.2162 246.7710 0001337  92.9607 267.1538 15.08849002 74386,6917.853,95.437,540.643,538.793,0.0
52535.0,STARLINK-3958,PAYLOAD,2023-09-13 16:35:18,15.08837913,0.0001452,53.217,245.285,87.9951,272.1207,4.8766e-05,4.88e-06,0.0,0 STARLINK-3958,1 52535U 22051C   23256.69118733  .00000488  00000-0  48766-4 0  9991,2 52535  53.2170 245.2850 0001452  87.9951 272.1207 15.08837913 74431,6917.887,95.438,540.756,538.747,0.0
52535.0,STARLINK-3958,PAYLOAD,2023-09-14 06:53:47,15.0883551,0.0001607,53.2172,242.6064,110.9888,249.1276,-4.5996e-05,-1.02e-05,0.0,0 STARLINK-3958,1 52535U 22051C   23257.28735301 -.00001020  00000-0 -45996-4 0  9990,2 52535  53.2172 242.6064 0001607 110.9888 249.1276 15.08835510 74452,6917.894,95.438,540.871,538.647,0.0
52535.0,STARLINK-3958,PAYLOAD,2023-09-14 16:26:05,15.08839379,0.0001733,53.2171,240.8238,67.2581,292.8594,9.3739e-05,1.204e-05,0.0,0 STARLINK-3958,1 52535U 22051C   23257.68479058  .00001204  00000-0  93739-4 0  9998,2 52535  53.2171 240.8238 0001733  67.2581 292.8594 15.08839379 74510,6917.882,95.438,540.946,538.548,0.0
52535.0,STARLINK-3958,PAYLOAD,2023-09-15 03:33:47,15.08848488,0.0001524,53.217,238.7417,88.8013,271.3154,9.0049e-05,1.146e-05,0.0,0 STARLINK-3958,1 52535U 22051C   23258.14846271  .00001146  00000-0  90049-4 0  9991,2 52535  53.2170 238.7417 0001524  88.8013 271.3154 15.08848488 74651,6917.854,95.437,540.774,538.665,0.0
52535.0,STARLINK-3958,PAYLOAD,2023-09-15 08:19:56,15.08852889,0.0001501,53.2171,237.849,90.8895,269.2269,0.00012751,1.743e-05,0.0,0 STARLINK-3958,1 52535U 22051C   23258.34717831  .00001743  00000-0  12751-3 0  9998,2 52535  53.2171 237.8490 0001501  90.8895 269.2269 15.08852889 74618,6917.841,95.437,540.744,538.668,0.0
52535.0,STARLINK-3958,PAYLOAD,2023-09-16 01:49:11,15.08837966,0.0001483,53.2164,234.5739,95.4694,264.6468,0.00012677,1.73e-05,0.0,0 STARLINK-3958,1 52535U 22051C   23259.07582594  .00001730  00000-0  12677-3 0  9998,2 52535  53.2164 234.5739 0001483  95.4694 264.6468 15.08837966 74795,6917.887,95.438,540.778,538.726,0.0
52535.0,STARLINK-3958,PAYLOAD,2023-09-16 04:59:57,15.08840505,0.0001428,53.2164,233.9796,96.5784,263.5371,0.00011668,1.57e-05,0.0,0 STARLINK-3958,1 52535U 22051C   23259.20830490  .00001570  00000-0  11668-3 0  9995,2 52535  53.2164 233.9796 0001428  96.5784 263.5371 15.08840505 74741,6917.879,95.438,540.732,538.756,0.0
52535.0,STARLINK-3958,PAYLOAD,2023-09-17 08:01:31,15.08840803,0.0001547,53.2167,228.928,99.0089,261.1078,7.2817e-06,-1.72e-06,0.0,0 STARLINK-3958,1 52535U 22051C   23260.33438877 -.00000172  00000-0  72817-5 0  9997,2 52535  53.2167 228.9280 0001547  99.0089 261.1078 15.08840803 74989,6917.878,95.438,540.813,538.673,0.0
52535.0,STARLINK-3958,PAYLOAD,2023-09-18 07:52:17,15.08851407,0.0001368,53.2166,224.4681,89.6131,270.5018,0.00013479,1.859e-05,0.0,0 STARLINK-3958,1 52535U 22051C   23261.32797743  .00001859  00000-0  13479-3 0  9996,2 52535  53.2166 224.4681 0001368  89.6131 270.5018 15.08851407 75136,6917.846,95.437,540.657,538.764,0.0
52535.0,STARLINK-3958,PAYLOAD,2023-09-19 02:56:55,15.08841147,0.0001604,53.2167,220.8983,107.6126,252.5041,9.8745e-05,1.284e-05,0.0,0 STARLINK-3958,1 52535U 22051C   23262.12286609  .00001284  00000-0  98745-4 0  9991,2 52535  53.2167 220.8983 0001604 107.6126 252.5041 15.08841147 75259,6917.877,95.437,540.852,538.632,0.0
52535.0,STARLINK-3958,PAYLOAD,2023-09-19 06:07:41,15.08851103,0.0001607,53.2164,220.3075,105.2035,254.9135,0.00020175,2.925e-05,0.0,0 STARLINK-3958,1 52535U 22051C   23262.25534014  .00002925  00000-0  20175-3 0  9995,2 52535  53.2164 220.3075 0001607 105.2035 254.9135 15.08851103 75274,6917.846,95.437,540.823,538.6,0.0
52535.0,STARLINK-3958,PAYLOAD,2023-09-20 04:23:07,15.08822877,0.0001464,53.2163,216.1418,92.662,267.4539,-0.00023091,-3.959e-05,0.0,0 STARLINK-3958,1 52535U 22051C   23263.18272103 -.00003959  00000-0 -23091-3 0  9996,2 52535  53.2163 216.1418 0001464  92.6620 267.4539 15.08822877 75416,6917.933,95.439,540.811,538.785,0.0
52535.0,STARLINK-3958,PAYLOAD,2023-09-20 13:55:25,15.08830303,0.0001421,53.2163,214.3577,90.4125,269.703,-7.5941e-05,-1.496e-05,0.0,0 STARLINK-3958,1 52535U 22051C   23263.58016134 -.00001496  00000-0 -75941-4 0  9996,2 52535  53.2163 214.3577 0001421  90.4125 269.7030 15.08830303 75404,6917.91,95.438,540.758,538.792,0.0
52535.0,STARLINK-3958,PAYLOAD,2023-09-21 05:49:17,15.08852243,0.0001352,53.2152,211.3856,92.5818,267.5329,0.0010537,0.00016527,0.0,0 STARLINK-3958,1 52535U 22051C   23264.24256458  .00016527  00000-0  10537-2 0  9992,2 52535  53.2152 211.3856 0001352  92.5818 267.5329 15.08852243 75576,6917.843,95.437,540.643,538.773,0.0
52535.0,STARLINK-3958,PAYLOAD,2023-09-22 04:04:41,15.08860712,0.0001465,53.2153,207.2203,90.2215,269.8945,0.00070564,0.00010966,0.0,0 STARLINK-3958,1 52535U 22051C   23265.16991942  .00010966  00000-0  70564-3 0  9996,2 52535  53.2153 207.2203 0001465  90.2215 269.8945 15.08860712 75713,6917.817,95.436,540.696,538.669,0.0
52535.0,STARLINK-3958,PAYLOAD,2023-09-22 05:40:04,15.08863618,0.000146,53.2153,206.9226,90.4216,269.6943,0.00079395,0.00012378,0.0,0 STARLINK-3958,1 52535U 22051C   23265.23615825  .00012378  00000-0  79395-3 0  9997,2 52535  53.2153 206.9226 0001460  90.4216 269.6943 15.08863618 75659,6917.808,95.436,540.683,538.663,0.0
52535.0,STARLINK-3958,PAYLOAD,2023-09-23 02:20:04,15.08862672,0.000144,53.2152,203.058,97.8632,262.2523,0.0010453,0.00016397,0.0,0 STARLINK-3958,1 52535U 22051C   23266.09727415  .00016397  00000-0  10453-2 0  9995,2 52535  53.2152 203.0580 0001440  97.8632 262.2523 15.08862672 75854,6917.811,95.436,540.672,538.68,0.0
52535.0,STARLINK-3958,PAYLOAD,2023-09-23 05:30:50,15.08867209,0.0001464,53.2152,202.4632,97.3431,262.7728,0.0011257,0.00017686,0.0,0 STARLINK-3958,1 52535U 22051C   23266.22975196  .00017686  00000-0  11257-2 0  9996,2 52535  53.2152 202.4632 0001464  97.3431 262.7728 15.08867209 75801,6917.797,95.436,540.675,538.649,0.0
52535.0,STARLINK-3958,PAYLOAD,2023-09-24 02:10:51,15.08847999,0.0001351,53.2156,198.596,94.7283,265.3863,0.00068702,0.00010665,0.0,0 STARLINK-3958,1 52535U 22051C   23267.09087324  .00010665  00000-0  68702-3 0  9997,2 52535  53.2156 198.5960 0001351  94.7283 265.3863 15.08847999 76001,6917.856,95.437,540.656,538.786,0.0
52535.0,STARLINK-3958,PAYLOAD,2023-09-24 05:21:37,15.08852028,0.0001314,53.2157,198.0015,91.3663,268.748,0.00090433,0.00014138,0.0,0 STARLINK-3958,1 52535U 22051C   23267.22335246  .00014138  00000-0  90433-3 0  9996,2 52535  53.2157 198.0015 0001314  91.3663 268.7480 15.08852028 75956,6917.844,95.437,540.618,538.8,0.0
52535.0,STARLINK-3958,PAYLOAD,2023-09-24 19:40:06,15.08844724,0.0001377,53.2158,195.3277,100.0792,260.0355,0.00064827,0.00010046,0.0,0 STARLINK-3958,1 52535U 22051C   23267.81951636  .00010046  00000-0  64827-3 0  9990,2 52535  53.2158 195.3277 0001377 100.0792 260.0355 15.08844724 76116,6917.866,95.437,540.684,538.778,0.0
52535.0,STARLINK-3958,PAYLOAD,2023-09-25 11:33:57,15.08855957,0.0001383,53.2165,192.3531,112.7766,247.3373,0.00079775,0.00012437,0.0,0 STARLINK-3958,1 52535U 22051C   23268.48191235  .00012437  00000-0  79775-3 0  9999,2 52535  53.2165 192.3531 0001383 112.7766 247.3373 15.08855957 76143,6917.832,95.437,540.653,538.74,0.0
52535.0,STARLINK-3958,PAYLOAD,2023-09-26 01:52:24,15.08864506,0.0001853,53.2173,189.6798,126.1437,233.9727,0.00075887,0.00011818,0.0,0 STARLINK-3958,1 52535U 22051C   23269.07806625  .00011818  00000-0  75887-3 0  9993,2 52535  53.2173 189.6798 0001853 126.1437 233.9727 15.08864506 76304,6917.805,95.436,540.952,538.389,0.0
52535.0,STARLINK-3958,PAYLOAD,2023-09-26 19:21:39,15.08837046,0.0001564,53.2175,186.4048,101.0805,259.0363,6.8947e-05,8.09e-06,0.0,0 STARLINK-3958,1 52535U 22051C   23269.80671283  .00000809  00000-0  68947-4 0  9992,2 52535  53.2175 186.4048 0001564 101.0805 259.0363 15.08837046 76415,6917.889,95.438,540.836,538.672,0.0
52535.0,STARLINK-3958,PAYLOAD,2023-09-27 04:53:59,15.0883081,0.0001514,53.2171,184.6198,92.0717,268.0448,-9.832e-05,-1.852e-05,0.0,0 STARLINK-3958,1 52535U 22051C   23270.20415823 -.00001852  00000-0 -98320-4 0  9993,2 52535  53.2171 184.6198 0001514  92.0717 268.0448 15.08830810 76475,6917.908,95.438,540.821,538.726,0.0
52535.0,STARLINK-3958,PAYLOAD,2023-09-27 11:15:32,15.08823284,0.0001533,53.2166,183.4294,89.7817,270.3351,-0.00021817,-3.757e-05,0.0,0 STARLINK-3958,1 52535U 22051C   23270.46912407 -.00003757  00000-0 -21817-3 0  9993,2 52535  53.2166 183.4294 0001533  89.7817 270.3351 15.08823284 76441,6917.931,95.439,540.857,538.736,0.0
52535.0,STARLINK-3958,PAYLOAD,2023-09-28 01:34:00,15.08828266,0.0001571,53.2168,180.7549,89.7059,270.4113,-0.00016535,-2.918e-05,0.0,0 STARLINK-3958,1 52535U 22051C   23271.06528884 -.00002918  00000-0 -16535-3 0  9991,2 52535  53.2168 180.7549 0001571  89.7059 270.4113 15.08828266 76606,6917.916,95.438,540.868,538.694,0.0
52535.0,STARLINK-3958,PAYLOAD,2023-09-28 22:14:01,15.08841701,0.0001598,53.2167,176.8912,92.6951,267.4224,0.00040676,6.192e-05,0.0,0 STARLINK-3958,1 52535U 22051C   23271.92640990  .00006192  00000-0  40676-3 0  9998,2 52535  53.2167 176.8912 0001598  92.6951 267.4224 15.08841701 76662,6917.875,95.437,540.846,538.635,0.0
52535.0,STARLINK-3958,PAYLOAD,2023-09-28 23:49:24,15.08845272,0.0001643,53.2168,176.5938,91.9375,268.1805,0.00046523,7.125e-05,0.0,0 STARLINK-3958,1 52535U 22051C   23271.99264934  .00007125  00000-0  46523-3 0  9999,2 52535  53.2168 176.5938 0001643  91.9375 268.1805 15.08845272 76740,6917.864,95.437,540.866,538.593,0.0
52535.0,STARLINK-3958,PAYLOAD,2023-09-29 23:40:11,15.08855255,0.0001559,53.2163,172.1353,96.4638,263.6532,0.00028393,4.235e-05,0.0,0 STARLINK-3958,1 52535U 22051C   23272.98624254  .00004235  00000-0  28393-3 0  9998,2 52535  53.2163 172.1353 0001559  96.4638 263.6532 15.08855255 76824,6917.834,95.437,540.777,538.62,0.0
52535.0,STARLINK-3958,PAYLOAD,2023-09-30 17:09:26,15.08840751,0.0001979,53.2168,168.8638,92.7825,267.3394,-7.7511e-05,-1.522e-05,0.0,0 STARLINK-3958,1 52535U 22051C   23273.71488795 -.00001522  00000-0 -77511-4 0  9993,2 52535  53.2168 168.8638 0001979  92.7825 267.3394 15.08840751 77003,6917.878,95.438,541.112,538.374,0.0
52535.0,STARLINK-3958,PAYLOAD,2023-10-01 10:38:40,15.08841787,0.0001299,53.215,165.589,105.9081,254.2054,-1.0392e-05,-4.53e-06,0.0,0 STARLINK-3958,1 52535U 22051C   23274.44352472 -.00000453  00000-0 -10392-4 0  9992,2 52535  53.2150 165.5890 0001299 105.9081 254.2054 15.08841787 77046,6917.875,95.437,540.639,538.841,0.0
52535.0,STARLINK-3958,PAYLOAD,2023-10-01 21:46:22,15.08847354,0.0001334,53.2153,163.5092,103.8737,256.2403,6.5013e-05,7.47e-06,0.0,0 STARLINK-3958,1 52535U 22051C   23274.90720223  .00000747  00000-0  65013-4 0  9990,2 52535  53.2153 163.5092 0001334 103.8737 256.2403 15.08847354 77110,6917.858,95.437,540.646,538.8,0.0
52535.0,STARLINK-3958,PAYLOAD,2023-10-01 23:21:45,15.08851246,0.0001323,53.2156,163.2117,105.1966,254.9173,0.0001287,1.762e-05,0.0,0 STARLINK-3958,1 52535U 22051C   23274.97344008  .00001762  00000-0  12870-3 0  9990,2 52535  53.2156 163.2117 0001323 105.1966 254.9173 15.08851246 77197,6917.846,95.437,540.626,538.796,0.0
52535.0,STARLINK-3958,PAYLOAD,2023-10-02 04:07:54,15.08859646,0.000137,53.2153,162.3199,107.1345,252.9797,0.00031547,4.739e-05,0.0,0 STARLINK-3958,1 52535U 22051C   23275.17215494  .00004739  00000-0  31547-3 0  9998,2 52535  53.2153 162.3199 0001370 107.1345 252.9797 15.08859646 77225,6917.82,95.436,540.633,538.738,0.0
52535.0,STARLINK-3958,PAYLOAD,2023-10-02 20:01:46,15.08834172,0.0001398,53.2156,159.3472,59.927,300.1861,0.00013051,1.789e-05,0.0,0 STARLINK-3958,1 52535U 22051C   23275.83457130  .00001789  00000-0  13051-3 0  9998,2 52535  53.2156 159.3472 0001398  59.9270 300.1861 15.08834172 77325,6917.898,95.438,540.73,538.796,0.0
52535.0,STARLINK-3958,PAYLOAD,2023-10-03 02:23:18,15.0884791,0.0001331,53.2152,158.156,92.3281,267.7864,0.00024752,3.654e-05,0.0,0 STARLINK-3958,1 52535U 22051C   23276.09952363  .00003654  00000-0  24752-3 0  9998,2 52535  53.2152 158.1560 0001331  92.3281 267.7864 15.08847910 77365,6917.856,95.437,540.642,538.8,0.0
52535.0,STARLINK-3958,PAYLOAD,2023-10-03 08:44:51,15.08853136,0.0001332,53.2151,156.9666,91.9972,268.1173,0.00031942,4.801e-05,0.0,0 STARLINK-3958,1 52535U 22051C   23276.36448084  .00004801  00000-0  31942-3 0  9992,2 52535  53.2151 156.9666 0001332  91.9972 268.1173 15.08853136 77332,6917.84,95.437,540.627,538.784,0.0
52535.0,STARLINK-3958,PAYLOAD,2023-10-03 21:27:55,15.0884889,0.0001105,53.2155,154.5874,110.0684,250.0427,0.00019586,2.831e-05,0.0,0 STARLINK-3958,1 52535U 22051C   23276.89439740  .00002831  00000-0  19586-3 0  9990,2 52535  53.2155 154.5874 0001105 110.0684 250.0427 15.08848890 77414,6917.853,95.437,540.483,538.954,0.0
52535.0,STARLINK-3958,PAYLOAD,2023-10-03 23:03:19,15.08827285,0.0001266,53.2158,154.2924,89.5986,270.5152,-0.00042144,-6.986e-05,0.0,0 STARLINK-3958,1 52535U 22051C   23276.96064348 -.00006986  00000-0 -42144-3 0  9999,2 52535  53.2158 154.2924 0001266  89.5986 270.5152 15.08827285 77498,6917.919,95.438,540.66,538.908,0.0
52535.0,STARLINK-3958,PAYLOAD,2023-10-04 08:35:38,15.08833644,0.0001162,53.2153,152.508,94.6386,265.4739,-0.00018959,-3.303e-05,0.0,0 STARLINK-3958,1 52535U 22051C   23277.35808504 -.00003303  00000-0 -18959-3 0  9990,2 52535  53.2153 152.5080 0001162  94.6386 265.4739 15.08833644 77482,6917.9,95.438,540.569,538.961,0.0
52535.0,STARLINK-3958,PAYLOAD,2023-10-04 21:18:43,15.08846871,0.0001227,53.2152,150.1272,87.7581,272.3551,0.0001004,1.311e-05,0.0,0 STARLINK-3958,1 52535U 22051C   23277.88800154  .00001311  00000-0  10040-3 0  9999,2 52535  53.2152 150.1272 0001227  87.7581 272.3551 15.08846871 77564,6917.859,95.437,540.573,538.876,0.0
52535.0,STARLINK-3958,PAYLOAD,2023-10-05 00:29:29,15.08855484,0.0001195,53.2153,149.5332,89.1143,270.9986,0.00034423,5.197e-05,0.0,0 STARLINK-3958,1 52535U 22051C   23278.02047832  .00005197  00000-0  34423-3 0  9999,2 52535  53.2153 149.5332 0001195  89.1143 270.9986 15.08855484 77654,6917.833,95.437,540.525,538.871,0.0
52535.0,STARLINK-3958,PAYLOAD,2023-10-05 21:09:30,15.08842896,0.0001467,53.2151,145.6666,91.9287,268.1873,0.00038741,5.884e-05,0.0,0 STARLINK-3958,1 52535U 22051C   23278.88160871  .00005884  00000-0  38741-3 0  9992,2 52535  53.2151 145.6666 0001467  91.9287 268.1873 15.08842896 77782,6917.872,95.437,540.751,538.722,0.0
52535.0,STARLINK-3958,PAYLOAD,2023-10-06 08:17:13,15.08841202,0.0001795,53.2157,143.5856,77.2822,282.837,0.00051762,7.96e-05,0.0,0 STARLINK-3958,1 52535U 22051C   23279.34529216  .00007960  00000-0  51762-3 0  9991,2 52535  53.2157 143.5856 0001795  77.2822 282.8370 15.08841202 77855,6917.877,95.437,540.983,538.5,0.0
52535.0,STARLINK-3958,PAYLOAD,2023-10-06 21:00:18,15.08828972,0.0001836,53.2161,141.2081,78.5113,281.6085,0.0003087,4.627e-05,0.0,0 STARLINK-3958,1 52535U 22051C   23279.87521796  .00004627  00000-0  30870-3 0  9998,2 52535  53.2161 141.2081 0001836  78.5113 281.6085 15.08828972 77936,6917.914,95.438,541.049,538.509,0.0
52535.0,STARLINK-3958,PAYLOAD,2023-10-06 22:35:41,15.08831136,0.0001837,53.2164,140.9108,78.8008,281.319,0.00027544,4.097e-05,0.0,0 STARLINK-3958,1 52535U 22051C   23279.94145777  .00004097  00000-0  27544-3 0  9992,2 52535  53.2164 140.9108 0001837  78.8008 281.3190 15.08831136 77875,6917.907,95.438,541.043,538.502,0.0
52535.0,STARLINK-3958,PAYLOAD,2023-10-07 00:11:04,15.08839472,0.0001498,53.2153,140.6121,80.1962,279.9199,0.00029743,4.449e-05,0.0,0 STARLINK-3958,1 52535U 22051C   23280.00769424  .00004449  00000-0  29743-3 0  9996,2 52535  53.2153 140.6121 0001498  80.1962 279.9199 15.08839472 77955,6917.882,95.438,540.783,538.711,0.0
52535.0,STARLINK-3958,PAYLOAD,2023-10-07 20:51:05,15.08846993,0.0001476,53.215,136.745,93.9541,266.162,0.00051559,7.929e-05,0.0,0 STARLINK-3958,1 52535U 22051C   23280.86881475  .00007929  00000-0  51559-3 0  9997,2 52535  53.2150 136.7450 0001476  93.9541 266.1620 15.08846993 78015,6917.859,95.437,540.745,538.703,0.0
52535.0,STARLINK-3958,PAYLOAD,2023-10-08 07:58:47,15.08848447,0.0001713,53.2163,134.6616,99.7763,260.3423,0.00020979,3.053e-05,0.0,0 STARLINK-3958,1 52535U 22051C   23281.33249275  .00003053  00000-0  20979-3 0  9992,2 52535  53.2163 134.6616 0001713  99.7763 260.3423 15.08848447 78152,6917.855,95.437,540.905,538.535,0.0
52535.0,STARLINK-3958,PAYLOAD,2023-10-08 20:41:52,15.08850627,0.0001638,53.2167,132.2808,104.7195,255.3978,0.00020694,3.008e-05,0.0,0 STARLINK-3958,1 52535U 22051C   23281.86240942  .00003008  00000-0  20694-3 0  9996,2 52535  53.2167 132.2808 0001638 104.7195 255.3978 15.08850627 78168,6917.848,95.437,540.846,538.58,0.0
52535.0,STARLINK-3958,PAYLOAD,2023-10-08 22:17:15,15.08849826,0.000166,53.2167,131.9835,105.511,254.6065,0.00018923,2.726e-05,0.0,0 STARLINK-3958,1 52535U 22051C   23281.92864938  .00002726  00000-0  18923-3 0  9998,2 52535  53.2167 131.9835 0001660 105.5110 254.6065 15.08849826 78174,6917.85,95.437,540.864,538.567,0.0
52535.0,STARLINK-3958,PAYLOAD,2023-10-09 18:57:17,15.08823674,0.0001725,53.2165,128.118,111.9005,248.2171,0.0003071,4.601e-05,0.0,0 STARLINK-3958,1 52535U 22051C   23282.78978124  .00004601  00000-0  30710-3 0  9998,2 52535  53.2165 128.1180 0001725 111.9005 248.2171 15.08823674 78371,6917.93,95.439,540.989,538.602,0.0
52535.0,STARLINK-3958,PAYLOAD,2023-10-10 14:01:53,15.08844226,0.0001444,53.2177,124.5514,102.896,257.2194,9.0485e-05,1.153e-05,0.0,0 STARLINK-3958,1 52535U 22051C   23283.58465143  .00001153  00000-0  90485-4 0  9994,2 52535  53.2177 124.5514 0001444 102.8960 257.2194 15.08844226 78429,6917.867,95.437,540.731,538.734,0.0
52535.0,STARLINK-3958,PAYLOAD,2023-10-10 20:23:26,15.08852425,0.000131,53.2157,123.3652,85.8039,274.3102,0.00018716,2.693e-05,0.0,0 STARLINK-3958,1 52535U 22051C   23283.84960830  .00002693  00000-0  18716-3 0  9992,2 52535  53.2157 123.3652 0001310  85.8039 274.3102 15.08852425 78537,6917.842,95.437,540.614,538.801,0.0
52535.0,STARLINK-3958,PAYLOAD,2023-10-11 13:52:41,15.08837998,0.0001756,53.215,120.0939,81.3263,278.7928,6.745e-05,7.85e-06,0.0,0 STARLINK-3958,1 52535U 22051C   23284.57825797  .00000785  00000-0  67450-4 0  9995,2 52535  53.2150 120.0939 0001756  81.3263 278.7928 15.08837998 78640,6917.887,95.438,540.966,538.537,0.0
52535.0,STARLINK-3958,PAYLOAD,2023-10-12 05:46:32,15.08841635,0.0001383,53.2177,117.1223,79.2112,280.9036,-1.2488e-05,-4.87e-06,0.0,0 STARLINK-3958,1 52535U 22051C   23285.24065636 -.00000487  00000-0 -12488-4 0  9990,2 52535  53.2177 117.1223 0001383  79.2112 280.9036 15.08841635 78678,6917.875,95.437,540.697,538.784,0.0
52535.0,STARLINK-3958,PAYLOAD,2023-10-12 20:05:00,15.08847727,0.0001428,53.2163,114.4448,85.185,274.9305,0.00011958,1.616e-05,0.0,0 STARLINK-3958,1 52535U 22051C   23285.83681433  .00001616  00000-0  11958-3 0  9997,2 52535  53.2163 114.4448 0001428  85.1850 274.9305 15.08847727 78835,6917.857,95.437,540.71,538.734,0.0
52535.0,STARLINK-3958,PAYLOAD,2023-10-13 05:37:19,15.088425,0.0001337,53.2157,112.6591,86.2948,273.8197,0.00012336,1.676e-05,0.0,0 STARLINK-3958,1 52535U 22051C   23286.23425605  .00001676  00000-0  12336-3 0  9996,2 52535  53.2157 112.6591 0001337  86.2948 273.8197 15.08842500 78893,6917.873,95.437,540.663,538.813,0.0
52535.0,STARLINK-3958,PAYLOAD,2023-10-13 19:55:47,15.08845479,0.0001313,53.2154,109.9824,92.2757,267.8386,0.00019137,2.76e-05,0.0,0 STARLINK-3958,1 52535U 22051C   23286.83041577  .00002760  00000-0  19137-3 0  9995,2 52535  53.2154 109.9824 0001313  92.2757 267.8386 15.08845479 78911,6917.864,95.437,540.637,538.82,0.0
52535.0,STARLINK-3958,PAYLOAD,2023-10-14 11:49:39,15.08842601,0.0001222,53.2147,107.01,87.0971,273.0161,0.00011129,1.484e-05,0.0,0 STARLINK-3958,1 52535U 22051C   23287.49281641  .00001484  00000-0  11129-3 0  9991,2 52535  53.2147 107.0100 0001222  87.0971 273.0161 15.08842601 79014,6917.872,95.437,540.583,538.892,0.0
52535.0,STARLINK-3958,PAYLOAD,2023-10-14 18:11:11,15.08842657,0.0001285,53.2151,105.8199,84.896,275.2179,0.00010222,1.339e-05,0.0,0 STARLINK-3958,1 52535U 22051C   23287.75777660  .00001339  00000-0  10222-3 0  9993,2 52535  53.2151 105.8199 0001285  84.8960 275.2179 15.08842657 79121,6917.872,95.437,540.626,538.848,0.0
52535.0,STARLINK-3958,PAYLOAD,2023-10-15 11:40:26,15.08837474,0.0001337,53.2153,102.5492,89.325,270.7895,5.3443e-05,5.63e-06,0.0,0 STARLINK-3958,1 52535U 22051C   23288.48641929  .00000563  00000-0  53443-4 0  9993,2 52535  53.2153 102.5492 0001337  89.3250 270.7895 15.08837474 79163,6917.888,95.438,540.678,538.828,0.0
52535.0,STARLINK-3958,PAYLOAD,2023-10-15 18:01:59,15.08842789,0.0001336,53.2163,101.3594,93.4911,266.6234,3.7651e-05,3.11e-06,0.0,0 STARLINK-3958,1 52535U 22051C   23288.75137780  .00000311  00000-0  37651-4 0  9992,2 52535  53.2163 101.3594 0001336  93.4911 266.6234 15.08842789 79204,6917.872,95.437,540.661,538.813,0.0
52535.0,STARLINK-3958,PAYLOAD,2023-10-16 05:09:41,15.08839734,0.0001304,53.2165,99.2783,90.0739,270.0403,4.3554e-05,4.05e-06,0.0,0 STARLINK-3958,1 52535U 22051C   23289.21505965  .00000405  00000-0  43554-4 0  9991,2 52535  53.2165  99.2783 0001304  90.0739 270.0403 15.08839734 79345,6917.881,95.438,540.648,538.844,0.0
52535.0,STARLINK-3958,PAYLOAD,2023-10-16 14:41:59,15.08840437,0.0001363,53.2164,97.4937,90.6129,269.5019,4.5102e-05,4.3e-06,0.0,0 STARLINK-3958,1 52535U 22051C   23289.61249959  .00000430  00000-0  45102-4 0  9992,2 52535  53.2164  97.4937 0001363  90.6129 269.5019 15.08840437 79336,6917.879,95.438,540.687,538.801,0.0
52535.0,STARLINK-3958,PAYLOAD,2023-10-16 16:17:23,15.08841666,0.0001374,53.2164,97.1963,90.6347,269.4803,5.3311e-05,5.61e-06,0.0,0 STARLINK-3958,1 52535U 22051C   23289.67873855  .00000561  00000-0  53311-4 0  9992,2 52535  53.2164  97.1963 0001374  90.6347 269.4803 15.08841666 79342,6917.875,95.437,540.691,538.79,0.0
52535.0,STARLINK-3958,PAYLOAD,2023-10-17 11:22:00,15.08839316,0.0001321,53.2164,93.6283,90.9876,269.1267,0.00010033,1.309e-05,0.0,0 STARLINK-3958,1 52535U 22051C   23290.47361895  .00001309  00000-0  10033-3 0  9992,2 52535  53.2164  93.6283 0001321  90.9876 269.1267 15.08839316 79531,6917.882,95.438,540.661,538.834,0.0
52535.0,STARLINK-3958,PAYLOAD,2023-10-17 17:43:33,15.08842365,0.0001295,53.2163,92.4396,87.0985,273.0156,0.00012404,1.687e-05,0.0,0 STARLINK-3958,1 52535U 22051C   23290.73857685  .00001687  00000-0  12404-3 0  9991,2 52535  53.2163  92.4396 0001295  87.0985 273.0156 15.08842365 79506,6917.873,95.437,540.634,538.842,0.0
52535.0,STARLINK-3958,PAYLOAD,2023-10-18 11:12:48,15.08836906,0.0001365,53.2173,89.1686,86.4289,273.6859,5.1464e-05,5.31e-06,0.0,0 STARLINK-3958,1 52535U 22051C   23291.46722312  .00000531  00000-0  51464-4 0  9997,2 52535  53.2173  89.1686 0001365  86.4289 273.6859 15.08836906 79689,6917.89,95.438,540.699,538.811,0.0
52535.0,STARLINK-3958,PAYLOAD,2023-10-18 17:34:20,15.08840742,0.0001321,53.2166,87.9789,82.2656,277.8486,8.4286e-05,1.054e-05,0.0,0 STARLINK-3958,1 52535U 22051C   23291.73218012  .00001054  00000-0  84286-4 0  9993,2 52535  53.2166  87.9789 0001321  82.2656 277.8486 15.08840742 79657,6917.878,95.438,540.657,538.829,0.0
52535.0,STARLINK-3958,PAYLOAD,2023-10-19 03:06:39,15.08835644,0.0001249,53.2167,86.1944,80.4537,279.6597,0.00024506,3.614e-05,0.0,0 STARLINK-3958,1 52535U 22051C   23292.12962006  .00003614  00000-0  24506-3 0  9998,2 52535  53.2167  86.1944 0001249  80.4537 279.6597 15.08835644 79714,6917.894,95.438,540.623,538.895,0.0
52535.0,STARLINK-3958,PAYLOAD,2023-10-19 17:25:07,15.08844745,0.0001365,53.2166,83.5179,87.1629,272.952,5.0958e-05,5.23e-06,0.0,0 STARLINK-3958,1 52535U 22051C   23292.72577687  .00000523  00000-0  50958-4 0  9998,2 52535  53.2166  83.5179 0001365  87.1629 272.9520 15.08844745 79870,6917.866,95.437,540.675,538.787,0.0
52535.0,STARLINK-3958,PAYLOAD,2023-10-20 02:57:26,15.0881974,0.0001362,53.2166,81.7341,83.0574,277.0573,0.00030506,4.568e-05,0.0,0 STARLINK-3958,1 52535U 22051C   23293.12322748  .00004568  00000-0  30506-3 0  9998,2 52535  53.2166  81.7341 0001362  83.0574 277.0573 15.08819740 79930,6917.942,95.439,540.75,538.865,0.0
52535.0,STARLINK-3958,PAYLOAD,2023-10-20 20:26:41,15.08826485,0.0001444,53.2163,78.4614,87.2946,272.8211,8.3645e-06,-1.55e-06,0.0,0 STARLINK-3958,1 52535U 22051C   23293.85187218 -.00000155  00000-0  83645-5 0  9992,2 52535  53.2163  78.4614 0001444  87.2946 272.8211 15.08826485 79973,6917.922,95.438,540.786,538.788,0.0
52535.0,STARLINK-3958,PAYLOAD,2023-10-21 12:20:31,15.08868868,0.0002052,53.2161,75.4882,80.1818,279.9406,-0.00024392,-4.171e-05,0.0,0 STARLINK-3958,1 52535U 22051C   23294.51425281 -.00004171  00000-0 -24392-3 0  9996,2 52535  53.2161  75.4882 0002052  80.1818 279.9406 15.08868868 80079,6917.792,95.436,541.077,538.238,0.0
52535.0,STARLINK-3958,PAYLOAD,2023-10-22 09:00:33,15.08832866,0.0001915,53.216,71.6238,87.0841,273.037,0.00012179,1.65e-05,0.0,0 STARLINK-3958,1 52535U 22051C   23295.37538778  .00001650  00000-0  12179-3 0  9994,2 52535  53.2160  71.6238 0001915  87.0841 273.0370 15.08832866 80276,6917.902,95.438,541.092,538.442,0.0
52535.0,STARLINK-3958,PAYLOAD,2023-10-22 13:46:43,15.08826427,0.0001262,53.2182,70.7303,84.617,275.4966,6.597e-05,7.62e-06,0.0,0 STARLINK-3958,1 52535U 22051C   23295.57411330  .00000762  00000-0  65970-4 0  9991,2 52535  53.2182  70.7303 0001262  84.6170 275.4966 15.08826427 80235,6917.922,95.438,540.66,538.914,0.0
52535.0,STARLINK-3958,PAYLOAD,2023-10-22 15:22:06,15.08830732,0.0001378,53.2183,70.4327,77.317,282.7976,2.453e-05,1.02e-06,0.0,0 STARLINK-3958,1 52535U 22051C   23295.64035291  .00000102  00000-0  24530-4 0  9992,2 52535  53.2183  70.4327 0001378  77.3170 282.7976 15.08830732 80243,6917.909,95.438,540.727,538.82,0.0
52535.0,STARLINK-3958,PAYLOAD,2023-10-23 15:12:52,15.08842126,0.0001361,53.2188,65.9722,76.1341,283.9802,9.6293e-05,1.245e-05,0.0,0 STARLINK-3958,1 52535U 22051C   23296.63394483  .00001245  00000-0  96293-4 0  9997,2 52535  53.2188  65.9722 0001361  76.1341 283.9802 15.08842126 80460,6917.874,95.437,540.68,538.797,0.0
52535.0,STARLINK-3958,PAYLOAD,2023-10-24 11:52:54,15.08830897,0.0001448,53.2182,62.11,62.7505,297.3634,7.9759e-05,9.81e-06,0.0,0 STARLINK-3958,1 52535U 22051C   23297.49507329  .00000981  00000-0  79759-4 0  9991,2 52535  53.2182  62.1100 0001448  62.7505 297.3634 15.08830897 80590,6917.908,95.438,540.775,538.772,0.0
52535.0,STARLINK-3958,PAYLOAD,2023-10-24 15:03:40,15.0883586,0.0001554,53.2179,61.5126,81.2935,278.8234,0.00011747,1.582e-05,0.0,0 STARLINK-3958,1 52535U 22051C   23297.62754922  .00001582  00000-0  11747-3 0  9999,2 52535  53.2179  61.5126 0001554  81.2935 278.8234 15.08835860 80548,6917.893,95.438,540.833,538.683,0.0
52535.0,STARLINK-3958,PAYLOAD,2023-10-25 13:19:04,15.08843952,0.000157,53.2187,57.3495,91.6004,268.5168,-7.2806e-06,-4.04e-06,0.0,0 STARLINK-3958,1 52535U 22051C   23298.55490792 -.00000404  00000-0 -72806-5 0  9993,2 52535  53.2187  57.3495 0001570  91.6004 268.5168 15.08843952 80755,6917.868,95.437,540.819,538.647,0.0
52535.0,STARLINK-3958,PAYLOAD,2023-10-26 00:26:46,15.08834726,0.000179,53.219,55.2682,81.4159,278.7036,2.4442e-06,-2.49e-06,0.0,0 STARLINK-3958,1 52535U 22051C   23299.01859396 -.00000249  00000-0  24442-5 0  9993,2 52535  53.2190  55.2682 0001790  81.4159 278.7036 15.08834726 80820,6917.897,95.438,541.0,538.523,0.0
52535.0,STARLINK-3958,PAYLOAD,2023-10-26 13:09:51,15.08842183,0.000167,53.2197,52.8906,93.9052,266.2132,5.6524e-05,6.12e-06,0.0,0 STARLINK-3958,1 52535U 22051C   23299.54850730  .00000612  00000-0  56524-4 0  9992,2 52535  53.2197  52.8906 0001670  93.9052 266.2132 15.08842183 80900,6917.874,95.437,540.894,538.583,0.0
52535.0,STARLINK-3958,PAYLOAD,2023-10-27 14:36:00,15.08855847,0.0001234,53.2186,48.1305,82.071,278.0422,0.0001092,1.451e-05,0.0,0 STARLINK-3958,1 52535U 22051C   23300.60833446  .00001451  00000-0  10920-3 0  9998,2 52535  53.2186  48.1305 0001234  82.0710 278.0422 15.08855847 80998,6917.832,95.437,540.551,538.843,0.0
52535.0,STARLINK-3958,PAYLOAD,2023-10-28 00:08:19,15.08849197,9.73e-05,53.2187,46.3461,68.8233,291.2863,5.8717e-05,6.47e-06,0.0,0 STARLINK-3958,1 52535U 22051C   23301.00577767  .00000647  00000-0  58717-4 0  9997,2 52535  53.2187  46.3461 0000973  68.8233 291.2863 15.08849197 81126,6917.852,95.437,540.39,539.044,0.0
52535.0,STARLINK-3958,PAYLOAD,2023-10-28 12:51:26,15.08825416,0.0001595,53.2197,43.9706,80.3385,279.7787,-0.00011473,-2.113e-05,0.0,0 STARLINK-3958,1 52535U 22051C   23301.53572438 -.00002113  00000-0 -11473-3 0  9994,2 52535  53.2197  43.9706 0001595  80.3385 279.7787 15.08825416 81203,6917.925,95.438,540.893,538.687,0.0
52535.0,STARLINK-3958,PAYLOAD,2023-10-28 14:26:49,15.08828084,0.0001588,53.2195,43.6717,78.9487,281.1683,-0.00010115,-1.897e-05,0.0,0 STARLINK-3958,1 52535U 22051C   23301.60196279 -.00001897  00000-0 -10115-3 0  9997,2 52535  53.2195  43.6717 0001588  78.9487 281.1683 15.08828084 81147,6917.917,95.438,540.88,538.683,0.0
52535.0,STARLINK-3958,PAYLOAD,2023-10-28 23:59:07,15.08841099,0.0001304,53.219,41.8862,76.4953,283.6185,1.0522e-05,-1.2e-06,0.0,0 STARLINK-3958,1 52535U 22051C   23301.99939069 -.00000120  00000-0  10522-4 0  9991,2 52535  53.2190  41.8862 0001304  76.4953 283.6185 15.08841099 81279,6917.877,95.437,540.644,538.84,0.0
52535.0,STARLINK-3958,PAYLOAD,2023-10-29 12:42:10,15.08861189,0.0001624,53.2199,39.5069,105.5904,254.5267,0.0001162,1.563e-05,0.0,0 STARLINK-3958,1 52535U 22051C   23302.52929241  .00001563  00000-0  11620-3 0  9992,2 52535  53.2199  39.5069 0001624 105.5904 254.5267 15.08861189 81355,6917.816,95.436,540.804,538.557,0.0
52535.0,STARLINK-3958,PAYLOAD,2023-10-29 14:17:33,15.0887136,0.0001303,53.2193,39.2106,73.4322,286.6813,0.00017663,2.527e-05,0.0,0 STARLINK-3958,1 52535U 22051C   23302.59552459  .00002527  00000-0  17663-3 0  9996,2 52535  53.2193  39.2106 0001303  73.4322 286.6813 15.08871360 81297,6917.785,95.436,540.551,538.748,0.0
52535.0,STARLINK-3958,PAYLOAD,2023-10-29 15:52:56,15.08872474,0.0001315,53.2194,38.9131,73.1942,286.9194,0.00018164,2.607e-05,0.0,0 STARLINK-3958,1 52535U 22051C   23302.66176268  .00002607  00000-0  18164-3 0  9990,2 52535  53.2194  38.9131 0001315  73.1942 286.9194 15.08872474 81371,6917.781,95.436,540.556,538.736,0.0
52535.0,STARLINK-3958,PAYLOAD,2023-10-30 12:33:00,15.08830784,0.000143,53.2199,35.0481,94.9033,265.2123,4.0766e-06,-2.23e-06,0.0,0 STARLINK-3958,1 52535U 22051C   23303.52291795 -.00000223  00000-0  40766-5 0  9997,2 52535  53.2199  35.0481 0001430  94.9033 265.2123 15.08830784 81507,6917.909,95.438,540.763,538.784,0.0
52535.0,STARLINK-3958,PAYLOAD,2023-10-31 12:23:46,15.08850784,0.0001513,53.22,30.5887,90.0916,270.025,-0.00014695,-2.627e-05,0.0,0 STARLINK-3958,1 52535U 22051C   23304.51651339 -.00002627  00000-0 -14695-3 0  9992,2 52535  53.2200  30.5887 0001513  90.0916 270.0250 15.08850784 81652,6917.847,95.437,540.759,538.666,0.0
52535.0,STARLINK-3958,PAYLOAD,2023-10-31 15:34:32,15.08853389,0.0001459,53.2194,29.9922,90.8716,269.2443,-0.00010829,-2.012e-05,0.0,0 STARLINK-3958,1 52535U 22051C   23304.64898961 -.00002012  00000-0 -10829-3 0  9993,2 52535  53.2194  29.9922 0001459  90.8716 269.2443 15.08853389 81604,6917.839,95.437,540.714,538.695,0.0
52535.0,STARLINK-3958,PAYLOAD,2023-11-01 12:14:33,15.0883607,0.0001533,53.2204,26.1243,118.0151,242.0996,0.00014801,2.068e-05,0.0,0 STARLINK-3958,1 52535U 22051C   23305.51011549  .00002068  00000-0  14801-3 0  9992,2 52535  53.2204  26.1243 0001533 118.0151 242.0996 15.08836070 81802,6917.892,95.438,540.818,538.697,0.0
52535.0,STARLINK-3958,PAYLOAD,2023-11-01 15:25:20,15.08833382,0.0001638,53.2204,25.5291,119.6078,240.5077,0.00023108,3.391e-05,0.0,0 STARLINK-3958,1 52535U 22051C   23305.64259621  .00003391  00000-0  23108-3 0  9991,2 52535  53.2204  25.5291 0001638 119.6078 240.5077 15.08833382 81759,6917.901,95.438,540.899,538.632,0.0
52535.0,STARLINK-3958,PAYLOAD,2023-11-02 12:05:20,15.08852642,0.0001387,53.2189,21.6668,85.6209,274.4941,0.00014614,2.039e-05,0.0,0 STARLINK-3958,1 52535U 22051C   23306.50370845  .00002039  00000-0  14614-3 0  9999,2 52535  53.2189  21.6668 0001387  85.6209 274.4941 15.08852642 81953,6917.842,95.437,540.666,538.747,0.0
52535.0,STARLINK-3958,PAYLOAD,2023-11-02 21:37:39,15.08841425,0.0001496,53.2199,19.8798,88.1704,271.9459,8.9365e-05,1.135e-05,0.0,0 STARLINK-3958,1 52535U 22051C   23306.90115616  .00001135  00000-0  89365-4 0  9998,2 52535  53.2199  19.8798 0001496  88.1704 271.9459 15.08841425 81948,6917.876,95.437,540.776,538.706,0.0
52535.0,STARLINK-3958,PAYLOAD,2023-11-03 03:59:12,15.08836532,0.0001633,53.2202,18.6982,85.3066,274.8112,7.3781e-05,8.86e-06,0.0,0 STARLINK-3958,1 52535U 22051C   23307.16612208  .00000886  00000-0  73781-4 0  9993,2 52535  53.2202  18.6982 0001633  85.3066 274.8112 15.08836532 82052,6917.891,95.438,540.886,538.626,0.0
52535.0,STARLINK-3958,PAYLOAD,2023-11-03 11:56:08,15.08842351,0.0001706,53.2204,17.2093,105.6008,254.5172,1.8873e-05,1.2e-07,0.0,0 STARLINK-3958,1 52535U 22051C   23307.49731965  .00000012  00000-0  18873-4 0  9993,2 52535  53.2204  17.2093 0001706 105.6008 254.5172 15.08842351 82030,6917.873,95.437,540.918,538.558,0.0
52535.0,STARLINK-3958,PAYLOAD,2023-11-04 05:25:23,15.08838488,0.000162,53.2195,13.9369,96.4175,263.7002,-2.1484e-05,-6.3e-06,0.0,0 STARLINK-3958,1 52535U 22051C   23308.22596389 -.00000630  00000-0 -21484-4 0  9994,2 52535  53.2195  13.9369 0001620  96.4175 263.7002 15.08838488 82215,6917.885,95.438,540.871,538.629,0.0
52535.0,STARLINK-3958,PAYLOAD,2023-11-04 11:46:55,15.08841688,0.0001445,53.2195,12.7499,88.2373,271.8785,2.3214e-05,8.2e-07,0.0,0 STARLINK-3958,1 52535U 22051C   23308.49092155  .00000082  00000-0  23214-4 0  9997,2 52535  53.2195  12.7499 0001445  88.2373 271.8785 15.08841688 82180,6917.875,95.437,540.74,538.741,0.0
52535.0,STARLINK-3958,PAYLOAD,2023-11-04 21:19:14,15.08844401,0.0001457,53.2191,10.9655,90.6269,269.489,-1.6499e-05,-5.51e-06,0.0,0 STARLINK-3958,1 52535U 22051C   23308.88836032 -.00000551  00000-0 -16499-4 0  9990,2 52535  53.2191  10.9655 0001457  90.6269 269.4890 15.08844401 82247,6917.867,95.437,540.74,538.724,0.0
52535.0,STARLINK-3958,PAYLOAD,2023-11-05 11:37:41,15.08855713,0.000154,53.2182,8.2863,91.5712,268.5456,0.00031544,4.738e-05,0.0,0 STARLINK-3958,1 52535U 22051C   23309.48451353  .00004738  00000-0  31544-3 0  9992,2 52535  53.2182   8.2863 0001540  91.5712 268.5456 15.08855713 82408,6917.832,95.437,540.763,538.632,0.0
52535.0,STARLINK-3958,PAYLOAD,2023-11-06 11:28:29,15.08806399,0.0001247,53.2177,3.8256,89.3274,270.7861,-0.00075621,-0.00012292,0.0,0 STARLINK-3958,1 52535U 22051C   23310.47812370 -.00012292  00000-0 -75621-3 0  9993,2 52535  53.2177   3.8256 0001247  89.3274 270.7861 15.08806399 82558,6917.983,95.44,540.711,538.985,0.0
52535.0,STARLINK-3958,PAYLOAD,2023-11-06 21:00:49,15.08802435,0.0001334,53.219,2.0417,103.3733,256.7408,-0.00060407,-9.879e-05,0.0,0 STARLINK-3958,1 52535U 22051C   23310.87557339 -.00009879  00000-0 -60407-3 0  9991,2 52535  53.2190   2.0417 0001334 103.3733 256.7408 15.08802435 82544,6917.995,95.44,540.783,538.937,0.0
52535.0,STARLINK-3958,PAYLOAD,2023-11-07 09:43:55,15.0880917,0.0001511,53.2177,359.6658,86.8394,273.2771,-0.00010931,-2.026e-05,0.0,0 STARLINK-3958,1 52535U 22051C   23311.40550803 -.00002026  00000-0 -10931-3 0  9994,2 52535  53.2177 359.6658 0001511  86.8394 273.2771 15.08809170 82698,6917.975,95.44,540.885,538.794,0.0
52535.0,STARLINK-3958,PAYLOAD,2023-11-07 20:51:38,15.08817941,0.0001422,53.2185,357.5821,104.1393,255.9757,0.0007866,0.00012245,0.0,0 STARLINK-3958,1 52535U 22051C   23311.86919637  .00012245  00000-0  78660-3 0  9993,2 52535  53.2185 357.5821 0001422 104.1393 255.9757 15.08817941 82764,6917.948,95.439,540.797,538.829,0.0
52535.0,STARLINK-3958,PAYLOAD,2023-11-08 09:34:42,15.08853053,0.0001693,53.219,355.2033,118.136,241.9803,0.0010951,0.0001719,0.0,0 STARLINK-3958,1 52535U 22051C   23312.39910631  .00017190  00000-0  10951-2 0  9999,2 52535  53.2190 355.2033 0001693 118.1360 241.9803 15.08853053 82849,6917.84,95.437,540.877,538.534,0.0
52535.0,STARLINK-3958,PAYLOAD,2023-11-08 12:45:28,15.08858869,0.0001551,53.2184,354.6063,115.3967,244.7186,0.0011014,0.00017293,0.0,0 STARLINK-3958,1 52535U 22051C   23312.53158413  .00017293  00000-0  11014-2 0  9992,2 52535  53.2184 354.6063 0001551 115.3967 244.7186 15.08858869 82792,6917.823,95.436,540.761,538.615,0.0
52535.0,STARLINK-3958,PAYLOAD,2023-11-09 09:25:28,15.08863529,0.0001646,53.2179,350.7359,113.3151,246.8015,0.00043437,6.636e-05,0.0,0 STARLINK-3958,1 52535U 22051C   23313.39269275  .00006636  00000-0  43437-3 0  9990,2 52535  53.2179 350.7359 0001646 113.3151 246.8015 15.08863529 82994,6917.808,95.436,540.812,538.535,0.0
52535.0,STARLINK-3958,PAYLOAD,2023-11-09 12:36:14,15.08865652,0.0001653,53.2183,350.1449,105.9505,254.167,0.00042099,6.423e-05,0.0,0 STARLINK-3958,1 52535U 22051C   23313.52517031  .00006423  00000-0  42099-3 0  9998,2 52535  53.2183 350.1449 0001653 105.9505 254.1670 15.08865652 82944,6917.802,95.436,540.81,538.523,0.0
52535.0,STARLINK-3958,PAYLOAD,2023-11-10 02:54:43,15.08846427,0.0001403,53.2184,347.4715,104.9854,255.1294,-0.00021527,-3.713e-05,0.0,0 STARLINK-3958,1 52535U 22051C   23314.12133110 -.00003713  00000-0 -21527-3 0  9991,2 52535  53.2184 347.4715 0001403 104.9854 255.1294 15.08846427 83100,6917.861,95.437,540.696,538.755,0.0
52535.0,STARLINK-3958,PAYLOAD,2023-11-10 09:16:15,15.08852626,0.0001488,53.2181,346.2846,93.4484,266.6678,-4.8671e-05,-1.063e-05,0.0,0 STARLINK-3958,1 52535U 22051C   23314.38628789 -.00001063  00000-0 -48671-4 0  9996,2 52535  53.2181 346.2846 0001488  93.4484 266.6678 15.08852626 83070,6917.842,95.437,540.736,538.677,0.0
52535.0,STARLINK-3958,PAYLOAD,2023-11-11 02:45:29,15.08841314,0.0001513,53.2178,343.0146,107.0215,253.0943,-0.0001414,-2.538e-05,0.0,0 STARLINK-3958,1 52535U 22051C   23315.11493038 -.00002538  00000-0 -14140-3 0  9996,2 52535  53.2178 343.0146 0001513 107.0215 253.0943 15.08841314 83254,6917.876,95.437,540.788,538.695,0.0
52535.0,STARLINK-3958,PAYLOAD,2023-11-11 07:31:39,15.08842042,0.0001505,53.2174,342.1228,97.2954,262.8209,-6.3945e-05,-1.306e-05,0.0,0 STARLINK-3958,1 52535U 22051C   23315.31365076 -.00001306  00000-0 -63945-4 0  9998,2 52535  53.2174 342.1228 0001505  97.2954 262.8209 15.08842042 83210,6917.874,95.437,540.78,538.698,0.0
52535.0,STARLINK-3958,PAYLOAD,2023-11-11 18:39:21,15.08840584,0.0001471,53.2171,340.0409,98.4614,261.6545,5.6641e-05,6.14e-06,0.0,0 STARLINK-3958,1 52535U 22051C   23315.77733249  .00000614  00000-0  56641-4 0  9993,2 52535  53.2171 340.0409 0001471  98.4614 261.6545 15.08840584 83289,6917.879,95.438,540.761,538.726,0.0
52535.0,STARLINK-3958,PAYLOAD,2023-11-12 10:33:12,15.08846331,0.0001567,53.2176,337.0633,89.4041,270.7131,0.00018471,2.653e-05,0.0,0 STARLINK-3958,1 52535U 22051C   23316.43973069  .00002653  00000-0  18471-3 0  9996,2 52535  53.2176 337.0633 0001567  89.4041 270.7131 15.08846331 83456,6917.861,95.437,540.81,538.642,0.0
52535.0,STARLINK-3958,PAYLOAD,2023-11-12 18:30:08,15.08842484,0.0001798,53.2176,335.5769,84.9396,275.1801,6.1161e-05,6.85e-06,0.0,0 STARLINK-3958,1 52535U 22051C   23316.77093255  .00000685  00000-0  61161-4 0  9991,2 52535  53.2176 335.5769 0001798  84.9396 275.1801 15.08842484 83434,6917.873,95.437,540.982,538.494,0.0
52535.0,STARLINK-3958,PAYLOAD,2023-11-13 10:24:00,15.08843475,0.0001608,53.2175,332.604,82.8692,277.2483,0.00015857,2.237e-05,0.0,0 STARLINK-3958,1 52535U 22051C   23317.43333354  .00002237  00000-0  15857-3 0  9997,2 52535  53.2175 332.6040 0001608  82.8692 277.2483 15.08843475 83608,6917.87,95.437,540.847,538.622,0.0
52535.0,STARLINK-3958,PAYLOAD,2023-11-13 18:20:55,15.0884464,0.0001562,53.2174,331.1194,86.1438,273.9733,0.00015835,2.233e-05,0.0,0 STARLINK-3958,1 52535U 22051C   23317.76453290  .00002233  00000-0  15835-3 0  9997,2 52535  53.2174 331.1194 0001562  86.1438 273.9733 15.08844640 83588,6917.866,95.437,540.812,538.651,0.0
52535.0,STARLINK-3958,PAYLOAD,2023-11-14 10:14:46,15.08851401,0.0001413,53.2164,328.1412,96.2212,263.8941,0.00015018,2.104e-05,0.0,0 STARLINK-3958,1 52535U 22051C   23318.42692716  .00002104  00000-0  15018-3 0  9999,2 52535  53.2164 328.1412 0001413  96.2212 263.8941 15.08851401 83686,6917.846,95.437,540.688,538.733,0.0
52535.0,STARLINK-3958,PAYLOAD,2023-11-14 18:11:42,15.08838318,0.0001784,53.2187,326.6548,85.991,274.1286,3.0109e-05,1.91e-06,0.0,0 STARLINK-3958,1 52535U 22051C   23318.75813595  .00000191  00000-0  30109-4 0  9998,2 52535  53.2187 326.6548 0001784  85.9910 274.1286 15.08838318 83808,6917.886,95.438,540.985,538.516,0.0
52535.0,STARLINK-3958,PAYLOAD,2023-11-15 06:54:48,15.08838043,0.0001505,53.2165,324.277,90.4541,269.6623,4.3789e-05,4.09e-06,0.0,0 STARLINK-3958,1 52535U 22051C   23319.28805664  .00000409  00000-0  43789-4 0  9995,2 52535  53.2165 324.2770 0001505  90.4541 269.6623 15.08838043 83817,6917.886,95.438,540.793,538.71,0.0
52535.0,STARLINK-3958,PAYLOAD,2023-11-16 00:24:02,15.08841403,0.0001556,53.217,321.0063,88.9271,271.19,0.00014819,2.071e-05,0.0,0 STARLINK-3958,1 52535U 22051C   23320.01669713  .00002071  00000-0  14819-3 0  9999,2 52535  53.2170 321.0063 0001556  88.9271 271.1900 15.08841403 83990,6917.876,95.437,540.818,538.665,0.0
52535.0,STARLINK-3958,PAYLOAD,2023-11-16 06:45:35,15.08844849,0.0001522,53.2173,319.8175,88.183,271.9336,0.00017281,2.464e-05,0.0,0 STARLINK-3958,1 52535U 22051C   23320.28165564  .00002464  00000-0  17281-3 0  9995,2 52535  53.2173 319.8175 0001522  88.1830 271.9336 15.08844849 83963,6917.866,95.437,540.783,538.678,0.0
52535.0,STARLINK-3958,PAYLOAD,2023-11-17 00:14:49,15.08838953,0.0001556,53.2168,316.5454,90.8911,269.226,0.00013414,1.847e-05,0.0,0 STARLINK-3958,1 52535U 22051C   23321.01029906  .00001847  00000-0  13414-3 0  9994,2 52535  53.2168 316.5454 0001556  90.8911 269.2260 15.08838953 84144,6917.884,95.438,540.825,538.672,0.0
52535.0,STARLINK-3958,PAYLOAD,2023-11-17 06:36:22,15.0884094,0.0001568,53.217,315.3557,93.5254,266.5917,0.00015716,2.214e-05,0.0,0 STARLINK-3958,1 52535U 22051C   23321.27525828  .00002214  00000-0  15716-3 0  9992,2 52535  53.2170 315.3557 0001568  93.5254 266.5917 15.08840940 84116,6917.878,95.437,540.827,538.658,0.0
52535.0,STARLINK-3958,PAYLOAD,2023-11-17 16:08:41,15.08838555,0.0001577,53.2172,313.572,93.8715,266.2457,7.9285e-05,9.74e-06,0.0,0 STARLINK-3958,1 52535U 22051C   23321.67269958  .00000974  00000-0  79285-4 0  9998,2 52535  53.2172 313.5720 0001577  93.8715 266.2457 15.08838555 84176,6917.885,95.438,540.841,538.659,0.0
52535.0,STARLINK-3958,PAYLOAD,2023-11-18 03:16:23,15.08836589,0.0001684,53.2181,311.4915,96.1938,263.9246,4.1918e-06,-2.21e-06,0.0,0 STARLINK-3958,1 52535U 22051C   23322.13638130 -.00000221  00000-0  41918-5 0  9991,2 52535  53.2181 311.4915 0001684  96.1938 263.9246 15.08836589 84312,6917.891,95.438,540.921,538.591,0.0
52535.0,STARLINK-3958,PAYLOAD,2023-11-18 06:27:09,15.08839267,0.0001581,53.2187,310.8985,95.9607,264.1566,5.9487e-05,6.59e-06,0.0,0 STARLINK-3958,1 52535U 22051C   23322.26886243  .00000659  00000-0  59487-4 0  9998,2 52535  53.2187 310.8985 0001581  95.9607 264.1566 15.08839267 84262,6917.883,95.438,540.841,538.654,0.0
52535.0,STARLINK-3958,PAYLOAD,2023-11-18 15:59:28,15.08840035,0.0001569,53.2184,309.1134,91.7189,268.3983,4.3526e-05,4.05e-06,0.0,0 STARLINK-3958,1 52535U 22051C   23322.66630238  .00000405  00000-0  43526-4 0  9999,2 52535  53.2184 309.1134 0001569  91.7189 268.3983 15.08840035 84322,6917.88,95.438,540.831,538.66,0.0
52535.0,STARLINK-3958,PAYLOAD,2023-11-19 09:28:42,15.08847754,0.0001605,53.2174,305.8409,94.7575,265.36,0.00011724,1.579e-05,0.0,0 STARLINK-3958,1 52535U 22051C   23323.39493633  .00001579  00000-0  11724-3 0  9993,2 52535  53.2174 305.8409 0001605  94.7575 265.3600 15.08847754 84500,6917.857,95.437,540.832,538.611,0.0
52535.0,STARLINK-3958,PAYLOAD,2023-11-20 02:57:57,15.08838912,0.0001769,53.2176,302.5705,109.4382,250.6801,0.00013423,1.849e-05,0.0,0 STARLINK-3958,1 52535U 22051C   23324.12358167  .00001849  00000-0  13423-3 0  9995,2 52535  53.2176 302.5705 0001769 109.4382 250.6801 15.08838912 84614,6917.884,95.438,540.972,538.525,0.0
52535.0,STARLINK-3958,PAYLOAD,2023-11-20 10:54:52,15.08847881,0.0001561,53.2171,301.082,85.9543,274.1628,0.00015572,2.192e-05,0.0,0 STARLINK-3958,1 52535U 22051C   23324.45477626  .00002192  00000-0  15572-3 0  9992,2 52535  53.2171 301.0820 0001561  85.9543 274.1628 15.08847881 84598,6917.856,95.437,540.801,538.641,0.0
52535.0,STARLINK-3958,PAYLOAD,2023-11-21 02:48:44,15.0884273,0.0001692,53.2176,298.1077,88.2338,271.8848,5.3464e-05,5.63e-06,0.0,0 STARLINK-3958,1 52535U 22051C   23325.11717810  .00000563  00000-0  53464-4 0  9991,2 52535  53.2176 298.1077 0001692  88.2338 271.8848 15.08842730 84761,6917.872,95.437,540.908,538.567,0.0
52535.0,STARLINK-3958,PAYLOAD,2023-11-21 07:34:53,15.0884632,0.0002054,53.2184,297.2143,100.8604,259.2619,0.00020976,3.052e-05,0.0,0 STARLINK-3958,1 52535U 22051C   23325.31589650  .00003052  00000-0  20976-3 0  9999,2 52535  53.2184 297.2143 0002054 100.8604 259.2619 15.08846320 84725,6917.861,95.437,541.147,538.305,0.0
52535.0,STARLINK-3958,PAYLOAD,2023-11-22 04:14:54,15.08844162,0.0001705,53.2184,293.3488,96.1742,263.9444,7.9504e-05,9.78e-06,0.0,0 STARLINK-3958,1 52535U 22051C   23326.17701799  .00000978  00000-0  79504-4 0  9990,2 52535  53.2184 293.3488 0001705  96.1742 263.9444 15.08844162 84928,6917.868,95.437,540.912,538.553,0.0
52535.0,STARLINK-3958,PAYLOAD,2023-11-23 02:30:18,15.08847186,0.0001827,53.2184,289.1822,118.1859,241.9317,0.00015242,2.139e-05,0.0,0 STARLINK-3958,1 52535U 22051C   23327.10437548  .00002139  00000-0  15242-3 0  9991,2 52535  53.2184 289.1822 0001827 118.1859 241.9317 15.08847186 84993,6917.858,95.437,540.987,538.46,0.0
52535.0,STARLINK-3958,PAYLOAD,2023-11-23 21:34:56,15.08836574,0.000153,53.2171,285.6193,107.2169,252.8991,3.1101e-05,2.07e-06,0.0,0 STARLINK-3958,1 52535U 22051C   23327.89926258  .00000207  00000-0  31101-4 0  9995,2 52535  53.2171 285.6193 0001530 107.2169 252.8991 15.08836574 85118,6917.891,95.438,540.814,538.697,0.0
52535.0,STARLINK-3958,PAYLOAD,2023-11-24 03:56:28,15.08835968,0.0001539,53.2182,284.4275,115.8038,244.3113,2.9991e-06,-2.4e-06,0.0,0 STARLINK-3958,1 52535U 22051C   23328.16422392 -.00000240  00000-0  29991-5 0  9999,2 52535  53.2182 284.4275 0001539 115.8038 244.3113 15.08835968 85227,6917.893,95.438,540.822,538.693,0.0
52535.0,STARLINK-3958,PAYLOAD,2023-11-24 07:07:15,15.08836712,0.0001585,53.2183,283.8326,118.691,241.4242,6.8908e-06,-1.78e-06,0.0,0 STARLINK-3958,1 52535U 22051C   23328.29670362 -.00000178  00000-0  68908-5 0  9996,2 52535  53.2183 283.8326 0001585 118.6910 241.4242 15.08836712 85172,6917.89,95.438,540.852,538.659,0.0
52535.0,STARLINK-3958,PAYLOAD,2023-11-25 03:47:15,15.08837841,0.000181,53.2187,279.9665,113.6505,246.4677,0.00012485,1.699e-05,0.0,0 STARLINK-3958,1 52535U 22051C   23329.15782265  .00001699  00000-0  12485-3 0  9993,2 52535  53.2187 279.9665 0001810 113.6505 246.4677 15.08837841 85300,6917.887,95.438,541.004,538.5,0.0
52535.0,STARLINK-3958,PAYLOAD,2023-11-25 21:16:29,15.08845256,0.0001627,53.2185,276.6961,113.093,247.0234,0.00019381,2.798e-05,0.0,0 STARLINK-3958,1 52535U 22051C   23329.88645823  .00002798  00000-0  19381-3 0  9994,2 52535  53.2185 276.6961 0001627 113.0930 247.0234 15.08845256 85410,6917.864,95.437,540.855,538.604,0.0
52535.0,STARLINK-3958,PAYLOAD,2023-11-26 02:02:39,15.08854498,0.0001388,53.2178,275.8099,61.3811,298.7321,0.00038872,5.906e-05,0.0,0 STARLINK-3958,1 52535U 22051C   23330.08517770  .00005906  00000-0  38872-3 0  9997,2 52535  53.2178 275.8099 0001388  61.3811 298.7321 15.08854498 85511,6917.836,95.437,540.661,538.741,0.0
52535.0,STARLINK-3958,PAYLOAD,2023-11-27 01:53:27,15.08843839,0.00016,53.2174,271.344,102.1979,257.9192,0.00014252,1.981e-05,0.0,0 STARLINK-3958,1 52535U 22051C   23331.07879541  .00001981  00000-0  14252-3 0  9999,2 52535  53.2174 271.3440 0001600 102.1979 257.9192 15.08843839 85660,6917.869,95.437,540.841,538.627,0.0
52535.0,STARLINK-3958,PAYLOAD,2023-11-27 05:04:13,15.08845466,0.0001583,53.2174,270.7504,95.159,264.9583,0.00014281,1.986e-05,0.0,0 STARLINK-3958,1 52535U 22051C   23331.21127265  .00001986  00000-0  14281-3 0  9991,2 52535  53.2174 270.7504 0001583  95.1590 264.9583 15.08845466 85619,6917.864,95.437,540.824,538.634,0.0
52535.0,STARLINK-3958,PAYLOAD,2023-11-28 04:54:59,15.08859232,0.0001453,53.2174,266.2907,94.9582,265.1576,0.00026208,3.888e-05,0.0,0 STARLINK-3958,1 52535U 22051C   23332.20486058  .00003888  00000-0  26208-3 0  9994,2 52535  53.2174 266.2907 0001453  94.9582 265.1576 15.08859232 85835,6917.822,95.436,540.692,538.681,0.0
52535.0,STARLINK-3958,PAYLOAD,2023-11-28 19:13:29,15.08848738,0.0001495,53.2178,263.6129,102.2218,257.8941,-1.1503e-05,-4.71e-06,0.0,0 STARLINK-3958,1 52535U 22051C   23332.80103171 -.00000471  00000-0 -11503-4 0  9992,2 52535  53.2178 263.6129 0001495 102.2218 257.8941 15.08848738 85924,6917.854,95.437,540.753,538.684,0.0
52535.0,STARLINK-3958,PAYLOAD,2023-11-29 04:45:47,15.08859422,0.0001481,53.2178,261.8281,88.6227,271.4935,0.00015428,2.17e-05,0.0,0 STARLINK-3958,1 52535U 22051C   23333.19846442  .00002170  00000-0  15428-3 0  9995,2 52535  53.2178 261.8281 0001481  88.6227 271.4935 15.08859422 85988,6917.821,95.436,540.711,538.661,0.0
52535.0,STARLINK-3958,PAYLOAD,2023-11-30 01:25:48,15.08852737,0.0001738,53.2183,257.9665,110.5387,249.5792,-6.0753e-05,-1.255e-05,0.0,0 STARLINK-3958,1 52535U 22051C   23334.05958870 -.00001255  00000-0 -60753-4 0  9997,2 52535  53.2183 257.9665 0001738 110.5387 249.5792 15.08852737 86118,6917.841,95.437,540.909,538.504,0.0
52535.0,STARLINK-3958,PAYLOAD,2023-11-30 04:36:34,15.08860776,0.000153,53.2178,257.3703,102.1551,257.9613,0.00012747,1.742e-05,0.0,0 STARLINK-3958,1 52535U 22051C   23334.19206047  .00001742  00000-0  12747-3 0  9992,2 52535  53.2178 257.3703 0001530 102.1551 257.9613 15.08860776 86138,6917.817,95.436,540.74,538.623,0.0
52535.0,STARLINK-3958,PAYLOAD,2023-12-01 01:16:35,15.08844465,0.0001395,53.217,253.5025,92.894,267.2212,2.9301e-05,1.78e-06,0.0,0 STARLINK-3958,1 52535U 22051C   23335.05318927  .00000178  00000-0  29301-4 0  9996,2 52535  53.2170 253.5025 0001395  92.8940 267.2212 15.08844465 86261,6917.867,95.437,540.697,538.767,0.0
52535.0,STARLINK-3958,PAYLOAD,2023-12-01 21:56:36,15.08853321,0.0001404,53.2164,249.6377,103.6371,256.4778,0.00012023,1.627e-05,0.0,0 STARLINK-3958,1 52535U 22051C   23335.91430586  .00001627  00000-0  12023-3 0  9999,2 52535  53.2164 249.6377 0001404 103.6371 256.4778 15.08853321 86325,6917.84,95.437,540.676,538.733,0.0
52535.0,STARLINK-3958,PAYLOAD,2023-12-02 01:07:21,15.08871409,0.0001552,53.217,249.0441,93.1683,266.9487,0.0004135,6.305e-05,0.0,0 STARLINK-3958,1 52535U 22051C   23336.04677664  .00006305  00000-0  41350-3 0  9997,2 52535  53.2170 249.0441 0001552  93.1683 266.9487 15.08871409 86411,6917.784,95.436,540.723,538.576,0.0
52535.0,STARLINK-3958,PAYLOAD,2023-12-02 04:18:07,15.08878447,0.0001498,53.2169,248.4462,91.5324,268.584,0.00054276,8.37e-05,0.0,0 STARLINK-3958,1 52535U 22051C   23336.17925143  .00008370  00000-0  54276-3 0  9994,2 52535  53.2169 248.4462 0001498  91.5324 268.5840 15.08878447 86362,6917.763,95.435,540.664,538.592,0.0
52535.0,STARLINK-3958,PAYLOAD,2023-12-02 21:47:24,15.0882239,0.0001375,53.2165,245.1784,100.4541,259.6606,-0.0002421,-4.137e-05,0.0,0 STARLINK-3958,1 52535U 22051C   23336.90792054 -.00004137  00000-0 -24210-3 0  9992,2 52535  53.2165 245.1784 0001375 100.4541 259.6606 15.08822390 86473,6917.934,95.439,540.75,538.848,0.0
52535.0,STARLINK-3958,PAYLOAD,2023-12-03 00:58:10,15.0882523,0.00016,53.2166,244.5828,108.8564,251.2602,-0.00019027,-3.314e-05,0.0,0 STARLINK-3958,1 52535U 22051C   23337.04039984 -.00003314  00000-0 -19027-3 0  9990,2 52535  53.2166 244.5828 0001600 108.8564 251.2602 15.08825230 86564,6917.926,95.438,540.897,538.684,0.0
52535.0,STARLINK-3958,PAYLOAD,2023-12-03 18:27:24,15.08839138,0.000221,53.2163,241.3127,136.8993,223.2173,-0.00026932,-4.572e-05,0.0,0 STARLINK-3958,1 52535U 22051C   23337.76903703 -.00004572  00000-0 -26932-3 0  9998,2 52535  53.2163 241.3127 0002210 136.8993 223.2173 15.08839138 86679,6917.883,95.438,541.277,538.219,0.0
52535.0,STARLINK-3958,PAYLOAD,2023-12-03 23:13:34,15.08835472,0.0001629,53.2163,240.421,110.9323,249.1843,-5.0627e-05,-1.094e-05,0.0,0 STARLINK-3958,1 52535U 22051C   23337.96776016 -.00001094  00000-0 -50627-4 0  9990,2 52535  53.2163 240.4210 0001629 110.9323 249.1843 15.08835472 86639,6917.894,95.438,540.886,538.632,0.0
52535.0,STARLINK-3958,PAYLOAD,2023-12-04 16:42:49,15.08839519,0.0001646,53.2158,237.1494,118.1427,241.9731,0.00039871,6.063e-05,0.0,0 STARLINK-3958,1 52535U 22051C   23338.69640392  .00006063  00000-0  39871-3 0  9994,2 52535  53.2158 237.1494 0001646 118.1427 241.9731 15.08839519 86748,6917.882,95.438,540.886,538.608,0.0
52535.0,STARLINK-3958,PAYLOAD,2023-12-05 02:15:07,15.08853773,0.000159,53.2159,235.3662,117.8691,242.2462,0.00049962,7.675e-05,0.0,0 STARLINK-3958,1 52535U 22051C   23339.09383859  .00007675  00000-0  49962-3 0  9993,2 52535  53.2159 235.3662 0001590 117.8691 242.2462 15.08853773 86870,6917.838,95.437,540.803,538.603,0.0
52535.0,STARLINK-3958,PAYLOAD,2023-12-06 02:05:54,15.08852071,0.000139,53.215,230.9051,109.9057,250.2085,0.00023308,3.425e-05,0.0,0 STARLINK-3958,1 52535U 22051C   23340.08743568  .00003425  00000-0  23308-3 0  9996,2 52535  53.2150 230.9051 0001390 109.9057 250.2085 15.08852071 87028,6917.843,95.437,540.67,538.747,0.0
52535.0,STARLINK-3958,PAYLOAD,2023-12-07 01:56:41,15.08843253,0.0001436,53.2162,226.4434,104.5459,255.5692,0.00018098,2.594e-05,0.0,0 STARLINK-3958,1 52535U 22051C   23341.08103724  .00002594  00000-0  18098-3 0  9997,2 52535  53.2162 226.4434 0001436 104.5459 255.5692 15.08843253 87174,6917.87,95.437,540.729,538.742,0.0
52535.0,STARLINK-3958,PAYLOAD,2023-12-09 15:56:44,15.0884752,0.0001463,53.2155,214.8474,97.6971,262.4188,0.00026935,4.002e-05,0.0,0 STARLINK-3958,1 52535U 22051C   23343.66439965  .00004002  00000-0  26935-3 0  9997,2 52535  53.2155 214.8474 0001463  97.6971 262.4188 15.08847520 87563,6917.857,95.437,540.734,538.71,0.0
52535.0,STARLINK-3958,PAYLOAD,2023-12-10 18:58:19,15.08813047,0.0001402,53.2164,209.7934,38.7329,321.3764,0.00014349,1.995e-05,0.0,0 STARLINK-3958,1 52535U 22051C   23344.79050322  .00001995  00000-0  14349-3 0  9992,2 52535  53.2164 209.7934 0001402  38.7329 321.3764 15.08813047 87734,6917.963,95.439,540.798,538.858,0.0
52535.0,STARLINK-3958,PAYLOAD,2023-12-10 22:09:05,15.0881509,0.0001417,53.2164,209.1972,96.6469,263.4684,9.1054e-05,1.161e-05,0.0,0 STARLINK-3958,1 52535U 22051C   23344.92298222  .00001161  00000-0  91054-4 0  9994,2 52535  53.2164 209.1972 0001417  96.6469 263.4684 15.08815090 87685,6917.957,95.439,540.802,538.841,0.0
52535.0,STARLINK-3958,PAYLOAD,2023-12-11 20:24:29,15.08833106,0.000114,53.2144,205.0306,82.3314,277.7807,0.0003808,5.777e-05,0.0,0 STARLINK-3958,1 52535U 22051C   23345.85034558  .00005777  00000-0  38080-3 0  9993,2 52535  53.2144 205.0306 0001140  82.3314 277.7807 15.08833106 87899,6917.901,95.438,540.555,538.978,0.0
52535.0,STARLINK-3958,PAYLOAD,2023-12-12 20:15:16,15.08853014,0.000111,53.2137,200.5705,80.1337,279.9781,0.00039164,5.953e-05,0.0,0 STARLINK-3958,1 52535U 22051C   23346.84393855  .00005953  00000-0  39164-3 0  9991,2 52535  53.2137 200.5705 0001110  80.1337 279.9781 15.08853014 88045,6917.841,95.437,540.473,538.938,0.0
52535.0,STARLINK-3958,PAYLOAD,2023-12-12 21:50:39,15.08856445,0.0001135,53.214,200.2758,94.0114,266.1008,0.00046286,7.089e-05,0.0,0 STARLINK-3958,1 52535U 22051C   23346.91017750  .00007089  00000-0  46286-3 0  9991,2 52535  53.2140 200.2758 0001135  94.0114 266.1008 15.08856445 87981,6917.83,95.437,540.48,538.91,0.0
52535.0,STARLINK-3958,PAYLOAD,2023-12-13 21:41:25,15.088634,0.0001192,53.2136,195.8193,106.4627,253.6496,0.00030403,4.557e-05,0.0,0 STARLINK-3958,1 52535U 22051C   23347.90376411  .00004557  00000-0  30403-3 0  9994,2 52535  53.2136 195.8193 0001192 106.4627 253.6496 15.08863400 88137,6917.809,95.436,540.498,538.849,0.0
52535.0,STARLINK-3958,PAYLOAD,2023-12-14 19:56:49,15.0884772,0.0001233,53.2136,191.6567,110.1869,249.9256,1.9228e-05,1.8e-07,0.0,0 STARLINK-3958,1 52535U 22051C   23348.83112431  .00000018  00000-0  19228-4 0  9998,2 52535  53.2136 191.6567 0001233 110.1869 249.9256 15.08847720 88344,6917.857,95.437,540.575,538.869,0.0
52535.0,STARLINK-3958,PAYLOAD,2023-12-15 19:47:36,15.08841835,0.0001297,53.2142,187.1929,100.5133,259.6005,4.4036e-05,4.13e-06,0.0,0 STARLINK-3958,1 52535U 22051C   23349.82472709  .00000413  00000-0  44036-4 0  9999,2 52535  53.2142 187.1929 0001297 100.5133 259.6005 15.08841835 88497,6917.875,95.437,540.637,538.843,0.0
52535.0,STARLINK-3958,PAYLOAD,2023-12-16 19:38:23,15.08845209,0.0001354,53.2147,182.7297,102.4927,257.6216,0.00024589,3.628e-05,0.0,0 STARLINK-3958,1 52535U 22051C   23350.81832663  .00003628  00000-0  24589-3 0  9990,2 52535  53.2147 182.7297 0001354 102.4927 257.6216 15.08845209 88577,6917.864,95.437,540.666,538.793,0.0
52535.0,STARLINK-3958,PAYLOAD,2023-12-17 17:53:47,15.08840974,0.0001338,53.2148,178.5662,98.513,261.6014,9.3758e-05,1.205e-05,0.0,0 STARLINK-3958,1 52535U 22051C   23351.74568848  .00001205  00000-0  93758-4 0  9998,2 52535  53.2148 178.5662 0001338  98.5130 261.6014 15.08840974 88788,6917.877,95.437,540.668,538.817,0.0
52535.0,STARLINK-3958,PAYLOAD,2023-12-18 19:19:57,15.08844541,0.0001446,53.2154,173.8119,108.1363,251.9787,0.00011715,1.577e-05,0.0,0 STARLINK-3958,1 52535U 22051C   23352.80552522  .00001577  00000-0  11715-3 0  9992,2 52535  53.2154 173.8119 0001446 108.1363 251.9787 15.08844541 88947,6917.867,95.437,540.732,538.731,0.0
52535.0,STARLINK-3958,PAYLOAD,2023-12-19 17:35:21,15.08837504,0.0001317,53.2149,169.6446,101.6529,258.4611,2.1294e-06,-2.54e-06,0.0,0 STARLINK-3958,1 52535U 22051C   23353.73288829 -.00000254  00000-0  21294-5 0  9998,2 52535  53.2149 169.6446 0001317 101.6529 258.4611 15.08837504 89081,6917.888,95.438,540.664,538.842,0.0
52535.0,STARLINK-3958,PAYLOAD,2023-12-20 19:01:31,15.08843281,0.0001277,53.2161,164.8865,90.6848,269.4291,8.2473e-05,1.025e-05,0.0,0 STARLINK-3958,1 52535U 22051C   23354.79272781  .00001025  00000-0  82473-4 0  9996,2 52535  53.2161 164.8865 0001277  90.6848 269.4291 15.08843281 89246,6917.87,95.437,540.619,538.852,0.0
52535.0,STARLINK-3958,PAYLOAD,2023-12-21 15:41:32,15.08838586,0.0001266,53.2164,161.0217,80.9685,279.145,9.1458e-05,1.168e-05,0.0,0 STARLINK-3958,1 52535U 22051C   23355.65385200  .00001168  00000-0  91458-4 0  9994,2 52535  53.2164 161.0217 0001266  80.9685 279.1450 15.08838586 89379,6917.885,95.438,540.626,538.874,0.0
52535.0,STARLINK-3958,PAYLOAD,2023-12-22 17:07:42,15.08842633,0.0001608,53.217,156.2639,65.6908,294.4252,8.3874e-05,1.047e-05,0.0,0 STARLINK-3958,1 52535U 22051C   23356.71369176  .00001047  00000-0  83874-4 0  9995,2 52535  53.2170 156.2639 0001608  65.6908 294.4252 15.08842633 89534,6917.872,95.437,540.85,538.625,0.0
52535.0,STARLINK-3958,PAYLOAD,2023-12-23 13:47:43,15.08842001,0.0001358,53.2162,152.3988,81.0091,279.1055,7.0186e-05,8.29e-06,0.0,0 STARLINK-3958,1 52535U 22051C   23357.57481132  .00000829  00000-0  70186-4 0  9996,2 52535  53.2162 152.3988 0001358  81.0091 279.1055 15.08842001 89592,6917.874,95.437,540.679,538.8,0.0
52535.0,STARLINK-3958,PAYLOAD,2023-12-23 20:09:15,15.08844445,0.0001306,53.2167,151.2071,88.1624,271.9517,7.6426e-05,9.29e-06,0.0,0 STARLINK-3958,1 52535U 22051C   23357.83976833  .00000929  00000-0  76426-4 0  9996,2 52535  53.2167 151.2071 0001306  88.1624 271.9517 15.08844445 89633,6917.867,95.437,540.635,538.828,0.0
52535.0,STARLINK-3958,PAYLOAD,2023-12-24 13:38:30,15.08840981,0.0001258,53.2163,147.9334,83.0429,277.0706,7.2065e-05,8.59e-06,0.0,0 STARLINK-3958,1 52535U 22051C   23358.56841007  .00000859  00000-0  72065-4 0  9998,2 52535  53.2163 147.9334 0001258  83.0429 277.0706 15.08840981 89746,6917.877,95.437,540.613,538.872,0.0
52535.0,STARLINK-3958,PAYLOAD,2023-12-24 20:00:02,15.08843867,0.0001331,53.2166,146.7444,86.3581,273.7564,9.0788e-05,1.157e-05,0.0,0 STARLINK-3958,1 52535U 22051C   23358.83336736  .00001157  00000-0  90788-4 0  9990,2 52535  53.2166 146.7444 0001331  86.3581 273.7564 15.08843867 89780,6917.869,95.437,540.654,538.813,0.0
52535.0,STARLINK-3958,PAYLOAD,2023-12-25 10:18:31,15.08834585,0.0001123,53.2161,144.0663,109.6985,250.4128,1.2984e-05,-8.1e-07,0.0,0 STARLINK-3958,1 52535U 22051C   23359.42953531 -.00000081  00000-0  12984-4 0  9992,2 52535  53.2161 144.0663 0001123 109.6985 250.4128 15.08834585 89948,6917.897,95.438,540.539,538.985,0.0
52535.0,STARLINK-3958,PAYLOAD,2023-12-25 13:29:17,15.08837982,0.0001447,53.216,143.4722,110.6134,249.5014,3.7154e-05,3.03e-06,0.0,0 STARLINK-3958,1 52535U 22051C   23359.56201275  .00000303  00000-0  37154-4 0  9990,2 52535  53.2160 143.4722 0001447 110.6134 249.5014 15.08837982 89894,6917.887,95.438,540.753,538.751,0.0
52535.0,STARLINK-3958,PAYLOAD,2023-12-25 16:40:04,15.08838555,0.0001314,53.2167,142.8807,100.6985,259.4155,3.5305e-05,2.74e-06,0.0,0 STARLINK-3958,1 52535U 22051C   23359.69449327  .00000274  00000-0  35305-4 0  9999,2 52535  53.2167 142.8807 0001314 100.6985 259.4155 15.08838555 89910,6917.885,95.438,540.659,538.841,0.0
52535.0,STARLINK-3958,PAYLOAD,2023-12-26 14:55:28,15.08838636,0.0001351,53.2164,138.7224,98.8996,261.2149,6.2905e-07,-2.78e-06,0.0,0 STARLINK-3958,1 52535U 22051C   23360.62185781 -.00000278  00000-0  62905-6 0  9998,2 52535  53.2164 138.7224 0001351  98.8996 261.2149 15.08838636 90056,6917.885,95.438,540.684,538.815,0.0
52535.0,STARLINK-3958,PAYLOAD,2023-12-26 19:41:37,15.08841969,0.0001587,53.2166,137.8281,118.4593,241.656,1.0777e-05,-1.16e-06,0.0,0 STARLINK-3958,1 52535U 22051C   23360.82057465 -.00000116  00000-0  10777-4 0  9996,2 52535  53.2166 137.8281 0001587 118.4593 241.6560 15.08841969 90157,6917.874,95.437,540.837,538.642,0.0
52535.0,STARLINK-3958,PAYLOAD,2023-12-27 14:46:16,15.0880454,0.0001597,53.2166,134.2585,98.7644,261.3529,0.00067274,0.00010425,0.0,0 STARLINK-3958,1 52535U 22051C   23361.61546582  .00010425  00000-0  67274-3 0  9993,2 52535  53.2166 134.2585 0001597  98.7644 261.3529 15.08804540 90207,6917.989,95.44,540.959,538.749,0.0
52535.0,STARLINK-3958,PAYLOAD,2023-12-27 16:21:39,15.08817363,0.0001525,53.2168,133.961,98.9319,261.1846,0.00053463,8.226e-05,0.0,0 STARLINK-3958,1 52535U 22051C   23361.68170245  .00008226  00000-0  53463-3 0  9990,2 52535  53.2168 133.9610 0001525  98.9319 261.1846 15.08817363 90281,6917.95,95.439,540.87,538.76,0.0
52535.0,STARLINK-3958,PAYLOAD,2023-12-28 14:37:02,15.08838763,0.0001457,53.2176,129.799,103.6245,256.4909,6.9211e-05,8.14e-06,0.0,0 STARLINK-3958,1 52535U 22051C   23362.60906058  .00000814  00000-0  69211-4 0  9996,2 52535  53.2176 129.7990 0001457 103.6245 256.4909 15.08838763 90352,6917.884,95.438,540.757,538.741,0.0
52535.0,STARLINK-3958,PAYLOAD,2023-12-29 14:27:49,15.08842427,0.0001484,53.2176,125.3399,96.4482,263.6679,7.9785e-06,-1.61e-06,0.0,0 STARLINK-3958,1 52535U 22051C   23363.60266173 -.00000161  00000-0  79785-5 0  9998,2 52535  53.2176 125.3399 0001484  96.4482 263.6679 15.08842427 90502,6917.873,95.437,540.765,538.711,0.0
52535.0,STARLINK-3958,PAYLOAD,2023-12-30 12:43:13,15.08840545,0.0001359,53.2161,121.1792,72.8476,287.2664,0.00010698,1.415e-05,0.0,0 STARLINK-3958,1 52535U 22051C   23364.53002162  .00001415  00000-0  10698-3 0  9995,2 52535  53.2161 121.1792 0001359  72.8476 287.2664 15.08840545 90717,6917.879,95.438,540.684,538.804,0.0
52535.0,STARLINK-3958,PAYLOAD,2023-12-30 14:18:36,15.08842778,0.0001469,53.2163,120.8817,67.1633,292.9514,0.00012494,1.701e-05,0.0,0 STARLINK-3958,1 52535U 22051C   23364.59626034  .00001701  00000-0  12494-3 0  9995,2 52535  53.2163 120.8817 0001469  67.1633 292.9514 15.08842778 90657,6917.872,95.437,540.753,538.721,0.0
52535.0,STARLINK-3958,PAYLOAD,2023-12-31 14:09:24,15.08840724,0.0001379,53.2162,116.4214,72.2766,287.8377,3.6234e-05,2.89e-06,0.0,0 STARLINK-3958,1 52535U 22051C   23365.58986347  .00000289  00000-0  36234-4 0  9990,2 52535  53.2162 116.4214 0001379  72.2766 287.8377 15.08840724 90875,6917.878,95.438,540.697,538.789,0.0
52535.0,STARLINK-3958,PAYLOAD,2024-01-01 12:24:48,15.08832784,0.0001336,53.2161,112.2572,77.0053,283.1088,-5.1981e-05,-1.115e-05,0.0,0 STARLINK-3958,1 52535U 22051C   24001.51723178 -.00001115  00000-0 -51981-4 0  9999,2 52535  53.2161 112.2572 0001336  77.0053 283.1088 15.08832784 91012,6917.902,95.438,540.692,538.843,0.0
52535.0,STARLINK-3958,PAYLOAD,2024-01-01 14:00:11,15.08833019,0.0001337,53.2161,111.9598,77.7789,282.3353,-5.2045e-05,-1.116e-05,0.0,0 STARLINK-3958,1 52535U 22051C   24001.58347159 -.00001116  00000-0 -52045-4 0  9990,2 52535  53.2161 111.9598 0001337  77.7789 282.3353 15.08833019 90950,6917.902,95.438,540.692,538.842,0.0
52535.0,STARLINK-3958,PAYLOAD,2024-01-02 12:15:33,15.08854897,0.0001294,53.2164,107.7954,84.1582,275.9558,0.00017555,2.508e-05,0.0,0 STARLINK-3958,1 52535U 22051C   24002.51080955  .00002508  00000-0  17555-3 0  9992,2 52535  53.2164 107.7954 0001294  84.1582 275.9558 15.08854897 91163,6917.835,95.437,540.595,538.805,0.0
52535.0,STARLINK-3958,PAYLOAD,2024-01-02 13:50:56,15.08857523,0.000131,53.2166,107.4977,86.8967,273.2175,0.00019574,2.83e-05,0.0,0 STARLINK-3958,1 52535U 22051C   24002.57704687  .00002830  00000-0  19574-3 0  9994,2 52535  53.2166 107.4977 0001310  86.8967 273.2175 15.08857523 91101,6917.827,95.436,540.598,538.786,0.0
52535.0,STARLINK-3958,PAYLOAD,2024-01-03 12:06:22,15.08830091,0.0001268,53.2169,103.3348,92.9975,267.1162,5.5589e-05,5.97e-06,0.0,0 STARLINK-3958,1 52535U 22051C   24003.50443079  .00000597  00000-0  55589-4 0  9998,2 52535  53.2169 103.3348 0001268  92.9975 267.1162 15.08830091 91312,6917.911,95.438,540.653,538.898,0.0
52535.0,STARLINK-3958,PAYLOAD,2024-01-04 11:57:09,15.08845601,0.0001348,53.2172,98.8746,99.4816,260.6329,-6.881e-05,-1.383e-05,0.0,0 STARLINK-3958,1 52535U 22051C   24004.49802572 -.00001383  00000-0 -68810-4 0  9991,2 52535  53.2172  98.8746 0001348  99.4816 260.6329 15.08845601 91463,6917.863,95.437,540.661,538.796,0.0
52535.0,STARLINK-3958,PAYLOAD,2024-01-05 11:47:56,15.08835454,0.0001365,53.2171,94.4138,101.9576,258.157,0.00013534,1.866e-05,0.0,0 STARLINK-3958,1 52535U 22051C   24005.49162979  .00001866  00000-0  13534-3 0  9998,2 52535  53.2171  94.4138 0001365 101.9576 258.1570 15.08835454 91612,6917.894,95.438,540.704,538.815,0.0
52535.0,STARLINK-3958,PAYLOAD,2024-01-05 14:58:42,15.08838863,0.0001459,53.2176,93.8178,105.8436,254.2717,0.00016003,2.26e-05,0.0,0 STARLINK-3958,1 52535U 22051C   24005.62410754  .00002260  00000-0  16003-3 0  9993,2 52535  53.2176  93.8178 0001459 105.8436 254.2717 15.08838863 91567,6917.884,95.438,540.758,538.74,0.0
52535.0,STARLINK-3958,PAYLOAD,2024-01-06 11:38:43,15.08842945,0.000123,53.2169,89.9517,111.077,249.0354,8.4135e-05,1.052e-05,0.0,0 STARLINK-3958,1 52535U 22051C   24006.48522807  .00001052  00000-0  84135-4 0  9991,2 52535  53.2169  89.9517 0001230 111.0770 249.0354 15.08842945 91698,6917.871,95.437,540.587,538.885,0.0
52535.0,STARLINK-3958,PAYLOAD,2024-01-07 11:29:30,15.08853468,0.0001371,53.2169,85.494,78.0119,282.1027,4.5656e-05,4.39e-06,0.0,0 STARLINK-3958,1 52535U 22051C   24007.47882571  .00000439  00000-0  45656-4 0  9991,2 52535  53.2169  85.4940 0001371  78.0119 282.1027 15.08853468 91916,6917.839,95.437,540.653,538.756,0.0
52535.0,STARLINK-3958,PAYLOAD,2024-01-08 11:20:17,15.08845962,0.0001379,53.2171,81.0329,81.4655,278.6494,7.6969e-05,9.37e-06,0.0,0 STARLINK-3958,1 52535U 22051C   24008.47242755  .00000937  00000-0  76969-4 0  9990,2 52535  53.2171  81.0329 0001379  81.4655 278.6494 15.08845962 92068,6917.862,95.437,540.681,538.773,0.0
52535.0,STARLINK-3958,PAYLOAD,2024-01-09 04:49:32,15.08841149,0.0001442,53.2161,77.7624,93.2319,266.8838,-8.1205e-05,-1.58e-05,0.0,0 STARLINK-3958,1 52535U 22051C   24009.20107453 -.00001580  00000-0 -81205-4 0  9993,2 52535  53.2161  77.7624 0001442  93.2319 266.8838 15.08841149 92172,6917.877,95.437,540.739,538.744,0.0
52535.0,STARLINK-3958,PAYLOAD,2024-01-09 11:11:05,15.08843906,0.0001469,53.2163,76.5738,82.6064,277.5095,-1.12e-05,-4.66e-06,0.0,0 STARLINK-3958,1 52535U 22051C   24009.46603055 -.00000466  00000-0 -11200-4 0  9990,2 52535  53.2163  76.5738 0001469  82.6064 277.5095 15.08843906 92149,6917.868,95.437,540.75,538.717,0.0
52535.0,STARLINK-3958,PAYLOAD,2024-01-10 09:26:29,15.08824739,0.0001516,53.2162,72.4114,82.0687,278.0477,0.0002362,3.472e-05,0.0,0 STARLINK-3958,1 52535U 22051C   24010.39339588  .00003472  00000-0  23620-3 0  9997,2 52535  53.2162  72.4114 0001516  82.0687 278.0477 15.08824739 92355,6917.927,95.439,540.841,538.743,0.0
52535.0,STARLINK-3958,PAYLOAD,2024-01-11 10:52:38,15.08841565,0.0001404,53.2173,67.6498,105.7035,254.4112,0.0001736,2.476e-05,0.0,0 STARLINK-3958,1 52535U 22051C   24011.45322828  .00002476  00000-0  17360-3 0  9991,2 52535  53.2173  67.6498 0001404 105.7035 254.4112 15.08841565 92512,6917.876,95.437,540.712,538.769,0.0
52535.0,STARLINK-3958,PAYLOAD,2024-01-11 12:28:01,15.08850417,0.0001451,53.2177,67.3546,86.1916,273.9242,0.00016916,2.406e-05,0.0,0 STARLINK-3958,1 52535U 22051C   24011.51946415  .00002406  00000-0  16916-3 0  9991,2 52535  53.2177  67.3546 0001451  86.1916 273.9242 15.08850417 92458,6917.849,95.437,540.717,538.71,0.0
52535.0,STARLINK-3958,PAYLOAD,2024-01-12 10:43:26,15.08836439,0.0001593,53.2181,63.1895,89.2162,270.9013,3.6048e-05,2.86e-06,0.0,0 STARLINK-3958,1 52535U 22051C   24012.44683931  .00000286  00000-0  36048-4 0  9998,2 52535  53.2181  63.1895 0001593  89.2162 270.9013 15.08836439 92662,6917.891,95.438,540.858,538.654,0.0
52535.0,STARLINK-3958,PAYLOAD,2024-01-12 12:18:49,15.0883843,0.0001629,53.2183,62.8911,92.0219,268.0959,5.2111e-05,5.41e-06,0.0,0 STARLINK-3958,1 52535U 22051C   24012.51307776  .00000541  00000-0  52111-4 0  9999,2 52535  53.2183  62.8911 0001629  92.0219 268.0959 15.08838430 92608,6917.885,95.438,540.877,538.623,0.0
52535.0,STARLINK-3958,PAYLOAD,2024-01-13 10:34:13,15.0884759,0.0001737,53.2173,58.7287,77.6558,282.4628,9.5394e-05,1.231e-05,0.0,0 STARLINK-3958,1 52535U 22051C   24013.44043327  .00001231  00000-0  95394-4 0  9998,2 52535  53.2173  58.7287 0001737  77.6558 282.4628 15.08847590 92815,6917.857,95.437,540.924,538.521,0.0
52535.0,STARLINK-3958,PAYLOAD,2024-01-13 12:09:36,15.08852934,0.0001674,53.2173,58.4265,79.4168,280.7012,0.00017112,2.437e-05,0.0,0 STARLINK-3958,1 52535U 22051C   24013.50666979  .00002437  00000-0  17112-3 0  9999,2 52535  53.2173  58.4265 0001674  79.4168 280.7012 15.08852934 92754,6917.841,95.437,540.864,538.548,0.0
52535.0,STARLINK-3958,PAYLOAD,2024-01-14 12:00:23,15.08843712,0.0001682,53.2178,53.9617,92.5797,267.5387,0.00015082,2.113e-05,0.0,0 STARLINK-3958,1 52535U 22051C   24014.50027529  .00002113  00000-0  15082-3 0  9997,2 52535  53.2178  53.9617 0001682  92.5797 267.5387 15.08843712 92979,6917.869,95.437,540.898,538.57,0.0
52535.0,STARLINK-3958,PAYLOAD,2024-01-15 08:40:24,15.08850138,0.0001824,53.2181,50.0945,92.4581,267.662,9.1664e-05,1.171e-05,0.0,0 STARLINK-3958,1 52535U 22051C   24015.36139261  .00001171  00000-0  91664-4 0  9993,2 52535  53.2181  50.0945 0001824  92.4581 267.6620 15.08850138 93032,6917.849,95.437,540.976,538.453,0.0
52535.0,STARLINK-3958,PAYLOAD,2024-01-16 02:09:39,15.08835851,0.0001937,53.217,46.8414,82.6507,277.4706,6.1229e-05,6.86e-06,0.0,0 STARLINK-3958,1 52535U 22051C   24016.09004276  .00000686  00000-0  61229-4 0  9995,2 52535  53.2170  46.8414 0001937  82.6507 277.4706 15.08835851 93217,6917.893,95.438,541.098,538.418,0.0
52535.0,STARLINK-3958,PAYLOAD,2024-01-16 08:31:12,15.08836952,0.0002027,53.2184,45.6423,120.5876,239.5317,3.5088e-05,2.7e-06,0.0,0 STARLINK-3958,1 52535U 22051C   24016.35500026  .00000270  00000-0  35088-4 0  9991,2 52535  53.2184  45.6423 0002027 120.5876 239.5317 15.08836952 93187,6917.89,95.438,541.157,538.352,0.0
52535.0,STARLINK-3958,PAYLOAD,2024-01-17 08:21:58,15.08849622,0.0001826,53.2179,41.1871,91.1356,268.9846,0.00014836,2.074e-05,0.0,0 STARLINK-3958,1 52535U 22051C   24017.34859875  .00002074  00000-0  14836-3 0  9991,2 52535  53.2179  41.1871 0001826  91.1356 268.9846 15.08849622 93407,6917.851,95.437,540.979,538.453,0.0
52535.0,STARLINK-3958,PAYLOAD,2024-01-18 01:51:14,15.0883755,0.0001626,53.2169,37.916,88.6709,271.4469,0.00014122,1.96e-05,0.0,0 STARLINK-3958,1 52535U 22051C   24018.07724585  .00001960  00000-0  14122-3 0  9992,2 52535  53.2169  37.9160 0001626  88.6709 271.4469 15.08837550 93510,6917.888,95.438,540.878,538.628,0.0
52535.0,STARLINK-3958,PAYLOAD,2024-01-18 11:23:32,15.08848462,0.0001714,53.2165,36.1294,100.4635,259.655,0.0002557,3.785e-05,0.0,0 STARLINK-3958,1 52535U 22051C   24018.47468063  .00003785  00000-0  25570-3 0  9998,2 52535  53.2165  36.1294 0001714 100.4635 259.6550 15.08848462 93573,6917.855,95.437,540.905,538.534,0.0
52535.0,STARLINK-3958,PAYLOAD,2024-01-19 01:42:00,15.08838588,0.0001786,53.2159,33.4519,95.1966,264.923,-5.9333e-05,-1.232e-05,0.0,0 STARLINK-3958,1 52535U 22051C   24019.07084348 -.00001232  00000-0 -59333-4 0  9997,2 52535  53.2159  33.4519 0001786  95.1966 264.9230 15.08838588 93664,6917.885,95.438,540.985,538.514,0.0
52535.0,STARLINK-3958,PAYLOAD,2024-01-19 06:28:10,15.0883909,0.0001767,53.2172,32.5619,99.9265,260.1927,-2.5865e-05,-7e-06,0.0,0 STARLINK-3958,1 52535U 22051C   24019.26956363 -.00000700  00000-0 -25865-4 0  9995,2 52535  53.2172  32.5619 0001767  99.9265 260.1927 15.08839090 93629,6917.883,95.438,540.971,538.526,0.0
52535.0,STARLINK-3958,PAYLOAD,2024-01-20 07:54:20,15.0883897,0.0001567,53.2168,27.804,91.6264,268.4907,9.2395e-05,1.183e-05,0.0,0 STARLINK-3958,1 52535U 22051C   24020.32940822  .00001183  00000-0  92395-4 0  9993,2 52535  53.2168  27.8040 0001567  91.6264 268.4907 15.08838970 93855,6917.884,95.438,540.833,538.665,0.0
52535.0,STARLINK-3958,PAYLOAD,2024-01-21 06:09:44,15.08841593,0.0001572,53.2166,23.6399,89.4078,270.7094,0.00021099,3.072e-05,0.0,0 STARLINK-3958,1 52535U 22051C   24021.25676933  .00003072  00000-0  21099-3 0  9996,2 52535  53.2166  23.6399 0001572  89.4078 270.7094 15.08841593 93924,6917.876,95.437,540.828,538.653,0.0
52535.0,STARLINK-3958,PAYLOAD,2024-01-21 09:20:30,15.08849145,0.0001619,53.2169,23.0458,94.8658,265.2519,0.00027324,4.064e-05,0.0,0 STARLINK-3958,1 52535U 22051C   24021.38924525  .00004064  00000-0  27324-3 0  9992,2 52535  53.2169  23.0458 0001619  94.8658 265.2519 15.08849145 94016,6917.852,95.437,540.837,538.597,0.0
52535.0,STARLINK-3958,PAYLOAD,2024-01-22 04:25:08,15.08840099,0.0001832,53.2195,19.4659,75.6098,284.5098,0.00018677,2.686e-05,0.0,0 STARLINK-3958,1 52535U 22051C   24022.18412918  .00002686  00000-0  18677-3 0  9998,2 52535  53.2195  19.4659 0001832  75.6098 284.5098 15.08840099 94137,6917.88,95.438,541.012,538.478,0.0
52535.0,STARLINK-3958,PAYLOAD,2024-01-22 06:00:31,15.08842628,0.0001981,53.2196,19.1692,66.2018,293.9181,0.00018921,2.725e-05,0.0,0 STARLINK-3958,1 52535U 22051C   24022.25036984  .00002725  00000-0  18921-3 0  9997,2 52535  53.2196  19.1692 0001981  66.2018 293.9181 15.08842628 94075,6917.872,95.437,541.108,538.367,0.0
52535.0,STARLINK-3958,PAYLOAD,2024-01-23 05:51:19,15.08840256,0.0001851,53.218,14.7252,102.8141,257.3058,6.1601e-05,6.92e-06,0.0,0 STARLINK-3958,1 52535U 22051C   24023.24397062  .00000692  00000-0  61601-4 0  9999,2 52535  53.2180  14.7252 0001851 102.8141 257.3058 15.08840256 94297,6917.88,95.438,541.025,538.464,0.0
52535.0,STARLINK-3958,PAYLOAD,2024-01-24 05:42:06,15.08824298,0.0001762,53.2182,10.2636,117.4508,242.6663,-0.0001525,-2.713e-05,0.0,0 STARLINK-3958,1 52535U 22051C   24024.23757166 -.00002713  00000-0 -15250-3 0  9990,2 52535  53.2182  10.2636 0001762 117.4508 242.6663 15.08824298 94440,6917.928,95.439,541.012,538.574,0.0
52535.0,STARLINK-3958,PAYLOAD,2024-01-25 03:57:29,15.08842045,0.0001323,53.218,6.1013,84.2164,275.8979,3.8789e-05,3.3e-06,0.0,0 STARLINK-3958,1 52535U 22051C   24025.16492827  .00000330  00000-0  38789-4 0  9997,2 52535  53.2180   6.1013 0001323  84.2164 275.8979 15.08842045 94586,6917.874,95.437,540.654,538.824,0.0
52535.0,STARLINK-3958,PAYLOAD,2024-01-26 03:48:17,15.08833256,0.0001344,53.2183,1.6393,95.5564,264.5582,0.00027333,4.064e-05,0.0,0 STARLINK-3958,1 52535U 22051C   24026.15853163  .00004064  00000-0  27333-3 0  9991,2 52535  53.2183   1.6393 0001344  95.5564 264.5582 15.08833256 94738,6917.901,95.438,540.696,538.836,0.0
52535.0,STARLINK-3958,PAYLOAD,2024-01-26 05:23:40,15.08834776,0.0001396,53.2185,1.3426,98.5182,261.5968,0.00028491,4.249e-05,0.0,0 STARLINK-3958,1 52535U 22051C   24026.22477125  .00004249  00000-0  28491-3 0  9990,2 52535  53.2185   1.3426 0001396  98.5182 261.5968 15.08834776 94676,6917.896,95.438,540.727,538.796,0.0
52535.0,STARLINK-3958,PAYLOAD,2024-01-27 06:49:50,15.08842736,0.0001633,53.2201,356.582,103.3067,256.8107,0.00015456,2.173e-05,0.0,0 STARLINK-3958,1 52535U 22051C   24027.28461154  .00002173  00000-0  15456-3 0  9993,2 52535  53.2201 356.5820 0001633 103.3067 256.8107 15.08842736 94902,6917.872,95.437,540.867,538.607,0.0
52535.0,STARLINK-3958,PAYLOAD,2024-01-28 05:05:14,15.08841292,0.0001509,53.2193,352.4187,102.4797,257.6364,9.2024e-05,1.177e-05,0.0,0 STARLINK-3958,1 52535U 22051C   24028.21197419  .00001177  00000-0  92024-4 0  9997,2 52535  53.2193 352.4187 0001509 102.4797 257.6364 15.08841292 95041,6917.876,95.437,540.785,538.698,0.0
52535.0,STARLINK-3958,PAYLOAD,2024-01-28 20:59:06,15.08842459,0.0001586,53.2194,349.4485,76.3894,283.7275,8.5837e-05,1.078e-05,0.0,0 STARLINK-3958,1 52535U 22051C   24028.87437854  .00001078  00000-0  85837-4 0  9993,2 52535  53.2194 349.4485 0001586  76.3894 283.7275 15.08842459 95071,6917.873,95.437,540.835,538.641,0.0
52535.0,STARLINK-3958,PAYLOAD,2024-01-29 20:49:53,15.08841529,0.0001904,53.2193,344.989,65.5148,294.6043,0.00014033,1.946e-05,0.0,0 STARLINK-3958,1 52535U 22051C   24029.86797902  .00001946  00000-0  14033-3 0  9999,2 52535  53.2193 344.9890 0001904  65.5148 294.6043 15.08841529 95224,6917.876,95.437,541.058,538.424,0.0
52535.0,STARLINK-3958,PAYLOAD,2024-01-30 03:11:25,15.08841954,0.0001923,53.2201,343.7989,66.4088,293.7106,9.1188e-05,1.163e-05,0.0,0 STARLINK-3958,1 52535U 22051C   24030.13293957  .00001163  00000-0  91188-4 0  9990,2 52535  53.2201 343.7989 0001923  66.4088 293.7106 15.08841954 95338,6917.874,95.437,541.07,538.409,0.0
52535.0,STARLINK-3958,PAYLOAD,2024-01-30 07:57:34,15.0885302,0.0001388,53.2184,342.9039,85.976,274.139,0.0001762,2.518e-05,0.0,0 STARLINK-3958,1 52535U 22051C   24030.33164807  .00002518  00000-0  17620-3 0  9996,2 52535  53.2184 342.9039 0001388  85.9760 274.1390 15.08853020 95361,6917.841,95.437,540.666,538.745,0.0
52535.0,STARLINK-3958,PAYLOAD,2024-01-30 20:40:40,15.08837876,0.00013,53.2183,340.5263,81.7437,278.3702,2.5747e-06,-2.47e-06,0.0,0 STARLINK-3958,1 52535U 22051C   24030.86157882 -.00000247  00000-0  25747-5 0  9998,2 52535  53.2183 340.5263 0001300  81.7437 278.3702 15.08837876 95377,6917.887,95.438,540.651,538.853,0.0
52535.0,STARLINK-3958,PAYLOAD,2024-01-31 03:02:12,15.08846182,0.0001533,53.2185,339.3359,98.1342,261.9824,8.377e-05,1.046e-05,0.0,0 STARLINK-3958,1 52535U 22051C   24031.12653299  .00001046  00000-0  83770-4 0  9997,2 52535  53.2185 339.3359 0001533  98.1342 261.9824 15.08846182 95481,6917.861,95.437,540.787,538.666,0.0
52535.0,STARLINK-3958,PAYLOAD,2024-02-01 02:52:59,15.08840874,0.0001449,53.2187,334.8737,103.4211,256.6943,-3.5112e-06,-3.44e-06,0.0,0 STARLINK-3958,1 52535U 22051C   24032.12013792 -.00000344  00000-0 -35112-5 0  9996,2 52535  53.2187 334.8737 0001449 103.4211 256.6943 15.08840874 95636,6917.878,95.437,540.745,538.74,0.0
52535.0,STARLINK-3958,PAYLOAD,2024-02-01 20:22:14,15.08838215,0.0001715,53.2197,331.6058,113.7913,246.3259,4.4439e-05,4.19e-06,0.0,0 STARLINK-3958,1 52535U 22051C   24032.84877923  .00000419  00000-0  44439-4 0  9991,2 52535  53.2197 331.6058 0001715 113.7913 246.3259 15.08838215 95673,6917.886,95.438,540.937,538.564,0.0
52535.0,STARLINK-3958,PAYLOAD,2024-02-02 02:43:46,15.0884272,0.0001691,53.2199,330.4175,111.7994,248.3178,8.0944e-05,1e-05,0.0,0 STARLINK-3958,1 52535U 22051C   24033.11373537  .00001000  00000-0  80944-4 0  9992,2 52535  53.2199 330.4175 0001691 111.7994 248.3178 15.08842720 95715,6917.872,95.437,540.907,538.567,0.0
52535.0,STARLINK-3958,PAYLOAD,2024-02-02 20:13:02,15.08823832,0.0001587,53.2202,327.1484,101.4682,258.6488,0.00015816,2.229e-05,0.0,0 STARLINK-3958,1 52535U 22051C   24033.84238588  .00002229  00000-0  15816-3 0  9997,2 52535  53.2202 327.1484 0001587 101.4682 258.6488 15.08823832 95823,6917.93,95.439,540.893,538.697,0.0
52535.0,STARLINK-3958,PAYLOAD,2024-02-03 04:09:57,15.08834125,0.0001531,53.2198,325.6603,104.7608,255.3553,2.6885e-05,1.4e-06,0.0,0 STARLINK-3958,1 52535U 22051C   24034.17358544  .00000140  00000-0  26885-4 0  9998,2 52535  53.2198 325.6603 0001531 104.7608 255.3553 15.08834125 95943,6917.898,95.438,540.822,538.704,0.0
52535.0,STARLINK-3958,PAYLOAD,2024-02-04 04:00:44,15.08849147,0.0001673,53.2196,321.1959,102.753,257.3649,8.0677e-05,9.96e-06,0.0,0 STARLINK-3958,1 52535U 22051C   24035.16717629  .00000996  00000-0  80677-4 0  9999,2 52535  53.2196 321.1959 0001673 102.7530 257.3649 15.08849147 96090,6917.852,95.437,540.875,538.56,0.0
52535.0,STARLINK-3958,PAYLOAD,2024-02-04 05:36:07,15.0885394,0.0001781,53.2195,320.8976,105.7909,254.3279,3.7215e-05,3.04e-06,0.0,0 STARLINK-3958,1 52535U 22051C   24035.23341440  .00000304  00000-0  37215-4 0  9994,2 52535  53.2195 320.8976 0001781 105.7909 254.3279 15.08853940 96033,6917.838,95.437,540.935,538.471,0.0
52535.0,STARLINK-3958,PAYLOAD,2024-02-05 03:51:31,15.08845335,0.0001504,53.219,316.7333,93.3262,266.7903,0.00012835,1.756e-05,0.0,0 STARLINK-3958,1 52535U 22051C   24036.16077808  .00001756  00000-0  12835-3 0  9993,2 52535  53.2190 316.7333 0001504  93.3262 266.7903 15.08845335 96249,6917.864,95.437,540.77,538.689,0.0
52535.0,STARLINK-3958,PAYLOAD,2024-02-05 11:48:27,15.08840846,0.0001626,53.2192,315.2514,81.8587,278.2589,6.5201e-05,7.5e-06,0.0,0 STARLINK-3958,1 52535U 22051C   24036.49198428  .00000750  00000-0  65201-4 0  9990,2 52535  53.2192 315.2514 0001626  81.8587 278.2589 15.08840846 96298,6917.878,95.438,540.868,538.618,0.0
52535.0,STARLINK-3958,PAYLOAD,2024-02-05 22:56:09,15.08843929,0.0001604,53.2192,313.1672,86.9639,273.1536,-2.8268e-05,-7.38e-06,0.0,0 STARLINK-3958,1 52535U 22051C   24036.95566447 -.00000738  00000-0 -28268-4 0  9991,2 52535  53.2192 313.1672 0001604  86.9639 273.1536 15.08843929 96291,6917.868,95.437,540.843,538.624,0.0
52535.0,STARLINK-3958,PAYLOAD,2024-02-06 03:42:18,15.08849867,0.0001496,53.2173,312.2745,91.8873,268.229,1.4997e-05,-4.9e-07,0.0,0 STARLINK-3958,1 52535U 22051C   24037.15437806 -.00000049  00000-0  14997-4 0  9998,2 52535  53.2173 312.2745 0001496  91.8873 268.2290 15.08849867 96395,6917.85,95.437,540.75,538.68,0.0
52535.0,STARLINK-3958,PAYLOAD,2024-02-06 22:46:56,15.08845018,0.0001456,53.2174,308.7036,94.4102,265.7057,-4.062e-05,-9.34e-06,0.0,0 STARLINK-3958,1 52535U 22051C   24037.94926260 -.00000934  00000-0 -40620-4 0  9998,2 52535  53.2174 308.7036 0001456  94.4102 265.7057 15.08845018 96442,6917.865,95.437,540.737,538.723,0.0
52535.0,STARLINK-3958,PAYLOAD,2024-02-07 00:22:19,15.08844719,0.0001443,53.2177,308.4062,95.9049,264.2108,-4.415e-05,-9.91e-06,0.0,0 STARLINK-3958,1 52535U 22051C   24038.01550250 -.00000991  00000-0 -44150-4 0  9994,2 52535  53.2177 308.4062 0001443  95.9049 264.2108 15.08844719 96520,6917.866,95.437,540.729,538.733,0.0
52535.0,STARLINK-3958,PAYLOAD,2024-02-07 11:30:00,15.08847823,0.0001306,53.2167,306.3268,110.4475,249.6657,-1.327e-05,-4.99e-06,0.0,0 STARLINK-3958,1 52535U 22051C   24038.47917728 -.00000499  00000-0 -13270-4 0  9993,2 52535  53.2167 306.3268 0001306 110.4475 249.6657 15.08847823 96523,6917.856,95.437,540.625,538.818,0.0
52535.0,STARLINK-3958,PAYLOAD,2024-02-07 21:02:20,15.08835585,0.0001607,53.2182,304.5431,105.3155,254.8015,3.8531e-05,3.25e-06,0.0,0 STARLINK-3958,1 52535U 22051C   24038.87662616  .00000325  00000-0  38531-4 0  9993,2 52535  53.2182 304.5431 0001607 105.3155 254.8015 15.08835585 96588,6917.894,95.438,540.871,538.647,0.0
52535.0,STARLINK-3958,PAYLOAD,2024-02-07 22:37:43,15.08835379,0.0001527,53.218,304.2444,114.4,245.7152,4.1514e-05,3.73e-06,0.0,0 STARLINK-3958,1 52535U 22051C   24038.94286541  .00000373  00000-0  41514-4 0  9998,2 52535  53.2180 304.2444 0001527 114.4000 245.7152 15.08835379 96669,6917.895,95.438,540.816,538.703,0.0
52535.0,STARLINK-3958,PAYLOAD,2024-02-08 22:28:30,15.08836127,0.0001835,53.2181,299.7816,128.5082,231.6075,4.4534e-05,4.21e-06,0.0,0 STARLINK-3958,1 52535U 22051C   24039.93646625  .00000421  00000-0  44534-4 0  9990,2 52535  53.2181 299.7816 0001835 128.5082 231.6075 15.08836127 96748,6917.892,95.438,541.027,538.488,0.0
52535.0,STARLINK-3958,PAYLOAD,2024-02-09 03:14:39,15.08838171,0.0001855,53.218,298.8888,129.6097,230.5059,5.9417e-05,6.58e-06,0.0,0 STARLINK-3958,1 52535U 22051C   24040.13518475  .00000658  00000-0  59417-4 0  9993,2 52535  53.2180 298.8888 0001855 129.6097 230.5059 15.08838171 96848,6917.886,95.438,541.034,538.468,0.0
52535.0,STARLINK-3958,PAYLOAD,2024-02-09 15:57:45,15.08829311,0.0001864,53.2175,296.5091,129.8783,230.2373,1.649e-05,-2.6e-07,0.0,0 STARLINK-3958,1 52535U 22051C   24040.66511442 -.00000026  00000-0  16490-4 0  9992,2 52535  53.2175 296.5091 0001864 129.8783 230.2373 15.08829311 96928,6917.913,95.438,541.068,538.489,0.0
52535.0,STARLINK-3958,PAYLOAD,2024-02-09 23:54:41,15.08834745,0.0001432,53.2175,295.026,106.0655,254.0495,4.1085e-05,3.66e-06,0.0,0 STARLINK-3958,1 52535U 22051C   24040.99631278  .00000366  00000-0  41085-4 0  9992,2 52535  53.2175 295.0260 0001432 106.0655 254.0495 15.08834745 96900,6917.896,95.438,540.752,538.771,0.0
52535.0,STARLINK-3958,PAYLOAD,2024-02-10 20:34:42,15.08841555,0.0001418,53.2175,291.1631,108.8599,251.2547,5.1994e-05,5.4e-06,0.0,0 STARLINK-3958,1 52535U 22051C   24041.85743218  .00000540  00000-0  51994-4 0  9990,2 52535  53.2175 291.1631 0001418 108.8599 251.2547 15.08841555 97107,6917.876,95.437,540.722,538.76,0.0
52535.0,STARLINK-3958,PAYLOAD,2024-02-10 22:10:05,15.08842349,0.0001427,53.2176,290.8659,108.8524,251.2623,6.0811e-05,6.8e-06,0.0,0 STARLINK-3958,1 52535U 22051C   24041.92367155  .00000680  00000-0  60811-4 0  9993,2 52535  53.2176 290.8659 0001427 108.8524 251.2623 15.08842349 97042,6917.873,95.437,540.725,538.751,0.0
52535.0,STARLINK-3958,PAYLOAD,2024-02-11 02:56:14,15.08842014,0.0001945,53.2175,289.9725,127.6488,232.4681,0.00016712,2.373e-05,0.0,0 STARLINK-3958,1 52535U 22051C   24042.12238786  .00002373  00000-0  16712-3 0  9994,2 52535  53.2175 289.9725 0001945 127.6488 232.4681 15.08842014 97074,6917.874,95.437,541.085,538.394,0.0
52535.0,STARLINK-3958,PAYLOAD,2024-02-11 22:00:52,15.08843071,0.000146,53.2175,286.4028,101.0164,259.0993,9.2047e-05,1.177e-05,0.0,0 STARLINK-3958,1 52535U 22051C   24042.91727024  .00001177  00000-0  92047-4 0  9996,2 52535  53.2175 286.4028 0001460 101.0164 259.0993 15.08843071 97199,6917.871,95.437,540.746,538.726,0.0
52535.0,STARLINK-3958,PAYLOAD,2024-02-11 23:36:14,15.08848771,0.0001372,53.217,286.1023,75.3647,284.7497,0.00010224,1.34e-05,0.0,0 STARLINK-3958,1 52535U 22051C   24042.98350666  .00001340  00000-0  10224-3 0  9995,2 52535  53.2170 286.1023 0001372  75.3647 284.7497 15.08848771 97272,6917.854,95.437,540.668,538.769,0.0
52535.0,STARLINK-3958,PAYLOAD,2024-02-12 20:16:16,15.08842904,0.0001536,53.2173,282.2398,82.4197,277.697,1.4352e-05,-6e-07,0.0,0 STARLINK-3958,1 52535U 22051C   24043.84463398 -.00000060  00000-0  14352-4 0  9994,2 52535  53.2173 282.2398 0001536  82.4197 277.6970 15.08842904 97402,6917.872,95.437,540.799,538.674,0.0
52535.0,STARLINK-3958,PAYLOAD,2024-02-12 21:51:39,15.08842291,0.0001489,53.2173,281.9425,83.9688,276.1473,4.9813e-06,-2.09e-06,0.0,0 STARLINK-3958,1 52535U 22051C   24043.91087367 -.00000209  00000-0  49813-5 0  9996,2 52535  53.2173 281.9425 0001489  83.9688 276.1473 15.08842291 97341,6917.873,95.437,540.768,538.708,0.0
52535.0,STARLINK-3958,PAYLOAD,2024-02-13 08:59:21,15.08836489,0.00014,53.2172,279.8587,94.5861,265.5291,-1.3105e-05,-4.96e-06,0.0,0 STARLINK-3958,1 52535U 22051C   24044.37455729 -.00000496  00000-0 -13105-4 0  9991,2 52535  53.2172 279.8587 0001400  94.5861 265.5291 15.08836489 97486,6917.891,95.438,540.725,538.788,0.0
52535.0,STARLINK-3958,PAYLOAD,2024-02-13 21:42:26,15.08845215,0.0001325,53.2163,277.4804,85.7696,274.3448,-3.6541e-05,-8.7e-06,0.0,0 STARLINK-3958,1 52535U 22051C   24044.90447287 -.00000870  00000-0 -36541-4 0  9995,2 52535  53.2163 277.4804 0001325  85.7696 274.3448 15.08845215 97496,6917.864,95.437,540.646,538.813,0.0
52535.0,STARLINK-3958,PAYLOAD,2024-02-14 15:11:41,15.08842903,0.0001446,53.2163,274.2141,81.2958,278.8198,6.4269e-05,7.35e-06,0.0,0 STARLINK-3958,1 52535U 22051C   24045.63311351  .00000735  00000-0  64269-4 0  9994,2 52535  53.2163 274.2141 0001446  81.2958 278.8198 15.08842903 97606,6917.872,95.437,540.737,538.736,0.0
52535.0,STARLINK-3958,PAYLOAD,2024-02-14 21:33:13,15.08848693,0.0001443,53.2168,273.0238,86.8065,273.3092,8.6868e-05,1.095e-05,0.0,0 STARLINK-3958,1 52535U 22051C   24045.89806846  .00001095  00000-0  86868-4 0  9999,2 52535  53.2168 273.0238 0001443  86.8065 273.3092 15.08848693 97641,6917.854,95.437,540.717,538.721,0.0
52535.0,STARLINK-3958,PAYLOAD,2024-02-15 15:02:28,15.0883671,0.000135,53.2154,269.7541,77.1854,282.9289,9.9946e-05,1.303e-05,0.0,0 STARLINK-3958,1 52535U 22051C   24046.62671584  .00001303  00000-0  99946-4 0  9993,2 52535  53.2154 269.7541 0001350  77.1854 282.9289 15.08836710 97754,6917.89,95.438,540.689,538.822,0.0
52535.0,STARLINK-3958,PAYLOAD,2024-02-15 19:48:37,15.08835257,0.0001298,53.2153,268.861,78.4045,281.7093,7.9183e-05,9.72e-06,0.0,0 STARLINK-3958,1 52535U 22051C   24046.82543748  .00000972  00000-0  79183-4 0  9997,2 52535  53.2153 268.8610 0001298  78.4045 281.7093 15.08835257 97853,6917.895,95.438,540.658,538.862,0.0
52535.0,STARLINK-3958,PAYLOAD,2024-02-15 21:24:01,15.08820542,0.0001419,53.2166,268.5619,95.0815,265.0339,0.00030969,4.642e-05,0.0,0 STARLINK-3958,1 52535U 22051C   24046.89167911  .00004642  00000-0  30969-3 0  9994,2 52535  53.2166 268.5619 0001419  95.0815 265.0339 15.08820542 97790,6917.94,95.439,540.787,538.823,0.0
52535.0,STARLINK-3958,PAYLOAD,2024-02-16 14:53:15,15.08835821,0.0001616,53.2162,265.2917,91.9783,268.1395,-5.2126e-05,-1.117e-05,0.0,0 STARLINK-3958,1 52535U 22051C   24047.62032258 -.00001117  00000-0 -52126-4 0  9997,2 52535  53.2162 265.2917 0001616  91.9783 268.1395 15.08835821 97904,6917.893,95.438,540.876,538.64,0.0
52535.0,STARLINK-3958,PAYLOAD,2024-02-16 21:14:48,15.08836237,0.0001437,53.2166,264.103,93.1543,266.9613,-3.7444e-05,-8.84e-06,0.0,0 STARLINK-3958,1 52535U 22051C   24047.88528195 -.00000884  00000-0 -37444-4 0  9991,2 52535  53.2166 264.1030 0001437  93.1543 266.9613 15.08836237 97946,6917.892,95.438,540.751,538.763,0.0
52535.0,STARLINK-3958,PAYLOAD,2024-02-17 06:47:07,15.08831633,0.0001437,53.2168,262.3189,91.0458,269.0699,0.00011011,1.465e-05,0.0,0 STARLINK-3958,1 52535U 22051C   24048.28272237  .00001465  00000-0  11011-3 0  9994,2 52535  53.2168 262.3189 0001437  91.0458 269.0699 15.08831633 98073,6917.906,95.438,540.765,538.777,0.0
52535.0,STARLINK-3958,PAYLOAD,2024-02-17 14:44:02,15.08839984,0.0001281,53.2159,260.8302,94.7203,265.3935,9.6053e-05,1.241e-05,0.0,0 STARLINK-3958,1 52535U 22051C   24048.61391684  .00001241  00000-0  96053-4 0  9991,2 52535  53.2159 260.8302 0001281  94.7203 265.3935 15.08839984 98055,6917.88,95.438,540.632,538.859,0.0
52535.0,STARLINK-3958,PAYLOAD,2024-02-17 19:30:11,15.08843791,0.0001327,53.2163,259.9387,95.3365,264.7779,0.00012773,1.746e-05,0.0,0 STARLINK-3958,1 52535U 22051C   24048.81263379  .00001746  00000-0  12773-3 0  9998,2 52535  53.2163 259.9387 0001327  95.3365 264.7779 15.08843791 98150,6917.869,95.437,540.652,538.816,0.0
52535.0,STARLINK-3958,PAYLOAD,2024-02-17 21:05:34,15.08845287,0.0001316,53.2163,259.6426,94.6318,265.4824,0.00014408,2.006e-05,0.0,0 STARLINK-3958,1 52535U 22051C   24048.87887252  .00002006  00000-0  14408-3 0  9993,2 52535  53.2163 259.6426 0001316  94.6318 265.4824 15.08845287 98093,6917.864,95.437,540.64,538.819,0.0
52535.0,STARLINK-3958,PAYLOAD,2024-02-18 06:37:53,15.08840251,0.000127,53.2158,257.8582,88.3226,271.7911,4.25e-05,3.89e-06,0.0,0 STARLINK-3958,1 52535U 22051C   24049.27631885  .00000389  00000-0  42500-4 0  9994,2 52535  53.2158 257.8582 0001270  88.3226 271.7911 15.08840251 98225,6917.88,95.438,540.623,538.866,0.0
52535.0,STARLINK-3958,PAYLOAD,2024-02-18 19:20:59,15.08831116,0.0001327,53.2164,255.4795,87.9439,272.1705,4.0146e-05,3.51e-06,0.0,0 STARLINK-3958,1 52535U 22051C   24049.80624744  .00000351  00000-0  40146-4 0  9992,2 52535  53.2164 255.4795 0001327  87.9439 272.1705 15.08831116 98301,6917.908,95.438,540.691,538.855,0.0
52535.0,STARLINK-3958,PAYLOAD,2024-02-18 20:56:22,15.08832561,0.0001327,53.2162,255.1826,93.1568,266.9576,5.3444e-05,5.63e-06,0.0,0 STARLINK-3958,1 52535U 22051C   24049.87248622  .00000563  00000-0  53444-4 0  9996,2 52535  53.2162 255.1826 0001327  93.1568 266.9576 15.08832561 98248,6917.903,95.438,540.686,538.85,0.0
52535.0,STARLINK-3958,PAYLOAD,2024-02-19 06:28:41,15.0883824,0.0001437,53.2174,253.3992,95.4246,264.691,7.1746e-05,8.54e-06,0.0,0 STARLINK-3958,1 52535U 22051C   24050.26992333  .00000854  00000-0  71746-4 0  9994,2 52535  53.2174 253.3992 0001437  95.4246 264.6910 15.08838240 98376,6917.886,95.438,540.745,538.757,0.0
52535.0,STARLINK-3958,PAYLOAD,2024-02-19 22:22:32,15.08844283,0.000153,53.2173,250.4255,99.4968,260.6197,-9.2239e-06,-4.35e-06,0.0,0 STARLINK-3958,1 52535U 22051C   24050.93232142 -.00000435  00000-0 -92239-5 0  9991,2 52535  53.2173 250.4255 0001530  99.4968 260.6197 15.08844283 98405,6917.867,95.437,540.791,538.674,0.0
52535.0,STARLINK-3958,PAYLOAD,2024-02-20 12:41:00,15.08838488,0.0001532,53.2163,247.7474,88.0479,272.0688,0.00010655,1.408e-05,0.0,0 STARLINK-3958,1 52535U 22051C   24051.52848199  .00001408  00000-0  10655-3 0  9991,2 52535  53.2163 247.7474 0001532  88.0479 272.0688 15.08838488 98568,6917.885,95.438,540.81,538.69,0.0
52535.0,STARLINK-3958,PAYLOAD,2024-02-20 20:37:56,15.08845979,0.0001475,53.2164,246.2606,88.3519,271.7642,0.00011148,1.487e-05,0.0,0 STARLINK-3958,1 52535U 22051C   24051.85967681  .00001487  00000-0  11148-3 0  9990,2 52535  53.2164 246.2606 0001475  88.3519 271.7642 15.08845979 98541,6917.862,95.437,540.747,538.707,0.0
52535.0,STARLINK-3958,PAYLOAD,2024-02-21 12:31:47,15.08844034,0.0001467,53.2162,243.2872,87.9693,272.1468,0.00010947,1.455e-05,0.0,0 STARLINK-3958,1 52535U 22051C   24052.52207643  .00001455  00000-0  10947-3 0  9991,2 52535  53.2162 243.2872 0001467  87.9693 272.1468 15.08844034 98643,6917.868,95.437,540.748,538.718,0.0
52535.0,STARLINK-3958,PAYLOAD,2024-02-21 18:53:19,15.08843458,0.0001461,53.2162,242.0974,88.1538,271.9622,9.8486e-05,1.28e-05,0.0,0 STARLINK-3958,1 52535U 22051C   24052.78703634  .00001280  00000-0  98486-4 0  9991,2 52535  53.2162 242.0974 0001461  88.1538 271.9622 15.08843458 98680,6917.87,95.437,540.746,538.724,0.0
52535.0,STARLINK-3958,PAYLOAD,2024-02-22 12:22:34,15.08841814,0.0001459,53.216,238.8268,86.5332,273.5827,8.2726e-07,-2.75e-06,0.0,0 STARLINK-3958,1 52535U 22051C   24053.51567824 -.00000275  00000-0  82726-6 0  9998,2 52535  53.2160 238.8268 0001459  86.5332 273.5827 15.08841814 98799,6917.875,95.437,540.749,538.731,0.0
52535.0,STARLINK-3958,PAYLOAD,2024-02-22 18:44:07,15.08842954,0.0001453,53.2169,237.6367,90.4875,269.6283,-2.3202e-05,-6.57e-06,0.0,0 STARLINK-3958,1 52535U 22051C   24053.78063751 -.00000657  00000-0 -23202-4 0  9994,2 52535  53.2169 237.6367 0001453  90.4875 269.6283 15.08842954 98838,6917.871,95.437,540.742,538.731,0.0
52535.0,STARLINK-3958,PAYLOAD,2024-02-23 18:34:54,15.08835421,0.0001459,53.2171,233.175,94.5729,265.5429,-3.3055e-05,-8.14e-06,0.0,0 STARLINK-3958,1 52535U 22051C   24054.77424327 -.00000814  00000-0 -33055-4 0  9996,2 52535  53.2171 233.1750 0001459  94.5729 265.5429 15.08835421 99050,6917.894,95.438,540.769,538.75,0.0
52535.0,STARLINK-3958,PAYLOAD,2024-02-23 21:45:40,15.08836025,0.0001445,53.217,232.5801,94.5315,265.5842,-2.9395e-05,-7.56e-06,0.0,0 STARLINK-3958,1 52535U 22051C   24054.90672294 -.00000756  00000-0 -29395-4 0  9996,2 52535  53.2170 232.5801 0001445  94.5315 265.5842 15.08836025 99000,6917.893,95.438,540.757,538.758,0.0
52535.0,STARLINK-3958,PAYLOAD,2024-02-24 21:36:27,15.08842761,0.0001329,53.2161,228.1185,92.4004,267.714,9.07e-05,1.156e-05,0.0,0 STARLINK-3958,1 52535U 22051C   24055.90031721  .00001156  00000-0  90700-4 0  9992,2 52535  53.2161 228.1185 0001329  92.4004 267.7140 15.08842761 99154,6917.872,95.437,540.656,538.818,0.0
52535.0,STARLINK-3958,PAYLOAD,2024-02-25 03:58:00,15.08837895,0.000128,53.216,226.9284,90.055,270.0589,9.5248e-05,1.228e-05,0.0,0 STARLINK-3958,1 52535U 22051C   24056.16528052  .00001228  00000-0  95248-4 0  9991,2 52535  53.2160 226.9284 0001280  90.0550 270.0589 15.08837895 99263,6917.887,95.438,540.637,538.866,0.0
52535.0,STARLINK-3958,PAYLOAD,2024-02-25 10:19:33,15.08835775,0.0001525,53.2161,225.7391,89.5316,270.5851,7.0669e-05,8.37e-06,0.0,0 STARLINK-3958,1 52535U 22051C   24056.43024414  .00000837  00000-0  70669-4 0  9999,2 52535  53.2161 225.7391 0001525  89.5316 270.5851 15.08835775 99234,6917.893,95.438,540.813,538.703,0.0
52535.0,STARLINK-3958,PAYLOAD,2024-02-25 18:16:28,15.08842249,0.0001202,53.216,224.2549,90.8656,269.2474,9.9651e-05,1.299e-05,0.0,0 STARLINK-3958,1 52535U 22051C   24056.76143914  .00001299  00000-0  99651-4 0  9997,2 52535  53.2160 224.2549 0001202  90.8656 269.2474 15.08842249 99281,6917.874,95.437,540.57,538.907,0.0
52535.0,STARLINK-3958,PAYLOAD,2024-02-26 03:48:47,15.08832664,0.0001233,53.2162,222.4727,96.0274,264.0858,4.2205e-05,3.84e-06,0.0,0 STARLINK-3958,1 52535U 22051C   24057.15888840  .00000384  00000-0  42205-4 0  9992,2 52535  53.2162 222.4727 0001233  96.0274 264.0858 15.08832664 99413,6917.903,95.438,540.621,538.915,0.0
52535.0,STARLINK-3958,PAYLOAD,2024-02-26 14:56:30,15.08839512,0.0001527,53.2173,220.3912,102.9488,257.1675,-0.00015418,-2.741e-05,0.0,0 STARLINK-3958,1 52535U 22051C   24057.62257356 -.00002741  00000-0 -15418-3 0  9992,2 52535  53.2173 220.3912 0001527 102.9488 257.1675 15.08839512 99417,6917.882,95.438,540.803,538.691,0.0
52535.0,STARLINK-3958,PAYLOAD,2024-02-26 18:07:16,15.0887269,3.26e-05,53.2177,219.7968,111.9202,248.1825,-0.00054345,-8.934e-05,0.0,0 STARLINK-3958,1 52535U 22051C   24057.75504762 -.00008934  00000-0 -54345-3 0  9994,2 52535  53.2177 219.7968 0000326 111.9202 248.1825 15.08872690 99505,6917.78,95.435,539.871,539.42,0.0
52535.0,STARLINK-3958,PAYLOAD,2024-02-26 21:18:02,15.08833047,0.0001613,53.2168,219.1973,86.8864,273.2313,3.0695e-06,-2.39e-06,0.0,0 STARLINK-3958,1 52535U 22051C   24057.88753258 -.00000239  00000-0  30695-5 0  9997,2 52535  53.2168 219.1973 0001613  86.8864 273.2313 15.08833047 99457,6917.902,95.438,540.882,538.651,0.0
52535.0,STARLINK-3958,PAYLOAD,2024-02-27 14:47:16,15.0884247,0.0001584,53.2183,215.9293,94.6613,265.456,5.1632e-05,5.34e-06,0.0,0 STARLINK-3958,1 52535U 22051C   24058.61616564  .00000534  00000-0  51632-4 0  9997,2 52535  53.2183 215.9293 0001584  94.6613 265.4560 15.08842470 99568,6917.873,95.437,540.834,538.642,0.0
52535.0,STARLINK-3958,PAYLOAD,2024-02-27 19:33:25,15.08850653,0.0001361,53.217,215.0343,81.4978,278.6168,5.6646e-05,6.14e-06,0.0,0 STARLINK-3958,1 52535U 22051C   24058.81487999  .00000614  00000-0  56646-4 0  9996,2 52535  53.2170 215.0343 0001361  81.4978 278.6168 15.08850653 99665,6917.848,95.437,540.654,538.771,0.0
52535.0,STARLINK-3958,PAYLOAD,2024-02-28 03:30:21,15.08845915,0.0001232,53.2169,213.5489,91.6362,268.4772,-2.1927e-06,-3.23e-06,0.0,0 STARLINK-3958,1 52535U 22051C   24059.14608369 -.00000323  00000-0 -21927-5 0  9993,2 52535  53.2169 213.5489 0001232  91.6362 268.4772 15.08845915 99713,6917.862,95.437,540.58,538.875,0.0
52535.0,STARLINK-3958,PAYLOAD,2024-02-28 14:38:04,15.08834375,0.0001256,53.2171,211.4664,94.9382,265.1754,0.00011132,1.484e-05,0.0,0 STARLINK-3958,1 52535U 22051C   24059.60976858  .00001484  00000-0  11132-3 0  9997,2 52535  53.2171 211.4664 0001256  94.9382 265.1754 15.08834375 99714,6917.898,95.438,540.631,538.894,0.0
52535.0,STARLINK-3958,PAYLOAD,2024-02-28 17:48:49,15.08851714,0.0001279,53.2171,210.8711,93.4051,266.7088,0.00018589,2.673e-05,0.0,0 STARLINK-3958,1 52535U 22051C   24059.74223616  .00002673  00000-0  18589-3 0  9993,2 52535  53.2171 210.8711 0001279  93.4051 266.7088 15.08851714 99737,6917.845,95.437,540.594,538.825,0.0
52535.0,STARLINK-3958,PAYLOAD,2024-02-29 03:21:08,15.08841756,0.0001433,53.2181,209.0871,83.5407,276.5749,7.2544e-05,8.67e-06,0.0,0 STARLINK-3958,1 52535U 22051C   24060.13968578  .00000867  00000-0  72544-4 0  9996,2 52535  53.2181 209.0871 0001433  83.5407 276.5749 15.08841756 99864,6917.875,95.437,540.731,538.749,0.0
52535.0,STARLINK-3958,PAYLOAD,2024-02-29 14:28:50,15.08844304,0.0001483,53.2177,207.0077,82.9964,277.1197,-3.9147e-05,-9.11e-06,0.0,0 STARLINK-3958,1 52535U 22051C   24060.60336782 -.00000911  00000-0 -39147-4 0  9998,2 52535  53.2177 207.0077 0001483  82.9964 277.1197 15.08844304 99867,6917.867,95.437,540.758,538.706,0.0
52535.0,STARLINK-3958,PAYLOAD,2024-02-29 16:04:13,15.08845066,0.0001372,53.2176,206.7093,88.8397,271.2752,-3.2128e-05,-7.99e-06,0.0,0 STARLINK-3958,1 52535U 22051C   24060.66960636 -.00000799  00000-0 -32128-4 0  9991,2 52535  53.2176 206.7093 0001372  88.8397 271.2752 15.08845066 99871,6917.865,95.437,540.679,538.781,0.0
52535.0,STARLINK-3958,PAYLOAD,2024-03-01 14:19:37,15.08838929,0.0001324,53.2168,202.5471,90.0918,270.0226,3.7554e-05,3.1e-06,0.0,0 STARLINK-3958,1 52535U 22051C   24061.59696753  .00000310  00000-0  37554-4 0  9995,2 52535  53.2168 202.5471 0001324  90.0918 270.0226 15.08838929100019,6917.884,95.438,540.665,538.833,0.0
52535.0,STARLINK-3958,PAYLOAD,2024-03-01 15:55:00,15.08840801,0.0001269,53.2175,202.2497,92.0898,268.024,6.3583e-05,7.24e-06,0.0,0 STARLINK-3958,1 52535U 22051C   24061.66320536  .00000724  00000-0  63583-4 0  9996,2 52535  53.2175 202.2497 0001269  92.0898 268.0240 15.08840801100025,6917.878,95.438,540.621,538.865,0.0
52535.0,STARLINK-3958,PAYLOAD,2024-03-02 14:10:24,15.08845089,0.0001767,53.2173,198.0864,65.7369,294.3807,0.00010241,1.342e-05,0.0,0 STARLINK-3958,1 52535U 22051C   24062.59056242  .00001342  00000-0  10241-3 0  9998,2 52535  53.2173 198.0864 0001767  65.7369 294.3807 15.08845089100165,6917.865,95.437,540.952,538.507,0.0
52535.0,STARLINK-3958,PAYLOAD,2024-03-03 12:25:49,15.0883356,0.0001581,53.2179,193.9238,109.1615,250.9549,-4.0962e-06,-3.53e-06,0.0,0 STARLINK-3958,1 52535U 22051C   24063.51793261 -.00000353  00000-0 -40962-5 0  9998,2 52535  53.2179 193.9238 0001581 109.1615 250.9549 15.08833560100376,6917.9,95.438,540.859,538.671,0.0
52535.0,STARLINK-3958,PAYLOAD,2024-03-03 14:01:12,15.08831859,0.0001732,53.2175,193.6264,117.8839,242.2329,-1.6529e-05,-5.51e-06,0.0,0 STARLINK-3958,1 52535U 22051C   24063.58417362 -.00000551  00000-0 -16529-4 0  9991,2 52535  53.2175 193.6264 0001732 117.8839 242.2329 15.08831859100313,6917.905,95.438,540.968,538.572,0.0
52535.0,STARLINK-3958,PAYLOAD,2024-03-03 18:47:22,15.08833586,0.0001289,53.2169,192.7321,94.457,265.6569,-3.8917e-05,-9.07e-06,0.0,0 STARLINK-3958,1 52535U 22051C   24063.78289479 -.00000907  00000-0 -38917-4 0  9999,2 52535  53.2169 192.7321 0001289  94.4570 265.6569 15.08833586100346,6917.9,95.438,540.657,538.873,0.0
52535.0,STARLINK-3958,PAYLOAD,2024-03-04 13:51:58,15.08859049,0.0001507,53.2174,189.1685,99.5485,260.5677,-4.1661e-05,-9.51e-06,0.0,0 STARLINK-3958,1 52535U 22051C   24064.57775530 -.00000951  00000-0 -41661-4 0  9994,2 52535  53.2174 189.1685 0001507  99.5485 260.5677 15.08859049100536,6917.822,95.436,540.73,538.645,0.0
52535.0,STARLINK-3958,PAYLOAD,2024-03-04 15:27:20,15.088714,0.0001384,53.2174,188.8688,98.2329,261.882,5.9036e-05,6.52e-06,0.0,0 STARLINK-3958,1 52535U 22051C   24064.64398413  .00000652  00000-0  59036-4 0  9994,2 52535  53.2174 188.8688 0001384  98.2329 261.8820 15.08871400100541,6917.784,95.436,540.607,538.692,0.0
52535.0,STARLINK-3958,PAYLOAD,2024-03-05 00:59:41,15.08834538,0.0001417,53.2166,187.0848,104.4076,255.7074,6.2822e-05,7.12e-06,0.0,0 STARLINK-3958,1 52535U 22051C   24065.04144772  .00000712  00000-0  62822-4 0  9990,2 52535  53.2166 187.0848 0001417 104.4076 255.7074 15.08834538100608,6917.897,95.438,540.742,538.782,0.0
52535.0,STARLINK-3958,PAYLOAD,2024-03-05 13:42:48,15.0881569,0.0001412,53.2175,184.7037,101.3827,258.7324,-6.0608e-05,-1.252e-05,0.0,0 STARLINK-3958,1 52535U 22051C   24065.57138936 -.00001252  00000-0 -60608-4 0  9995,2 52535  53.2175 184.7037 0001412 101.3827 258.7324 15.08815690100617,6917.955,95.439,540.797,538.843,0.0
52535.0,STARLINK-3958,PAYLOAD,2024-03-05 18:28:56,15.08827611,0.0001281,53.2174,183.812,110.4659,249.647,2.3587e-05,8.7e-07,0.0,0 STARLINK-3958,1 52535U 22051C   24065.77010113  .00000087  00000-0  23587-4 0  9991,2 52535  53.2174 183.8120 0001281 110.4659 249.6470 15.08827611100715,6917.918,95.438,540.669,538.897,0.0
52535.0,STARLINK-3958,PAYLOAD,2024-03-06 11:58:10,15.08844742,0.0001229,53.2155,180.5427,122.9297,237.1813,-6.2478e-05,-1.282e-05,0.0,0 STARLINK-3958,1 52535U 22051C   24066.49872922 -.00001282  00000-0 -62478-4 0  9997,2 52535  53.2155 180.5427 0001229 122.9297 237.1813 15.08844742100825,6917.866,95.437,540.581,538.881,0.0
52535.0,STARLINK-3958,PAYLOAD,2024-03-06 13:33:33,15.08845079,0.0001336,53.2162,180.2466,103.6641,256.45,-2.3429e-05,-6.61e-06,0.0,0 STARLINK-3958,1 52535U 22051C   24066.56497045 -.00000661  00000-0 -23429-4 0  9997,2 52535  53.2162 180.2466 0001336 103.6641 256.4500 15.08845079100765,6917.865,95.437,540.654,538.806,0.0
52535.0,STARLINK-3958,PAYLOAD,2024-03-06 15:08:56,15.08854336,0.0001253,53.2166,179.9474,100.2907,259.8226,9.4821e-05,1.222e-05,0.0,0 STARLINK-3958,1 52535U 22051C   24066.63120604  .00001222  00000-0  94821-4 0  9995,2 52535  53.2166 179.9474 0001253 100.2907 259.8226 15.08854336100846,6917.837,95.437,540.568,538.835,0.0
52535.0,STARLINK-3958,PAYLOAD,2024-03-07 00:41:15,15.08841248,0.0001323,53.2168,178.1636,94.5275,265.5868,-1.1747e-05,-4.75e-06,0.0,0 STARLINK-3958,1 52535U 22051C   24067.02865253 -.00000475  00000-0 -11747-4 0  9992,2 52535  53.2168 178.1636 0001323  94.5275 265.5868 15.08841248100901,6917.877,95.437,540.657,538.826,0.0
52535.0,STARLINK-3958,PAYLOAD,2024-03-07 13:24:21,15.08830392,0.0001404,53.2176,175.7827,111.6687,248.4454,0.00012385,1.683e-05,0.0,0 STARLINK-3958,1 52535U 22051C   24067.55858463  .00001683  00000-0  12385-3 0  9993,2 52535  53.2176 175.7827 0001404 111.6687 248.4454 15.08830392100913,6917.91,95.438,540.746,538.803,0.0
52535.0,STARLINK-3958,PAYLOAD,2024-03-08 13:15:07,15.08854895,0.0001271,53.2176,171.3231,101.2827,258.8308,6.7428e-05,7.86e-06,0.0,0 STARLINK-3958,1 52535U 22051C   24068.55217100  .00000786  00000-0  67428-4 0  9993,2 52535  53.2176 171.3231 0001271 101.2827 258.8308 15.08854895101139,6917.835,95.437,540.579,538.821,0.0
52535.0,STARLINK-3958,PAYLOAD,2024-03-09 13:05:55,15.0883839,0.0001336,53.2167,166.8609,99.8742,260.24,0.00015545,2.187e-05,0.0,0 STARLINK-3958,1 52535U 22051C   24069.54577898  .00002187  00000-0  15545-3 0  9995,2 52535  53.2167 166.8609 0001336  99.8742 260.2400 15.08838390101285,6917.885,95.438,540.675,538.826,0.0
52535.0,STARLINK-3958,PAYLOAD,2024-03-10 12:56:42,15.088384,0.0001279,53.216,162.4041,83.8999,276.2138,-2.8741e-05,-7.45e-06,0.0,0 STARLINK-3958,1 52535U 22051C   24070.53938193 -.00000745  00000-0 -28741-4 0  9998,2 52535  53.2160 162.4041 0001279  83.8999 276.2138 15.08838400101369,6917.885,95.438,540.635,538.865,0.0
52535.0,STARLINK-3958,PAYLOAD,2024-03-10 22:29:01,15.08840488,0.0001367,53.2164,160.6197,85.5862,274.5286,2.7721e-05,1.53e-06,0.0,0 STARLINK-3958,1 52535U 22051C   24070.93682145  .00000153  00000-0  27721-4 0  9993,2 52535  53.2164 160.6197 0001367  85.5862 274.5286 15.08840488101422,6917.879,95.438,540.69,538.798,0.0
52535.0,STARLINK-3958,PAYLOAD,2024-03-11 12:47:29,15.0884812,0.0001468,53.216,157.9444,89.2319,270.8842,0.00032753,4.93e-05,0.0,0 STARLINK-3958,1 52535U 22051C   24071.53297900  .00004930  00000-0  32753-3 0  9998,2 52535  53.2160 157.9444 0001468  89.2319 270.8842 15.08848120101510,6917.856,95.437,540.736,538.705,0.0
52535.0,STARLINK-3958,PAYLOAD,2024-03-12 11:02:53,15.08842799,0.0001466,53.2158,153.7812,84.0446,276.0713,9.5281e-05,1.229e-05,0.0,0 STARLINK-3958,1 52535U 22051C   24072.46034083  .00001229  00000-0  95281-4 0  9996,2 52535  53.2158 153.7812 0001466  84.0446 276.0713 15.08842799101726,6917.872,95.437,540.751,538.723,0.0
52535.0,STARLINK-3958,PAYLOAD,2024-03-12 22:10:35,15.08841807,0.0001439,53.2151,151.6992,82.2508,277.8648,3.9618e-05,3.43e-06,0.0,0 STARLINK-3958,1 52535U 22051C   24072.92402058  .00000343  00000-0  39618-4 0  9996,2 52535  53.2151 151.6992 0001439  82.2508 277.8648 15.08841807101729,6917.875,95.437,540.735,538.744,0.0
52535.0,STARLINK-3958,PAYLOAD,2024-03-13 12:29:03,15.08845951,0.0001769,53.2161,149.0239,91.052,269.0675,8.7961e-05,1.112e-05,0.0,0 STARLINK-3958,1 52535U 22051C   24073.52017937  .00001112  00000-0  87961-4 0  9990,2 52535  53.2161 149.0239 0001769  91.0520 269.0675 15.08845951101887,6917.862,95.437,540.951,538.503,0.0
52535.0,STARLINK-3958,PAYLOAD,2024-03-14 04:22:55,15.0884122,0.0001698,53.216,146.0501,83.1706,276.9479,0.00012534,1.707e-05,0.0,0 STARLINK-3958,1 52535U 22051C   24074.18258185  .00001707  00000-0  12534-3 0  9998,2 52535  53.2160 146.0501 0001698  83.1706 276.9479 15.08841220101912,6917.877,95.437,540.916,538.567,0.0
52535.0,STARLINK-3958,PAYLOAD,2024-03-14 12:19:50,15.08845493,0.000171,53.216,144.5633,82.8649,277.2538,0.00017068,2.43e-05,0.0,0 STARLINK-3958,1 52535U 22051C   24074.51377962  .00002430  00000-0  17068-3 0  9991,2 52535  53.2160 144.5633 0001710  82.8649 277.2538 15.08845493101969,6917.864,95.437,540.912,538.546,0.0
52535.0,STARLINK-3958,PAYLOAD,2024-03-15 04:13:42,15.08840133,0.0001768,53.2167,141.5896,82.2058,277.9135,7.28e-05,8.71e-06,0.0,0 STARLINK-3958,1 52535U 22051C   24075.17618317  .00000871  00000-0  72800-4 0  9999,2 52535  53.2167 141.5896 0001768  82.2058 277.9135 15.08840133102131,6917.88,95.438,540.968,538.522,0.0
52535.0,STARLINK-3958,PAYLOAD,2024-03-15 10:35:14,15.08839107,0.0001711,53.2155,140.4004,87.3101,272.8086,4.7394e-05,4.66e-06,0.0,0 STARLINK-3958,1 52535U 22051C   24075.44114339  .00000466  00000-0  47394-4 0  9994,2 52535  53.2155 140.4004 0001711  87.3101 272.8086 15.08839107102105,6917.883,95.438,540.932,538.564,0.0
52535.0,STARLINK-3958,PAYLOAD,2024-03-16 10:26:01,15.08851033,0.0001721,53.2159,135.9399,89.2892,270.8297,0.00020279,2.942e-05,0.0,0 STARLINK-3958,1 52535U 22051C   24076.43473551  .00002942  00000-0  20279-3 0  9991,2 52535  53.2159 135.9399 0001721  89.2892 270.8297 15.08851033102322,6917.847,95.437,540.902,538.521,0.0
52535.0,STARLINK-3958,PAYLOAD,2024-03-16 13:36:47,15.08855431,0.0001737,53.2162,135.3424,93.5568,266.5623,0.00024904,3.679e-05,0.0,0 STARLINK-3958,1 52535U 22051C   24076.56721251  .00003679  00000-0  24904-3 0  9995,2 52535  53.2162 135.3424 0001737  93.5568 266.5623 15.08855431102279,6917.833,95.437,540.9,538.497,0.0
52535.0,STARLINK-3958,PAYLOAD,2024-03-17 03:55:16,15.08832069,0.0001887,53.2173,132.6662,98.6505,261.4701,-6.5393e-05,-1.329e-05,0.0,0 STARLINK-3958,1 52535U 22051C   24077.16338548 -.00001329  00000-0 -65393-4 0  9995,2 52535  53.2173 132.6662 0001887  98.6505 261.4701 15.08832069102439,6917.905,95.438,541.075,538.464,0.0
52535.0,STARLINK-3958,PAYLOAD,2024-03-17 10:16:49,15.08829177,0.0001636,53.2174,131.4768,97.5545,262.5633,-3.2547e-05,-8.06e-06,0.0,0 STARLINK-3958,1 52535U 22051C   24077.42835305 -.00000806  00000-0 -32547-4 0  9991,2 52535  53.2174 131.4768 0001636  97.5545 262.5633 15.08829177102474,6917.913,95.438,540.91,538.647,0.0
52535.0,STARLINK-3958,PAYLOAD,2024-03-18 03:46:03,15.08843323,0.0001539,53.2163,128.2016,111.2854,248.8303,-3.5729e-05,-8.57e-06,0.0,0 STARLINK-3958,1 52535U 22051C   24078.15698550 -.00000857  00000-0 -35729-4 0  9992,2 52535  53.2163 128.2016 0001539 111.2854 248.8303 15.08843323102583,6917.87,95.437,540.8,538.671,0.0
52535.0,STARLINK-3958,PAYLOAD,2024-03-18 13:18:21,15.08850263,0.0001534,53.2158,126.4202,90.8579,269.2589,0.00016859,2.397e-05,0.0,0 STARLINK-3958,1 52535U 22051C   24078.55442059  .00002397  00000-0  16859-3 0  9998,2 52535  53.2158 126.4202 0001534  90.8579 269.2589 15.08850263102578,6917.849,95.437,540.775,538.653,0.0
52535.0,STARLINK-3958,PAYLOAD,2024-03-19 03:36:50,15.08839364,0.0001768,53.2156,123.7423,97.2136,262.9057,0.0002554,3.779e-05,0.0,0 STARLINK-3958,1 52535U 22051C   24079.15058798  .00003779  00000-0  25540-3 0  9990,2 52535  53.2156 123.7423 0001768  97.2136 262.9057 15.08839364102737,6917.882,95.438,540.97,538.524,0.0
52535.0,STARLINK-3958,PAYLOAD,2024-03-19 08:23:00,15.08842519,0.0001683,53.2156,122.85,92.1582,267.9603,0.00025087,3.707e-05,0.0,0 STARLINK-3958,1 52535U 22051C   24079.34930609  .00003707  00000-0  25087-3 0  9998,2 52535  53.2156 122.8500 0001683  92.1582 267.9603 15.08842519102691,6917.873,95.437,540.902,538.573,0.0
52535.0,STARLINK-3958,PAYLOAD,2024-03-20 09:49:10,15.08845802,0.000167,53.2162,118.0959,86.2573,273.8611,3.711e-05,3.03e-06,0.0,0 STARLINK-3958,1 52535U 22051C   24080.40914359  .00000303  00000-0  37110-4 0  9991,2 52535  53.2162 118.0959 0001670  86.2573 273.8611 15.08845802102922,6917.863,95.437,540.883,538.572,0.0
52535.0,STARLINK-3958,PAYLOAD,2024-03-21 01:43:02,15.08834119,0.0001635,53.216,115.1246,70.4319,289.685,2.7671e-05,1.52e-06,0.0,0 STARLINK-3958,1 52535U 22051C   24081.07155153  .00000152  00000-0  27671-4 0  9997,2 52535  53.2160 115.1246 0001635  70.4319 289.6850 15.08834119103022,6917.898,95.438,540.894,538.632,0.0
52535.0,STARLINK-3958,PAYLOAD,2024-03-21 09:39:59,15.08795597,0.0001925,53.2168,113.6363,75.5638,284.5567,0.00052433,8.056e-05,0.0,0 STARLINK-3958,1 52535U 22051C   24081.40277035  .00008056  00000-0  52433-3 0  9992,2 52535  53.2168 113.6363 0001925  75.5638 284.5567 15.08795597103075,6918.016,95.44,541.213,538.549,0.0
52535.0,STARLINK-3958,PAYLOAD,2024-03-22 01:33:49,15.08837973,0.0001912,53.217,110.6622,67.9055,292.214,6.8161e-05,7.97e-06,0.0,0 STARLINK-3958,1 52535U 22051C   24082.06515675  .00000797  00000-0  68161-4 0  9990,2 52535  53.2170 110.6622 0001912  67.9055 292.2140 15.08837973103176,6917.887,95.438,541.074,538.429,0.0
52535.0,STARLINK-3958,PAYLOAD,2024-03-22 09:30:44,15.08848838,0.0002011,53.2173,109.1767,68.5796,291.541,0.00017548,2.506e-05,0.0,0 STARLINK-3958,1 52535U 22051C   24082.39634779  .00002506  00000-0  17548-3 0  9995,2 52535  53.2173 109.1767 0002011  68.5796 291.5410 15.08848838103222,6917.853,95.437,541.11,538.327,0.0
52535.0,STARLINK-3958,PAYLOAD,2024-03-23 01:24:36,15.08834154,0.0001683,53.2172,106.2022,95.8683,264.2501,0.00013556,1.87e-05,0.0,0 STARLINK-3958,1 52535U 22051C   24083.05875900  .00001870  00000-0  13556-3 0  9990,2 52535  53.2172 106.2022 0001683  95.8683 264.2501 15.08834154103320,6917.898,95.438,540.928,538.599,0.0
52535.0,STARLINK-3958,PAYLOAD,2024-03-23 18:53:51,15.08842312,0.0001592,53.2159,102.9314,94.5728,265.5446,0.00016259,2.301e-05,0.0,0 STARLINK-3958,1 52535U 22051C   24083.78739673  .00002301  00000-0  16259-3 0  9999,2 52535  53.2159 102.9314 0001592  94.5728 265.5446 15.08842312103368,6917.873,95.437,540.84,538.637,0.0
52535.0,STARLINK-3958,PAYLOAD,2024-03-24 04:26:09,15.08851102,0.0001564,53.2154,101.1455,93.0805,267.0366,0.00013038,1.788e-05,0.0,0 STARLINK-3958,1 52535U 22051C   24084.18483156  .00001788  00000-0  13038-3 0  9996,2 52535  53.2154 101.1455 0001564  93.0805 267.0366 15.08851102103498,6917.846,95.437,540.793,538.63,0.0
52535.0,STARLINK-3958,PAYLOAD,2024-03-24 10:47:41,15.08861946,0.0001792,53.2159,99.9548,99.2143,260.9052,0.00046372,7.104e-05,0.0,0 STARLINK-3958,1 52535U 22051C   24084.44978710  .00007104  00000-0  46372-3 0  9995,2 52535  53.2159  99.9548 0001792  99.2143 260.9052 15.08861946103464,6917.813,95.436,540.918,538.439,0.0
52535.0,STARLINK-3958,PAYLOAD,2024-03-25 05:52:19,15.08846595,0.0001681,53.2157,96.3871,106.3965,253.7212,0.00027495,4.091e-05,0.0,0 STARLINK-3958,1 52535U 22051C   24085.24467407  .00004091  00000-0  27495-3 0  9997,2 52535  53.2157  96.3871 0001681 106.3965 253.7212 15.08846595103653,6917.86,95.437,540.888,538.562,0.0
52535.0,STARLINK-3958,PAYLOAD,2024-03-25 07:27:42,15.0884729,0.0001423,53.2157,96.0901,94.0713,266.0442,0.00055771,8.601e-05,0.0,0 STARLINK-3958,1 52535U 22051C   24085.31091427  .00008601  00000-0  55771-3 0  9999,2 52535  53.2157  96.0901 0001423  94.0713 266.0442 15.08847290103590,6917.858,95.437,540.708,538.739,0.0
52535.0,STARLINK-3958,PAYLOAD,2024-03-26 05:43:08,15.08830441,0.0001666,53.2163,91.9251,109.8219,250.2953,0.0011685,0.00018353,0.0,0 STARLINK-3958,1 52535U 22051C   24086.23828961  .00018353  00000-0  11685-2 0  9992,2 52535  53.2163  91.9251 0001666 109.8219 250.2953 15.08830441103800,6917.91,95.438,540.927,538.622,0.0
52535.0,STARLINK-3958,PAYLOAD,2024-03-26 07:18:31,15.08836275,0.0001363,53.216,91.6253,89.5136,270.6012,0.00092862,0.0001452,0.0,0 STARLINK-3958,1 52535U 22051C   24086.30452931  .00014520  00000-0  92862-3 0  9999,2 52535  53.2160  91.6253 0001363  89.5136 270.6012 15.08836275103748,6917.892,95.438,540.7,538.814,0.0
52535.0,STARLINK-3958,PAYLOAD,2024-03-26 16:50:50,15.08838486,0.000133,53.2162,89.8418,88.5355,271.579,0.0007407,0.00011519,0.0,0 STARLINK-3958,1 52535U 22051C   24086.70197083  .00011519  00000-0  74070-3 0  9993,2 52535  53.2162  89.8418 0001330  88.5355 271.5790 15.08838486103804,6917.885,95.438,540.67,538.83,0.0
52535.0,STARLINK-3958,PAYLOAD,2024-03-27 05:33:55,15.08854978,0.0001384,53.216,87.4652,103.3389,256.7758,0.00089488,0.00013989,0.0,0 STARLINK-3958,1 52535U 22051C   24087.23188753  .00013989  00000-0  89488-3 0  9998,2 52535  53.2160  87.4652 0001384 103.3389 256.7758 15.08854978103957,6917.835,95.437,540.657,538.742,0.0
52535.0,STARLINK-3958,PAYLOAD,2024-03-27 10:20:04,15.08863696,0.0001372,53.2161,86.5735,106.847,253.2673,0.0010121,0.00015867,0.0,0 STARLINK-3958,1 52535U 22051C   24087.43060423  .00015867  00000-0  10121-2 0  9997,2 52535  53.2161  86.5735 0001372 106.8470 253.2673 15.08863696103917,6917.808,95.436,540.622,538.724,0.0
52535.0,STARLINK-3958,PAYLOAD,2024-03-27 16:41:36,15.08858651,0.0001315,53.2158,85.3816,95.9545,264.1597,0.00056296,8.687e-05,0.0,0 STARLINK-3958,1 52535U 22051C   24087.69556268  .00008687  00000-0  56296-3 0  9998,2 52535  53.2158  85.3816 0001315  95.9545 264.1597 15.08858651103953,6917.823,95.436,540.598,538.779,0.0
52535.0,STARLINK-3958,PAYLOAD,2024-03-28 05:24:41,15.08844607,0.0001653,53.2173,83.0039,95.9831,264.1349,6.249e-06,-1.89e-06,0.0,0 STARLINK-3958,1 52535U 22051C   24088.22548390 -.00000189  00000-0  62490-5 0  9990,2 52535  53.2173  83.0039 0001653  95.9831 264.1349 15.08844607104104,6917.866,95.437,540.875,538.588,0.0
52535.0,STARLINK-3958,PAYLOAD,2024-03-28 08:35:27,15.08850481,0.0001562,53.2172,82.4119,102.449,257.6677,0.00021918,3.203e-05,0.0,0 STARLINK-3958,1 52535U 22051C   24088.35796228  .00003203  00000-0  21918-3 0  9996,2 52535  53.2172  82.4119 0001562 102.4490 257.6677 15.08850481104051,6917.848,95.437,540.794,538.633,0.0
52535.0,STARLINK-3958,PAYLOAD,2024-03-28 16:32:23,15.08847861,0.0001646,53.2171,80.9224,91.1193,268.9988,0.00012,1.623e-05,0.0,0 STARLINK-3958,1 52535U 22051C   24088.68916267  .00001623  00000-0  12000-3 0  9995,2 52535  53.2171  80.9224 0001646  91.1193 268.9988 15.08847861104101,6917.856,95.437,540.86,538.583,0.0
52535.0,STARLINK-3958,PAYLOAD,2024-03-29 08:26:15,15.08844851,0.0001588,53.2181,77.9474,92.2322,267.8852,5.4886e-06,-2.01e-06,0.0,0 STARLINK-3958,1 52535U 22051C   24089.35156302 -.00000201  00000-0  54886-5 0  9998,2 52535  53.2181  77.9474 0001588  92.2322 267.8852 15.08844851104278,6917.866,95.437,540.829,538.632,0.0
52535.0,STARLINK-3958,PAYLOAD,2024-03-29 16:23:10,15.08843232,0.0001601,53.2182,76.4622,97.7876,262.3298,2.0087e-05,3.2e-07,0.0,0 STARLINK-3958,1 52535U 22051C   24089.68276414  .00000032  00000-0  20087-4 0  9997,2 52535  53.2182  76.4622 0001601  97.7876 262.3298 15.08843232104252,6917.871,95.437,540.843,538.628,0.0
52535.0,STARLINK-3958,PAYLOAD,2024-03-30 08:17:01,15.08848104,0.0001384,53.2169,73.4892,95.0015,265.1135,0.00014974,2.096e-05,0.0,0 STARLINK-3958,1 52535U 22051C   24090.34516169  .00002096  00000-0  14974-3 0  9995,2 52535  53.2169  73.4892 0001384  95.0015 265.1135 15.08848104104352,6917.856,95.437,540.678,538.763,0.0
52535.0,STARLINK-3958,PAYLOAD,2024-03-30 16:13:57,15.08845831,0.0001387,53.2174,72.0023,92.8214,267.2937,0.00011903,1.607e-05,0.0,0 STARLINK-3958,1 52535U 22051C   24090.67636178  .00001607  00000-0  11903-3 0  9990,2 52535  53.2174  72.0023 0001387  92.8214 267.2937 15.08845831104478,6917.863,95.437,540.687,538.768,0.0
52535.0,STARLINK-3958,PAYLOAD,2024-03-31 08:07:48,15.0885418,0.0001459,53.2174,69.0281,100.4241,259.6915,0.00028149,4.196e-05,0.0,0 STARLINK-3958,1 52535U 22051C   24091.33875779  .00004196  00000-0  28149-3 0  9992,2 52535  53.2174  69.0281 0001459 100.4241 259.6915 15.08854180104508,6917.837,95.437,540.711,538.693,0.0
52535.0,STARLINK-3958,PAYLOAD,2024-03-31 16:04:44,15.08845157,0.000139,53.2185,67.5428,92.8482,267.2669,0.00014703,2.053e-05,0.0,0 STARLINK-3958,1 52535U 22051C   24091.66996148  .00002053  00000-0  14703-3 0  9993,2 52535  53.2185  67.5428 0001390  92.8482 267.2669 15.08845157104551,6917.865,95.437,540.691,538.768,0.0
52535.0,STARLINK-3958,PAYLOAD,2024-04-01 03:12:26,15.08843715,0.0001423,53.2173,65.4597,101.0322,259.0831,0.00011946,1.614e-05,0.0,0 STARLINK-3958,1 52535U 22051C   24092.13364143  .00001614  00000-0  11946-3 0  9998,2 52535  53.2173  65.4597 0001423 101.0322 259.0831 15.08843715104698,6917.869,95.437,540.718,538.75,0.0
52535.0,STARLINK-3958,PAYLOAD,2024-04-01 07:58:35,15.08847721,0.0001489,53.218,64.5677,101.5512,258.5648,0.00011858,1.6e-05,0.0,0 STARLINK-3958,1 52535U 22051C   24092.33235894  .00001600  00000-0  11858-3 0  9997,2 52535  53.2180  64.5677 0001489 101.5512 258.5648 15.08847721104650,6917.857,95.437,540.752,538.692,0.0
52535.0,STARLINK-3958,PAYLOAD,2024-04-02 04:38:36,15.08841335,0.0001433,53.2176,60.7018,104.5052,255.6099,5.4295e-05,5.76e-06,0.0,0 STARLINK-3958,1 52535U 22051C   24093.19348283  .00000576  00000-0  54295-4 0  9993,2 52535  53.2176  60.7018 0001433 104.5052 255.6099 15.08841335104858,6917.876,95.437,540.733,538.75,0.0
52535.0,STARLINK-3958,PAYLOAD,2024-04-02 07:49:23,15.08843736,0.000136,53.2176,60.1084,102.8361,257.2783,1.686e-05,-2e-07,0.0,0 STARLINK-3958,1 52535U 22051C   24093.32596160 -.00000020  00000-0  16860-4 0  9998,2 52535  53.2176  60.1084 0001360 102.8361 257.2783 15.08843736104808,6917.869,95.437,540.675,538.793,0.0
52535.0,STARLINK-3958,PAYLOAD,2024-04-03 02:54:01,15.08833563,0.0001296,53.2181,56.5412,100.8173,259.2965,7.1256e-05,8.46e-06,0.0,0 STARLINK-3958,1 52535U 22051C   24094.12084915  .00000846  00000-0  71256-4 0  9992,2 52535  53.2181  56.5412 0001296 100.8173 259.2965 15.08833563104996,6917.9,95.438,540.662,538.869,0.0
52535.0,STARLINK-3958,PAYLOAD,2024-04-03 14:01:43,15.08839404,0.0001504,53.2184,54.4602,109.0746,251.0409,5.0498e-05,5.16e-06,0.0,0 STARLINK-3958,1 52535U 22051C   24094.58452707  .00000516  00000-0  50498-4 0  9999,2 52535  53.2184  54.4602 0001504 109.0746 251.0409 15.08839404104999,6917.882,95.438,540.788,538.707,0.0
52535.0,STARLINK-3958,PAYLOAD,2024-04-03 20:23:15,15.08835465,0.00015,53.2186,53.2714,105.0145,255.1013,0.00010593,1.398e-05,0.0,0 STARLINK-3958,1 52535U 22051C   24094.84949032  .00001398  00000-0  10593-3 0  9990,2 52535  53.2186  53.2714 0001500 105.0145 255.1013 15.08835465105032,6917.894,95.438,540.797,538.722,0.0
52535.0,STARLINK-3958,PAYLOAD,2024-04-04 04:20:11,15.08838347,0.0001372,53.218,51.7852,107.8102,252.304,0.00013239,1.82e-05,0.0,0 STARLINK-3958,1 52535U 22051C   24095.18069028  .00001820  00000-0  13239-3 0  9996,2 52535  53.2180  51.7852 0001372 107.8102 252.3040 15.08838347105156,6917.885,95.438,540.7,538.801,0.0
52535.0,STARLINK-3958,PAYLOAD,2024-04-04 13:52:30,15.08841276,0.0001305,53.2181,50.001,101.4943,258.6195,0.00010518,1.386e-05,0.0,0 STARLINK-3958,1 52535U 22051C   24095.57812919  .00001386  00000-0  10518-3 0  9998,2 52535  53.2181  50.0010 0001305 101.4943 258.6195 15.08841276105148,6917.876,95.437,540.644,538.839,0.0
52535.0,STARLINK-3958,PAYLOAD,2024-04-05 05:46:21,15.08844908,0.0001434,53.2178,47.0269,109.8156,250.2991,9.8634e-05,1.282e-05,0.0,0 STARLINK-3958,1 52535U 22051C   24096.24052822  .00001282  00000-0  98634-4 0  9993,2 52535  53.2178  47.0269 0001434 109.8156 250.2991 15.08844908105313,6917.865,95.437,540.722,538.738,0.0
52535.0,STARLINK-3958,PAYLOAD,2024-04-05 13:43:17,15.08831654,0.0001306,53.2177,45.5399,96.6195,263.4945,0.00031436,4.718e-05,0.0,0 STARLINK-3958,1 52535U 22051C   24096.57173432  .00004718  00000-0  31436-3 0  9993,2 52535  53.2177  45.5399 0001306  96.6195 263.4945 15.08831654105299,6917.906,95.438,540.674,538.867,0.0
52535.0,STARLINK-3958,PAYLOAD,2024-04-06 04:01:45,15.08846316,0.0001417,53.2185,42.8635,85.8344,274.281,0.00010264,1.346e-05,0.0,0 STARLINK-3958,1 52535U 22051C   24097.16788769  .00001346  00000-0  10264-3 0  9994,2 52535  53.2185  42.8635 0001417  85.8344 274.2810 15.08846316105450,6917.861,95.437,540.706,538.746,0.0
52535.0,STARLINK-3958,PAYLOAD,2024-04-06 19:55:37,15.08842063,0.0001471,53.218,39.8914,88.1213,271.9948,9.651e-05,1.248e-05,0.0,0 STARLINK-3958,1 52535U 22051C   24097.83028969  .00001248  00000-0  96510-4 0  9997,2 52535  53.2180  39.8914 0001471  88.1213 271.9948 15.08842063105486,6917.874,95.437,540.757,538.721,0.0
52535.0,STARLINK-3958,PAYLOAD,2024-04-07 13:24:51,15.08840716,0.0001341,53.2181,36.6175,94.8814,265.2332,3.2574e-05,2.31e-06,0.0,0 STARLINK-3958,1 52535U 22051C   24098.55893150  .00000231  00000-0  32574-4 0  9990,2 52535  53.2181  36.6175 0001341  94.8814 265.2332 15.08840716105596,6917.878,95.438,540.671,538.816,0.0
52535.0,STARLINK-3958,PAYLOAD,2024-04-08 02:07:56,15.08837894,0.0001384,53.2179,34.2392,93.3384,266.7766,3.3502e-05,2.45e-06,0.0,0 STARLINK-3958,1 52535U 22051C   24099.08885378  .00000245  00000-0  33502-4 0  9999,2 52535  53.2179  34.2392 0001384  93.3384 266.7766 15.08837894105670,6917.887,95.438,540.709,538.794,0.0
52535.0,STARLINK-3958,PAYLOAD,2024-04-08 19:37:11,15.08841594,0.0001728,53.2193,30.9666,106.5419,253.5763,0.00013515,1.864e-05,0.0,0 STARLINK-3958,1 52535U 22051C   24099.81748902  .00001864  00000-0  13515-3 0  9990,2 52535  53.2193  30.9666 0001728 106.5419 253.5763 15.08841594105854,6917.876,95.437,540.936,538.545,0.0
52535.0,STARLINK-3958,PAYLOAD,2024-04-09 00:23:20,15.08846748,0.0001508,53.2194,30.0744,105.8857,254.2302,0.00012788,1.748e-05,0.0,0 STARLINK-3958,1 52535U 22051C   24100.01620561  .00001748  00000-0  12788-3 0  9997,2 52535  53.2194  30.0744 0001508 105.8857 254.2302 15.08846748105816,6917.86,95.437,540.768,538.682,0.0
52535.0,STARLINK-3958,PAYLOAD,2024-04-09 05:09:29,15.08849527,0.0001353,53.2192,29.1839,98.7195,261.3951,0.00017726,2.535e-05,0.0,0 STARLINK-3958,1 52535U 22051C   24100.21492302  .00002535  00000-0  17726-3 0  9991,2 52535  53.2192  29.1839 0001353  98.7195 261.3951 15.08849527105841,6917.851,95.437,540.652,538.78,0.0
52535.0,STARLINK-3958,PAYLOAD,2024-04-09 19:27:58,15.0883954,0.0001428,53.2187,26.5074,92.7441,267.3714,8.8926e-05,1.128e-05,0.0,0 STARLINK-3958,1 52535U 22051C   24100.81109298  .00001128  00000-0  88926-4 0  9994,2 52535  53.2187  26.5074 0001428  92.7441 267.3714 15.08839540106004,6917.882,95.438,540.735,538.759,0.0
52535.0,STARLINK-3958,PAYLOAD,2024-04-09 22:38:44,15.0883828,0.0001419,53.2189,25.9121,93.9689,266.1465,6.0391e-05,6.73e-06,0.0,0 STARLINK-3958,1 52535U 22051C   24100.94357358  .00000673  00000-0  60391-4 0  9990,2 52535  53.2189  25.9121 0001419  93.9689 266.1465 15.08838280105952,6917.886,95.438,540.732,538.769,0.0
52535.0,STARLINK-3958,PAYLOAD,2024-04-10 05:00:17,15.0884285,0.0001392,53.2192,24.7236,86.2421,273.8731,9.5449e-05,1.232e-05,0.0,0 STARLINK-3958,1 52535U 22051C   24101.20853183  .00001232  00000-0  95449-4 0  9991,2 52535  53.2192  24.7236 0001392  86.2421 273.8731 15.08842850105992,6917.872,95.437,540.7,538.774,0.0
52535.0,STARLINK-3958,PAYLOAD,2024-04-10 22:29:32,15.08836401,0.0001301,53.2182,21.4531,80.6557,279.4582,-3.8183e-05,-8.95e-06,0.0,0 STARLINK-3958,1 52535U 22051C   24101.93717608 -.00000895  00000-0 -38183-4 0  9990,2 52535  53.2182  21.4531 0001301  80.6557 279.4582 15.08836401106106,6917.891,95.438,540.656,538.856,0.0
52535.0,STARLINK-3958,PAYLOAD,2024-04-11 04:51:04,15.08842855,0.0001305,53.2181,20.2635,82.1776,277.9364,7.0023e-05,8.27e-06,0.0,0 STARLINK-3958,1 52535U 22051C   24102.20213269  .00000827  00000-0  70023-4 0  9997,2 52535  53.2181  20.2635 0001305  82.1776 277.9364 15.08842855106214,6917.872,95.437,540.639,538.834,0.0
52535.0,STARLINK-3958,PAYLOAD,2024-04-11 22:20:19,15.08837341,0.0001231,53.2182,16.9922,80.3778,279.7353,9.2934e-05,1.191e-05,0.0,0 STARLINK-3958,1 52535U 22051C   24102.93077659  .00001191  00000-0  92934-4 0  9998,2 52535  53.2182  16.9922 0001231  80.3778 279.7353 15.08837341106252,6917.889,95.438,540.605,538.902,0.0
52535.0,STARLINK-3958,PAYLOAD,2024-04-12 04:41:51,15.08844895,0.0001314,53.2181,15.8038,86.6877,273.4265,0.00019046,2.745e-05,0.0,0 STARLINK-3958,1 52535U 22051C   24103.19573324  .00002745  00000-0  19046-3 0  9995,2 52535  53.2181  15.8038 0001314  86.6877 273.4265 15.08844895106297,6917.865,95.437,540.639,538.821,0.0
52535.0,STARLINK-3958,PAYLOAD,2024-04-12 22:11:06,15.08829753,0.0001916,53.217,12.5332,120.6117,239.5064,0.00037493,5.682e-05,0.0,0 STARLINK-3958,1 52535U 22051C   24103.92437998  .00005682  00000-0  37493-3 0  9991,2 52535  53.2170  12.5332 0001916 120.6117 239.5064 15.08829753106409,6917.912,95.438,541.102,538.451,0.0
52535.0,STARLINK-3958,PAYLOAD,2024-04-13 02:57:15,15.08847184,0.0001505,53.2188,11.6399,80.5376,279.5786,0.00010975,1.459e-05,0.0,0 STARLINK-3958,1 52535U 22051C   24104.12309237  .00001459  00000-0  10975-3 0  9992,2 52535  53.2188  11.6399 0001505  80.5376 279.5786 15.08847184106500,6917.858,95.437,540.765,538.682,0.0
52535.0,STARLINK-3958,PAYLOAD,2024-04-14 02:48:02,15.08846024,0.0001532,53.2181,7.1813,99.3874,260.7291,0.00011612,1.561e-05,0.0,0 STARLINK-3958,1 52535U 22051C   24105.11669382  .00001561  00000-0  11612-3 0  9995,2 52535  53.2181   7.1813 0001532  99.3874 260.7291 15.08846024106656,6917.862,95.437,540.787,538.667,0.0
52535.0,STARLINK-3958,PAYLOAD,2024-04-14 21:52:40,15.08843687,0.0001876,53.2205,3.6037,70.2379,289.8815,8.0965e-05,1.001e-05,0.0,0 STARLINK-3958,1 52535U 22051C   24105.91157812  .00001001  00000-0  80965-4 0  9990,2 52535  53.2205   3.6037 0001876  70.2379 289.8815 15.08843687106703,6917.869,95.437,541.032,538.436,0.0
52535.0,STARLINK-3958,PAYLOAD,2024-04-14 23:28:03,15.08844892,0.0001989,53.2205,3.3064,66.3707,293.7494,0.00010239,1.342e-05,0.0,0 STARLINK-3958,1 52535U 22051C   24105.97781803  .00001342  00000-0  10239-3 0  9993,2 52535  53.2205   3.3064 0001989  66.3707 293.7494 15.08844892106780,6917.865,95.437,541.106,538.354,0.0
52535.0,STARLINK-3958,PAYLOAD,2024-04-15 21:43:26,15.08849198,0.0001611,53.219,359.1516,110.3763,249.7403,0.00010194,1.335e-05,0.0,0 STARLINK-3958,1 52535U 22051C   24106.90517318  .00001335  00000-0  10194-3 0  9997,2 52535  53.2190 359.1516 0001611 110.3763 249.7403 15.08849198106854,6917.852,95.437,540.832,538.603,0.0
52535.0,STARLINK-3958,PAYLOAD,2024-04-15 23:18:50,15.08849621,0.0001586,53.219,358.8544,111.8301,248.286,0.00011277,1.508e-05,0.0,0 STARLINK-3958,1 52535U 22051C   24106.97141260  .00001508  00000-0  11277-3 0  9998,2 52535  53.2190 358.8544 0001586 111.8301 248.2860 15.08849621106869,6917.851,95.437,540.813,538.619,0.0
52535.0,STARLINK-3958,PAYLOAD,2024-04-16 19:58:50,15.08849191,0.0001532,53.218,354.9883,116.6625,243.4524,0.00012955,1.775e-05,0.0,0 STARLINK-3958,1 52535U 22051C   24107.83253018  .00001775  00000-0  12955-3 0  9999,2 52535  53.2180 354.9883 0001532 116.6625 243.4524 15.08849191107063,6917.852,95.437,540.777,538.657,0.0
52535.0,STARLINK-3958,PAYLOAD,2024-04-16 21:34:13,15.08851006,0.0001548,53.2187,354.6917,97.0227,263.0941,0.00018126,2.599e-05,0.0,0 STARLINK-3958,1 52535U 22051C   24107.89877028  .00002599  00000-0  18126-3 0  9999,2 52535  53.2187 354.6917 0001548  97.0227 263.0941 15.08851006107005,6917.847,95.437,540.783,538.641,0.0
52535.0,STARLINK-3958,PAYLOAD,2024-04-16 23:09:36,15.08859361,0.0001473,53.2188,354.3944,107.885,252.2303,0.00018767,2.702e-05,0.0,0 STARLINK-3958,1 52535U 22051C   24107.96500495  .00002702  00000-0  18767-3 0  9995,2 52535  53.2188 354.3944 0001473 107.8850 252.2303 15.08859361107084,6917.821,95.436,540.705,538.667,0.0
52535.0,STARLINK-3958,PAYLOAD,2024-04-17 19:49:39,15.08825015,0.0001368,53.2166,350.5285,93.8737,266.2411,-9.3302e-05,-1.772e-05,0.0,0 STARLINK-3958,1 52535U 22051C   24108.82614794 -.00001772  00000-0 -93302-4 0  9996,2 52535  53.2166 350.5285 0001368  93.8737 266.2411 15.08825015107216,6917.926,95.439,540.738,538.845,0.0
52535.0,STARLINK-3958,PAYLOAD,2024-04-17 21:25:02,15.0882207,0.0001324,53.2166,350.2311,90.831,269.2834,-0.00016609,-2.929e-05,0.0,0 STARLINK-3958,1 52535U 22051C   24108.89238780 -.00002929  00000-0 -16609-3 0  9999,2 52535  53.2166 350.2311 0001324  90.8310 269.2834 15.08822070107152,6917.935,95.439,540.716,538.884,0.0
52535.0,STARLINK-3958,PAYLOAD,2024-04-17 23:00:25,15.08822406,0.0001392,53.217,349.9329,96.3229,263.7922,-0.00017856,-3.127e-05,0.0,0 STARLINK-3958,1 52535U 22051C   24108.95862797 -.00003127  00000-0 -17856-3 0  9993,2 52535  53.2170 349.9329 0001392  96.3229 263.7922 15.08822406107167,6917.934,95.439,540.762,538.836,0.0
52535.0,STARLINK-3958,PAYLOAD,2024-04-18 21:15:49,15.08838529,0.0001896,53.218,345.7702,62.9115,297.207,-3.5478e-06,-3.45e-06,0.0,0 STARLINK-3958,1 52535U 22051C   24109.88598680 -.00000345  00000-0 -35478-5 0  9994,2 52535  53.2180 345.7702 0001896  62.9115 297.2070 15.08838529107371,6917.885,95.438,541.062,538.438,0.0
52535.0,STARLINK-3958,PAYLOAD,2024-04-19 00:26:34,15.08857366,0.0001448,53.218,345.1751,101.4899,258.6256,0.00027638,4.115e-05,0.0,0 STARLINK-3958,1 52535U 22051C   24110.01845636  .00004115  00000-0  27638-3 0  9991,2 52535  53.2180 345.1751 0001448 101.4899 258.6256 15.08857366107399,6917.827,95.436,540.694,538.691,0.0
52535.0,STARLINK-3958,PAYLOAD,2024-04-19 21:06:36,15.08847269,0.0001809,53.2186,341.3115,98.0403,262.0794,0.00040301,6.133e-05,0.0,0 STARLINK-3958,1 52535U 22051C   24110.87958682  .00006133  00000-0  40301-3 0  9995,2 52535  53.2186 341.3115 0001809  98.0403 262.0794 15.08847269107522,6917.858,95.437,540.975,538.472,0.0
52535.0,STARLINK-3958,PAYLOAD,2024-04-19 22:41:58,15.08863466,0.0001488,53.2177,341.011,90.3543,269.762,0.00057763,8.923e-05,0.0,0 STARLINK-3958,1 52535U 22051C   24110.94581869  .00008923  00000-0  57763-3 0  9991,2 52535  53.2177 341.0110 0001488  90.3543 269.7620 15.08863466107469,6917.809,95.436,540.703,538.644,0.0
52535.0,STARLINK-3958,PAYLOAD,2024-04-20 00:17:21,15.08869782,0.0001496,53.2174,340.7142,103.0396,257.0763,0.00067564,0.0001049,0.0,0 STARLINK-3958,1 52535U 22051C   24111.01205715  .00010490  00000-0  67564-3 0  9995,2 52535  53.2174 340.7142 0001496 103.0396 257.0763 15.08869782107548,6917.789,95.436,540.689,538.619,0.0
52535.0,STARLINK-3958,PAYLOAD,2024-04-20 14:35:50,15.08839615,0.0001676,53.2187,338.0394,108.1611,251.9564,-0.00025902,-4.408e-05,0.0,0 STARLINK-3958,1 52535U 22051C   24111.60822333 -.00004408  00000-0 -25902-3 0  9995,2 52535  53.2187 338.0394 0001676 108.1611 251.9564 15.08839615107563,6917.882,95.438,540.906,538.587,0.0
52535.0,STARLINK-3958,PAYLOAD,2024-04-20 20:57:23,15.0883734,0.0001548,53.2178,336.8491,112.8467,247.2688,-0.00022965,-3.941e-05,0.0,0 STARLINK-3958,1 52535U 22051C   24111.87318387 -.00003941  00000-0 -22965-3 0  9990,2 52535  53.2178 336.8491 0001548 112.8467 247.2688 15.08837340107676,6917.889,95.438,540.824,538.683,0.0
52535.0,STARLINK-3958,PAYLOAD,2024-04-21 00:08:09,15.0883981,0.0001486,53.2184,336.256,96.3925,263.7236,-0.00010626,-1.979e-05,0.0,0 STARLINK-3958,1 52535U 22051C   24112.00566505 -.00001979  00000-0 -10626-3 0  9993,2 52535  53.2184 336.2560 0001486  96.3925 263.7236 15.08839810107621,6917.881,95.438,540.774,538.718,0.0
52535.0,STARLINK-3958,PAYLOAD,2024-04-21 22:23:33,15.08856337,0.0001246,53.2178,332.0931,89.2405,270.873,0.00036357,5.506e-05,0.0,0 STARLINK-3958,1 52535U 22051C   24112.93302270  .00005506  00000-0  36357-3 0  9999,2 52535  53.2178 332.0931 0001246  89.2405 270.8730 15.08856337107764,6917.83,95.437,540.557,538.833,0.0
52535.0,STARLINK-3958,PAYLOAD,2024-04-22 20:38:57,15.08842347,0.0001273,53.219,327.9301,87.2358,272.878,0.00027053,4.02e-05,0.0,0 STARLINK-3958,1 52535U 22051C   24113.86039115  .00004020  00000-0  27053-3 0  9990,2 52535  53.2190 327.9301 0001273  87.2358 272.8780 15.08842347107973,6917.873,95.437,540.619,538.858,0.0
52535.0,STARLINK-3958,PAYLOAD,2024-04-22 23:49:43,15.08846979,0.0001282,53.2187,327.3293,98.1692,261.9446,0.00031457,4.723e-05,0.0,0 STARLINK-3958,1 52535U 22051C   24113.99286883  .00004723  00000-0  31457-3 0  9993,2 52535  53.2187 327.3293 0001282  98.1692 261.9446 15.08846979107923,6917.859,95.437,540.611,538.837,0.0
52535.0,STARLINK-3958,PAYLOAD,2024-04-23 20:29:44,15.08840562,0.0001426,53.2176,323.4714,64.6829,295.431,3.0282e-05,1.94e-06,0.0,0 STARLINK-3958,1 52535U 22051C   24114.85399210  .00000194  00000-0  30282-4 0  9992,2 52535  53.2176 323.4714 0001426  64.6829 295.4310 15.08840562108123,6917.879,95.438,540.73,538.757,0.0
52535.0,STARLINK-3958,PAYLOAD,2024-04-24 18:45:08,15.08846346,0.0001193,53.2185,319.3083,91.8595,268.2534,0.00012864,1.76e-05,0.0,0 STARLINK-3958,1 52535U 22051C   24115.78135155  .00001760  00000-0  12864-3 0  9996,2 52535  53.2185 319.3083 0001193  91.8595 268.2534 15.08846346108198,6917.861,95.437,540.551,538.901,0.0
52535.0,STARLINK-3958,PAYLOAD,2024-04-25 18:35:56,15.08840299,0.0001137,53.2189,314.8545,77.1997,282.9122,6.2569e-05,7.08e-06,0.0,0 STARLINK-3958,1 52535U 22051C   24116.77495578  .00000708  00000-0  62569-4 0  9993,2 52535  53.2189 314.8545 0001137  77.1997 282.9122 15.08840299108418,6917.879,95.438,540.531,538.958,0.0
52535.0,STARLINK-3958,PAYLOAD,2024-04-26 05:43:37,15.08846972,0.0001305,53.2188,312.7582,65.9321,294.1807,0.00011415,1.53e-05,0.0,0 STARLINK-3958,1 52535U 22051C   24117.23862965  .00001530  00000-0  11415-3 0  9990,2 52535  53.2188 312.7582 0001305  65.9321 294.1807 15.08846972108417,6917.859,95.437,540.627,538.821,0.0
52535.0,STARLINK-3958,PAYLOAD,2024-04-26 16:51:20,15.08833873,0.00012,53.2187,310.6835,89.0018,271.1112,-1.6392e-05,-5.49e-06,0.0,0 STARLINK-3958,1 52535U 22051C   24117.70231720 -.00000549  00000-0 -16392-4 0  9992,2 52535  53.2187 310.6835 0001200  89.0018 271.1112 15.08833873108485,6917.899,95.438,540.594,538.934,0.0
52535.0,STARLINK-3958,PAYLOAD,2024-04-27 05:34:24,15.08846857,0.0001163,53.2171,308.298,58.2001,301.9104,0.00019122,2.757e-05,0.0,0 STARLINK-3958,1 52535U 22051C   24118.23223083  .00002757  00000-0  19122-3 0  9998,2 52535  53.2171 308.2980 0001163  58.2001 301.9104 15.08846857108636,6917.859,95.437,540.529,538.92,0.0
52535.0,STARLINK-3958,PAYLOAD,2024-04-27 19:52:53,15.08840353,0.000118,53.2183,305.6271,93.1573,266.9554,4.4671e-05,4.23e-06,0.0,0 STARLINK-3958,1 52535U 22051C   24118.82839699  .00000423  00000-0  44671-4 0  9995,2 52535  53.2183 305.6271 0001180  93.1573 266.9554 15.08840353108728,6917.879,95.438,540.561,538.928,0.0
52535.0,STARLINK-3958,PAYLOAD,2024-04-27 21:28:16,15.08845017,0.000134,53.2197,305.3316,103.4368,256.6773,0.00010001,1.304e-05,0.0,0 STARLINK-3958,1 52535U 22051C   24118.89463292  .00001304  00000-0  10001-3 0  9992,2 52535  53.2197 305.3316 0001340 103.4368 256.6773 15.08845017108669,6917.865,95.437,540.657,538.803,0.0
52535.0,STARLINK-3958,PAYLOAD,2024-04-28 11:46:45,15.0883195,0.0001336,53.218,302.6545,91.7866,268.3279,7.4687e-05,9.01e-06,0.0,0 STARLINK-3958,1 52535U 22051C   24119.49080377  .00000901  00000-0  74687-4 0  9991,2 52535  53.2180 302.6545 0001336  91.7866 268.3279 15.08831950108822,6917.905,95.438,540.694,538.846,0.0
52535.0,STARLINK-3958,PAYLOAD,2024-04-28 19:43:41,15.08836694,0.0001082,53.2179,301.1678,82.6986,277.4129,-1.0556e-05,-4.56e-06,0.0,0 STARLINK-3958,1 52535U 22051C   24119.82200323 -.00000456  00000-0 -10556-4 0  9995,2 52535  53.2179 301.1678 0001082  82.6986 277.4129 15.08836694108804,6917.89,95.438,540.504,539.007,0.0
52535.0,STARLINK-3958,PAYLOAD,2024-04-29 05:15:59,15.0883965,0.0001207,53.2182,299.3824,78.9958,281.117,1.4743e-05,-5.3e-07,0.0,0 STARLINK-3958,1 52535U 22051C   24120.21944130 -.00000053  00000-0  14743-4 0  9995,2 52535  53.2182 299.3824 0001207  78.9958 281.1170 15.08839650108864,6917.881,95.438,540.581,538.911,0.0
52535.0,STARLINK-3958,PAYLOAD,2024-04-29 19:34:27,15.08847563,0.0001008,53.2179,296.7052,86.5943,273.5165,4.9385e-05,4.98e-06,0.0,0 STARLINK-3958,1 52535U 22051C   24120.81559572  .00000498  00000-0  49385-4 0  9995,2 52535  53.2179 296.7052 0001008  86.5943 273.5165 15.08847563109022,6917.857,95.437,540.42,539.025,0.0
52535.0,STARLINK-3958,PAYLOAD,2024-04-30 05:06:46,15.08846278,9.52e-05,53.2179,294.9213,94.191,265.9191,6.8159e-05,7.97e-06,0.0,0 STARLINK-3958,1 52535U 22051C   24121.21303454  .00000797  00000-0  68159-4 0  9998,2 52535  53.2179 294.9213 0000952  94.1910 265.9191 15.08846278109012,6917.861,95.437,540.385,539.068,0.0
52535.0,STARLINK-3958,PAYLOAD,2024-04-30 17:49:51,15.08842843,0.0001084,53.2178,292.5425,84.07,276.0415,0.00010682,1.413e-05,0.0,0 STARLINK-3958,1 52535U 22051C   24121.74295746  .00001413  00000-0  10682-3 0  9993,2 52535  53.2178 292.5425 0001084  84.0700 276.0415 15.08842843109164,6917.872,95.437,540.487,538.987,0.0
52535.0,STARLINK-3958,PAYLOAD,2024-05-01 11:19:06,15.08833497,0.0001149,53.2177,289.2701,93.8118,266.3005,0.00022461,3.288e-05,0.0,0 STARLINK-3958,1 52535U 22051C   24122.47159880  .00003288  00000-0  22461-3 0  9992,2 52535  53.2177 289.2701 0001149  93.8118 266.3005 15.08833497109203,6917.9,95.438,540.56,538.97,0.0
52535.0,STARLINK-3958,PAYLOAD,2024-05-01 17:40:38,15.08843476,8.59e-05,53.217,288.0824,82.0422,278.0668,8.6368e-05,1.087e-05,0.0,0 STARLINK-3958,1 52535U 22051C   24122.73655392  .00001087  00000-0  86368-4 0  9992,2 52535  53.2170 288.0824 0000859  82.0422 278.0668 15.08843476109241,6917.87,95.437,540.329,539.141,0.0
52535.0,STARLINK-3958,PAYLOAD,2024-05-02 11:09:53,15.08838226,9.47e-05,53.2161,284.8114,82.4738,277.6362,-1.8927e-06,-3.18e-06,0.0,0 STARLINK-3958,1 52535U 22051C   24123.46519862 -.00000318  00000-0 -18927-5 0  9999,2 52535  53.2161 284.8114 0000947  82.4738 277.6362 15.08838226109422,6917.886,95.438,540.406,539.096,0.0
52535.0,STARLINK-3958,PAYLOAD,2024-05-02 14:20:39,15.08836871,9.58e-05,53.2162,284.2164,83.1191,276.9911,-1.6679e-05,-5.53e-06,0.0,0 STARLINK-3958,1 52535U 22051C   24123.59767971 -.00000553  00000-0 -16679-4 0  9991,2 52535  53.2162 284.2164 0000958  83.1191 276.9911 15.08836871109375,6917.89,95.438,540.418,539.092,0.0
52535.0,STARLINK-3958,PAYLOAD,2024-05-03 11:00:39,15.08843965,0.0001005,53.2161,280.3503,79.6435,280.4671,4.9189e-05,4.95e-06,0.0,0 STARLINK-3958,1 52535U 22051C   24124.45879180  .00000495  00000-0  49189-4 0  9998,2 52535  53.2161 280.3503 0001005  79.6435 280.4671 15.08843965109570,6917.868,95.437,540.429,539.038,0.0
52535.0,STARLINK-3958,PAYLOAD,2024-05-03 14:11:25,15.0884827,0.0001073,53.2166,279.7559,80.5955,279.5159,7.3264e-05,8.79e-06,0.0,0 STARLINK-3958,1 52535U 22051C   24124.59126792  .00000879  00000-0  73264-4 0  9994,2 52535  53.2166 279.7559 0001073  80.5955 279.5159 15.08848270109520,6917.855,95.437,540.462,538.978,0.0
52535.0,STARLINK-3958,PAYLOAD,2024-05-03 17:22:11,15.08851124,0.0001118,53.2175,279.1616,76.6084,283.5032,0.00012944,1.773e-05,0.0,0 STARLINK-3958,1 52535U 22051C   24124.72374428  .00001773  00000-0  12944-3 0  9991,2 52535  53.2175 279.1616 0001118  76.6084 283.5032 15.08851124109614,6917.846,95.437,540.485,538.938,0.0
52535.0,STARLINK-3958,PAYLOAD,2024-05-04 02:54:30,15.08839604,9.14e-05,53.2165,277.3755,69.5594,290.5496,7.2911e-05,8.73e-06,0.0,0 STARLINK-3958,1 52535U 22051C   24125.12119164  .00000873  00000-0  72911-4 0  9991,2 52535  53.2165 277.3755 0000914  69.5594 290.5496 15.08839604109674,6917.882,95.438,540.379,539.114,0.0
52535.0,STARLINK-3958,PAYLOAD,2024-05-04 09:16:04,15.0883435,0.0001174,53.2177,276.1918,101.7908,258.3216,4.6568e-05,4.53e-06,0.0,0 STARLINK-3958,1 52535U 22051C   24125.38615748  .00000453  00000-0  46568-4 0  9991,2 52535  53.2177 276.1918 0001174 101.7908 258.3216 15.08834350109712,6917.898,95.438,540.575,538.95,0.0
52535.0,STARLINK-3958,PAYLOAD,2024-05-04 17:13:00,15.08828413,0.0001,53.2172,274.7019,96.8574,263.2531,-2.0611e-05,-6.16e-06,0.0,0 STARLINK-3958,1 52535U 22051C   24125.71736547 -.00000616  00000-0 -20611-4 0  9993,2 52535  53.2172 274.7019 0001000  96.8574 263.2531 15.08828413109767,6917.916,95.438,540.473,539.089,0.0
52535.0,STARLINK-3958,PAYLOAD,2024-05-05 02:45:18,15.08835966,0.0001049,53.2177,272.9174,92.8935,267.2177,1.6251e-05,-2.9e-07,0.0,0 STARLINK-3958,1 52535U 22051C   24126.11480141 -.00000029  00000-0  16251-4 0  9996,2 52535  53.2177 272.9174 0001049  92.8935 267.2177 15.08835966109822,6917.893,95.438,540.483,539.032,0.0
52535.0,STARLINK-3958,PAYLOAD,2024-05-05 13:53:00,15.08846047,0.000126,53.2192,270.8366,106.6895,253.4236,2.4635e-05,1.04e-06,0.0,0 STARLINK-3958,1 52535U 22051C   24126.57847582  .00000104  00000-0  24635-4 0  9990,2 52535  53.2192 270.8366 0001260 106.6895 253.4236 15.08846047109828,6917.862,95.437,540.599,538.855,0.0
52535.0,STARLINK-3958,PAYLOAD,2024-05-05 17:03:46,15.08850413,0.0001138,53.2186,270.242,100.201,259.9111,3.7749e-05,3.13e-06,0.0,0 STARLINK-3958,1 52535U 22051C   24126.71095265  .00000313  00000-0  37749-4 0  9991,2 52535  53.2186 270.2420 0001138 100.2010 259.9111 15.08850413109914,6917.849,95.437,540.501,538.926,0.0
52535.0,STARLINK-3958,PAYLOAD,2024-05-06 13:43:47,15.08836243,8.42e-05,53.2169,266.3732,81.8916,278.2172,0.00014625,2.04e-05,0.0,0 STARLINK-3958,1 52535U 22051C   24127.57207885  .00002040  00000-0  14625-3 0  9995,2 52535  53.2169 266.3732 0000842  81.8916 278.2172 15.08836243109979,6917.892,95.438,540.339,539.174,0.0
52535.0,STARLINK-3958,PAYLOAD,2024-05-06 16:54:33,15.08840497,0.000101,53.2171,265.7813,88.13,271.9808,0.00021695,3.167e-05,0.0,0 STARLINK-3958,1 52535U 22051C   24127.70455554  .00003167  00000-0  21695-3 0  9994,2 52535  53.2171 265.7813 0001010  88.1300 271.9808 15.08840497110064,6917.879,95.438,540.443,539.045,0.0
52535.0,STARLINK-3958,PAYLOAD,2024-05-07 13:34:35,15.08839948,0.0001259,53.2193,261.9157,75.7207,284.3925,2.1842e-05,6e-07,0.0,0 STARLINK-3958,1 52535U 22051C   24128.56568288  .00000060  00000-0  21842-4 0  9992,2 52535  53.2193 261.9157 0001259  75.7207 284.3925 15.08839948110191,6917.881,95.438,540.617,538.875,0.0
52535.0,STARLINK-3958,PAYLOAD,2024-05-07 15:09:58,15.08842078,0.0001237,53.2187,261.6177,76.9507,283.1623,4.631e-06,-2.14e-06,0.0,0 STARLINK-3958,1 52535U 22051C   24128.63192163 -.00000214  00000-0  46310-5 0  9995,2 52535  53.2187 261.6177 0001237  76.9507 283.1623 15.08842078110139,6917.874,95.437,540.595,538.883,0.0
52535.0,STARLINK-3958,PAYLOAD,2024-05-08 13:25:21,15.08840726,0.0001205,53.2177,257.4549,79.3062,280.8065,5.799e-05,6.35e-06,0.0,0 STARLINK-3958,1 52535U 22051C   24129.55928084  .00000635  00000-0  57990-4 0  9997,2 52535  53.2177 257.4549 0001205  79.3062 280.8065 15.08840726110279,6917.878,95.438,540.577,538.91,0.0
52535.0,STARLINK-3958,PAYLOAD,2024-05-08 15:00:44,15.08847733,0.0001168,53.2176,257.1569,88.4113,271.7013,-7.8256e-06,-4.12e-06,0.0,0 STARLINK-3958,1 52535U 22051C   24129.62551728 -.00000412  00000-0 -78256-5 0  9996,2 52535  53.2176 257.1569 0001168  88.4113 271.7013 15.08847733110359,6917.857,95.437,540.53,538.914,0.0
52535.0,STARLINK-3958,PAYLOAD,2024-05-09 13:16:09,15.08838659,9.4e-05,53.2165,252.9926,102.3498,257.76,6.8801e-05,8.07e-06,0.0,0 STARLINK-3958,1 52535U 22051C   24130.55288271  .00000807  00000-0  68801-4 0  9990,2 52535  53.2165 252.9926 0000940 102.3498 257.7600 15.08838659110494,6917.884,95.438,540.4,539.099,0.0
52535.0,STARLINK-3958,PAYLOAD,2024-05-09 14:51:32,15.08840982,9.73e-05,53.2172,252.6956,98.6613,261.4489,0.00010695,1.415e-05,0.0,0 STARLINK-3958,1 52535U 22051C   24130.61912064  .00001415  00000-0  10695-3 0  9994,2 52535  53.2172 252.6956 0000973  98.6613 261.4489 15.08840982110437,6917.877,95.437,540.415,539.069,0.0
52535.0,STARLINK-3958,PAYLOAD,2024-05-10 13:06:56,15.08835767,9.02e-05,53.2169,248.5321,92.7849,267.3247,0.00011716,1.577e-05,0.0,0 STARLINK-3958,1 52535U 22051C   24131.54648805  .00001577  00000-0  11716-3 0  9990,2 52535  53.2169 248.5321 0000902  92.7849 267.3247 15.08835767110646,6917.893,95.438,540.382,539.134,0.0
52535.0,STARLINK-3958,PAYLOAD,2024-05-11 12:57:38,15.08939959,0.0001256,53.2178,244.0713,62.1741,297.9379,0.0014115,0.00022309,0.0,0 STARLINK-3958,1 52535U 22051C   24132.54002918  .00022309  00000-0  14115-2 0  9991,2 52535  53.2178 244.0713 0001256  62.1741 297.9379 15.08939959110796,6917.575,95.431,540.309,538.571,0.0
52535.0,STARLINK-3958,PAYLOAD,2024-05-11 20:54:42,15.08741105,0.0001119,53.2175,242.5861,117.7117,242.3989,-0.0015588,-0.00024943,0.0,0 STARLINK-3958,1 52535U 22051C   24132.87132097 -.00024943  00000-0 -15588-2 0  9992,2 52535  53.2175 242.5861 0001119 117.7117 242.3989 15.08741105110843,6918.183,95.444,540.822,539.274,0.0
52535.0,STARLINK-3958,PAYLOAD,2024-05-12 00:05:30,15.08714485,0.0001042,53.2174,241.9911,103.0021,257.1088,-0.0018075,-0.0002884,0.0,0 STARLINK-3958,1 52535U 22051C   24133.00382381 -.00028840  00000-0 -18075-2 0  9995,2 52535  53.2174 241.9911 0001042 103.0021 257.1088 15.08714485110865,6918.264,95.445,540.85,539.408,0.0
52535.0,STARLINK-3958,PAYLOAD,2024-05-12 14:23:55,15.08821228,0.0001208,53.2174,239.3152,89.484,270.629,-7.4329e-05,-1.47e-05,0.0,0 STARLINK-3958,1 52535U 22051C   24133.59995180 -.00001470  00000-0 -74329-4 0  9992,2 52535  53.2174 239.3152 0001208  89.4840 270.6290 15.08821228110952,6917.938,95.439,540.638,538.967,0.0
52535.0,STARLINK-3958,PAYLOAD,2024-05-12 15:59:19,15.0882095,0.0001203,53.2169,239.0179,90.583,269.53,-6.2006e-05,-1.274e-05,0.0,0 STARLINK-3958,1 52535U 22051C   24133.66619310 -.00001274  00000-0 -62006-4 0  9999,2 52535  53.2169 239.0179 0001203  90.5830 269.5300 15.08820950110892,6917.939,95.439,540.636,538.971,0.0
52535.0,STARLINK-3958,PAYLOAD,2024-05-12 23:56:15,15.08821554,0.000119,53.2169,237.531,84.6522,275.4606,-3.5518e-05,-8.53e-06,0.0,0 STARLINK-3958,1 52535U 22051C   24133.99739754 -.00000853  00000-0 -35518-4 0  9990,2 52535  53.2169 237.5310 0001190  84.6522 275.4606 15.08821554110941,6917.937,95.439,540.625,538.979,0.0
52535.0,STARLINK-3958,PAYLOAD,2024-05-14 12:30:05,15.0886013,0.0001113,53.2152,230.6901,79.2357,280.8761,0.00056014,8.643e-05,0.0,0 STARLINK-3958,1 52535U 22051C   24135.52090027  .00008643  00000-0  56014-3 0  9990,2 52535  53.2152 230.6901 0001113  79.2357 280.8761 15.08860130111243,6917.819,95.436,540.454,538.914,0.0
52535.0,STARLINK-3958,PAYLOAD,2024-05-15 05:59:19,15.08863188,0.0001289,53.2165,227.42,89.1997,270.9143,4.0017e-05,3.49e-06,0.0,0 STARLINK-3958,1 52535U 22051C   24136.24953388  .00000349  00000-0  40017-4 0  9990,2 52535  53.2165 227.4200 0001289  89.1997 270.9143 15.08863188111359,6917.81,95.436,540.566,538.783,0.0
52535.0,STARLINK-3958,PAYLOAD,2024-05-15 12:20:51,15.08877044,0.0001661,53.2177,226.2304,111.7864,248.3305,-2.1317e-05,-6.28e-06,0.0,0 STARLINK-3958,1 52535U 22051C   24136.51448421 -.00000628  00000-0 -21317-4 0  9991,2 52535  53.2177 226.2304 0001661 111.7864 248.3305 15.08877044111392,6917.767,95.435,540.781,538.483,0.0
52535.0,STARLINK-3958,PAYLOAD,2024-05-15 15:31:37,15.08883967,0.0001412,53.2166,225.6335,111.7425,248.3718,4.6084e-05,4.46e-06,0.0,0 STARLINK-3958,1 52535U 22051C   24136.64695752  .00000446  00000-0  46084-4 0  9990,2 52535  53.2166 225.6335 0001412 111.7425 248.3718 15.08883967111348,6917.746,95.435,540.588,538.634,0.0
52535.0,STARLINK-3958,PAYLOAD,2024-05-16 05:50:06,15.08853259,0.0001546,53.2164,222.9584,91.658,268.459,-0.00025685,-4.375e-05,0.0,0 STARLINK-3958,1 52535U 22051C   24137.24312631 -.00004375  00000-0 -25685-3 0  9999,2 52535  53.2164 222.9584 0001546  91.6580 268.4590 15.08853259111508,6917.84,95.437,540.774,538.635,0.0
52535.0,STARLINK-3958,PAYLOAD,2024-05-16 12:11:38,15.08857405,0.000156,53.2169,221.7692,91.4279,268.6892,-0.00013415,-2.423e-05,0.0,0 STARLINK-3958,1 52535U 22051C   24137.50808216 -.00002423  00000-0 -13415-3 0  9997,2 52535  53.2169 221.7692 0001560  91.4279 268.6892 15.08857405111479,6917.827,95.436,540.771,538.613,0.0
52535.0,STARLINK-3958,PAYLOAD,2024-05-16 15:22:24,15.08865885,0.0001604,53.2166,221.1718,104.8234,255.2936,-2.417e-05,-6.73e-06,0.0,0 STARLINK-3958,1 52535U 22051C   24137.64055594 -.00000673  00000-0 -24170-4 0  9991,2 52535  53.2166 221.1718 0001604 104.8234 255.2936 15.08865885111560,6917.801,95.436,540.776,538.557,0.0
52535.0,STARLINK-3958,PAYLOAD,2024-05-17 12:02:24,15.08858173,0.0001491,53.2169,217.308,94.1552,265.9611,0.00010719,1.419e-05,0.0,0 STARLINK-3958,1 52535U 22051C   24138.50167456  .00001419  00000-0  10719-3 0  9998,2 52535  53.2169 217.3080 0001491  94.1552 265.9611 15.08858173111694,6917.825,95.436,540.721,538.658,0.0
52535.0,STARLINK-3958,PAYLOAD,2024-05-17 15:13:10,15.08858368,0.0001622,53.2173,216.713,91.9431,268.1747,0.00026402,3.918e-05,0.0,0 STARLINK-3958,1 52535U 22051C   24138.63415494  .00003918  00000-0  26402-3 0  9992,2 52535  53.2173 216.7130 0001622  91.9431 268.1747 15.08858368111641,6917.824,95.436,540.811,538.567,0.0
52535.0,STARLINK-3958,PAYLOAD,2024-05-18 05:31:40,15.08821023,0.0001382,53.2167,214.0389,86.4951,273.6199,-0.00026303,-4.469e-05,0.0,0 STARLINK-3958,1 52535U 22051C   24139.23033261 -.00004469  00000-0 -26303-3 0  9991,2 52535  53.2167 214.0389 0001382  86.4951 273.6199 15.08821023111808,6917.938,95.439,540.759,538.847,0.0
52535.0,STARLINK-3958,PAYLOAD,2024-05-18 11:53:12,15.08839442,0.0001514,53.2163,212.8497,88.884,271.2325,0.00015815,2.23e-05,0.0,0 STARLINK-3958,1 52535U 22051C   24139.49528825  .00002230  00000-0  15815-3 0  9992,2 52535  53.2163 212.8497 0001514  88.8840 271.2325 15.08839442111843,6917.882,95.438,540.794,538.7,0.0
52535.0,STARLINK-3958,PAYLOAD,2024-05-18 13:28:36,15.08841506,0.0001626,53.2173,212.5532,92.664,267.4539,0.000196,2.833e-05,0.0,0 STARLINK-3958,1 52535U 22051C   24139.56152806  .00002833  00000-0  19600-3 0  9997,2 52535  53.2173 212.5532 0001626  92.6640 267.4539 15.08841506111787,6917.876,95.437,540.866,538.616,0.0
52535.0,STARLINK-3958,PAYLOAD,2024-05-18 21:25:32,15.0882774,0.0001728,53.217,211.0647,89.9889,270.1301,0.00024912,3.678e-05,0.0,0 STARLINK-3958,1 52535U 22051C   24139.89273325  .00003678  00000-0  24912-3 0  9993,2 52535  53.2170 211.0647 0001728  89.9889 270.1301 15.08827740111908,6917.918,95.438,540.978,538.587,0.0
52535.0,STARLINK-3958,PAYLOAD,2024-05-19 13:19:24,15.08820801,0.0001677,53.2179,208.0929,86.2556,273.8628,5.4107e-05,5.73e-06,0.0,0 STARLINK-3958,1 52535U 22051C   24140.55514620  .00000573  00000-0  54107-4 0  9995,2 52535  53.2179 208.0929 0001677  86.2556 273.8628 15.08820801111936,6917.939,95.439,540.964,538.644,0.0
52535.0,STARLINK-3958,PAYLOAD,2024-05-20 05:13:15,15.0884904,0.0001518,53.2164,205.1188,83.4384,276.6781,0.00084319,0.0001316,0.0,0 STARLINK-3958,1 52535U 22051C   24141.21754441  .00013160  00000-0  84319-3 0  9999,2 52535  53.2164 205.1188 0001518  83.4384 276.6781 15.08849040112104,6917.853,95.437,540.768,538.668,0.0
52535.0,STARLINK-3958,PAYLOAD,2024-05-20 13:10:10,15.08881093,0.0001541,53.2162,203.6318,77.5464,282.5701,0.0017815,0.0002821,0.0,0 STARLINK-3958,1 52535U 22051C   24141.54873796  .00028210  00000-0  17815-2 0  9998,2 52535  53.2162 203.6318 0001541  77.5464 282.5701 15.08881093112156,6917.755,95.435,540.686,538.554,0.0
52535.0,STARLINK-3958,PAYLOAD,2024-05-21 11:25:34,15.08849838,0.0001342,53.2156,199.469,91.3984,268.7162,0.0011542,0.00018134,0.0,0 STARLINK-3958,1 52535U 22051C   24142.47609861  .00018134  00000-0  11542-2 0  9996,2 52535  53.2156 199.4690 0001342  91.3984 268.7162 15.08849838112297,6917.85,95.437,540.644,538.787,0.0
52535.0,STARLINK-3958,PAYLOAD,2024-05-22 03:19:26,15.08839116,0.0001866,53.2151,196.4984,69.7436,290.3757,0.00057673,8.902e-05,0.0,0 STARLINK-3958,1 52535U 22051C   24143.13850467  .00008902  00000-0  57673-3 0  9998,2 52535  53.2151 196.4984 0001866  69.7436 290.3757 15.08839116112397,6917.883,95.438,541.039,538.457,0.0
52535.0,STARLINK-3958,PAYLOAD,2024-05-22 11:16:22,15.08839936,0.0001574,53.2156,195.0078,76.5291,283.5876,6.2288e-06,-1.89e-06,0.0,0 STARLINK-3958,1 52535U 22051C   24143.46970410 -.00000189  00000-0  62288-5 0  9995,2 52535  53.2156 195.0078 0001574  76.5291 283.5876 15.08839936112376,6917.881,95.438,540.834,538.657,0.0
52535.0,STARLINK-3958,PAYLOAD,2024-05-23 09:31:46,15.08845815,0.0001607,53.2157,190.845,76.5716,283.5455,0.00037793,5.733e-05,0.0,0 STARLINK-3958,1 52535U 22051C   24144.39706441  .00005733  00000-0  37793-3 0  9999,2 52535  53.2157 190.8450 0001607  76.5716 283.5455 15.08845815112515,6917.863,95.437,540.839,538.616,0.0
52535.0,STARLINK-3958,PAYLOAD,2024-05-24 03:01:00,15.08850699,0.0001801,53.2157,187.5744,65.015,295.1029,0.00025376,3.754e-05,0.0,0 STARLINK-3958,1 52535U 22051C   24145.12570112  .00003754  00000-0  25376-3 0  9990,2 52535  53.2157 187.5744 0001801  65.0150 295.1029 15.08850699112696,6917.848,95.437,540.959,538.467,0.0
52535.0,STARLINK-3958,PAYLOAD,2024-05-24 09:22:32,15.08851895,0.0001523,53.2149,186.3834,76.495,283.6211,0.00023083,3.389e-05,0.0,0 STARLINK-3958,1 52535U 22051C   24145.39065765  .00003389  00000-0  23083-3 0  9999,2 52535  53.2149 186.3834 0001523  76.4950 283.6211 15.08851895112660,6917.844,95.437,540.763,538.655,0.0
52535.0,STARLINK-3958,PAYLOAD,2024-05-25 02:51:47,15.08840391,0.0001535,53.214,183.1124,83.2516,276.8651,1.6211e-06,-2.62e-06,0.0,0 STARLINK-3958,1 52535U 22051C   24146.11930076 -.00000262  00000-0  16211-5 0  9991,2 52535  53.2140 183.1124 0001535  83.2516 276.8651 15.08840391112846,6917.879,95.438,540.806,538.682,0.0
52535.0,STARLINK-3958,PAYLOAD,2024-05-25 09:13:20,15.08825045,0.0001574,53.2149,181.9247,88.8071,271.3101,-0.00022675,-3.893e-05,0.0,0 STARLINK-3958,1 52535U 22051C   24146.38426908 -.00003893  00000-0 -22675-3 0  9997,2 52535  53.2149 181.9247 0001574  88.8071 271.3101 15.08825045112880,6917.926,95.439,540.88,538.702,0.0
52535.0,STARLINK-3958,PAYLOAD,2024-05-25 18:45:39,15.08836937,0.0001317,53.2145,180.1367,89.7795,270.3348,-7.8849e-05,-1.542e-05,0.0,0 STARLINK-3958,1 52535U 22051C   24146.78170218 -.00001542  00000-0 -78849-4 0  9995,2 52535  53.2145 180.1367 0001317  89.7795 270.3348 15.08836937112949,6917.89,95.438,540.666,538.844,0.0
52535.0,STARLINK-3958,PAYLOAD,2024-05-26 07:28:44,15.0884205,0.0001297,53.2143,177.7555,90.9508,269.1633,3.2045e-05,2.22e-06,0.0,0 STARLINK-3958,1 52535U 22051C   24147.31162049  .00000222  00000-0  32045-4 0  9998,2 52535  53.2143 177.7555 0001297  90.9508 269.1633 15.08842050112958,6917.874,95.437,540.636,538.842,0.0
52535.0,STARLINK-3958,PAYLOAD,2024-05-27 05:44:08,15.0883085,0.0001349,53.2159,173.5948,96.5654,263.5492,0.00014327,1.992e-05,0.0,0 STARLINK-3958,1 52535U 22051C   24148.23898961  .00001992  00000-0  14327-3 0  9996,2 52535  53.2159 173.5948 0001349  96.5654 263.5492 15.08830850113167,6917.908,95.438,540.707,538.84,0.0
52535.0,STARLINK-3958,PAYLOAD,2024-05-27 08:54:54,15.08841266,0.0002811,53.2186,173.0164,128.6776,231.4468,-2.262e-06,-3.25e-06,0.0,0 STARLINK-3958,1 52535U 22051C   24148.37146852 -.00000325  00000-0 -22620-5 0  9994,2 52535  53.2186 173.0164 0002811 128.6776 231.4468 15.08841266113114,6917.877,95.437,541.686,537.797,0.0
52535.0,STARLINK-3958,PAYLOAD,2024-05-27 18:27:13,15.08834475,0.0001345,53.2163,171.2179,90.5312,269.5835,7.6626e-05,9.32e-06,0.0,0 STARLINK-3958,1 52535U 22051C   24148.76891088  .00000932  00000-0  76626-4 0  9991,2 52535  53.2163 171.2179 0001345  90.5312 269.5835 15.08834475113179,6917.897,95.438,540.693,538.832,0.0
52535.0,STARLINK-3958,PAYLOAD,2024-05-28 08:45:41,15.08839918,0.0001322,53.2157,168.5387,87.7249,272.3894,0.00010085,1.317e-05,0.0,0 STARLINK-3958,1 52535U 22051C   24149.36506733  .00001317  00000-0  10085-3 0  9992,2 52535  53.2157 168.5387 0001322  87.7249 272.3894 15.08839918113336,6917.881,95.438,540.66,538.831,0.0
52535.0,STARLINK-3958,PAYLOAD,2024-05-29 10:11:51,15.08842505,0.0001355,53.2161,163.7828,89.4796,270.6352,0.00012321,1.674e-05,0.0,0 STARLINK-3958,1 52535U 22051C   24150.42490528  .00001674  00000-0  12321-3 0  9996,2 52535  53.2161 163.7828 0001355  89.4796 270.6352 15.08842505113493,6917.873,95.437,540.675,538.8,0.0
52535.0,STARLINK-3958,PAYLOAD,2024-05-30 06:51:52,15.08845705,0.0001393,53.2166,159.9141,87.1609,272.9542,2.2828e-05,7.5e-07,0.0,0 STARLINK-3958,1 52535U 22051C   24151.28602656  .00000075  00000-0  22828-4 0  9996,2 52535  53.2166 159.9141 0001393  87.1609 272.9542 15.08845705113551,6917.863,95.437,540.692,538.764,0.0
52535.0,STARLINK-3958,PAYLOAD,2024-05-31 05:07:16,15.08847053,0.0001427,53.2165,155.7527,92.2568,267.8588,8.8435e-05,1.12e-05,0.0,0 STARLINK-3958,1 52535U 22051C   24152.21338224  .00001120  00000-0  88435-4 0  9995,2 52535  53.2165 155.7527 0001427  92.2568 267.8588 15.08847053113765,6917.859,95.437,540.711,538.737,0.0
52535.0,STARLINK-3958,PAYLOAD,2024-05-31 09:53:25,15.08847836,0.0001441,53.2163,154.8612,91.874,268.2417,9.0158e-05,1.147e-05,0.0,0 STARLINK-3958,1 52535U 22051C   24152.41210095  .00001147  00000-0  90158-4 0  9996,2 52535  53.2163 154.8612 0001441  91.8740 268.2417 15.08847836113722,6917.856,95.437,540.718,538.725,0.0
52535.0,STARLINK-3958,PAYLOAD,2024-05-31 17:50:21,15.08846178,0.0001379,53.2158,153.374,94.1028,266.0121,8.6787e-05,1.094e-05,0.0,0 STARLINK-3958,1 52535U 22051C   24152.74330094  .00001094  00000-0  86787-4 0  9998,2 52535  53.2158 153.3740 0001379  94.1028 266.0121 15.08846178113778,6917.862,95.437,540.68,538.773,0.0
52535.0,STARLINK-3958,PAYLOAD,2024-06-01 04:58:03,15.08839302,0.0001403,53.2163,151.293,93.5369,266.5784,4.0637e-05,3.59e-06,0.0,0 STARLINK-3958,1 52535U 22051C   24153.20698579  .00000359  00000-0  40637-4 0  9992,2 52535  53.2163 151.2930 0001403  93.5369 266.5784 15.08839302113918,6917.883,95.438,540.718,538.777,0.0
52535.0,STARLINK-3958,PAYLOAD,2024-06-01 09:44:12,15.08840387,0.000144,53.2167,150.4012,94.5087,265.6069,3.7574e-05,3.1e-06,0.0,0 STARLINK-3958,1 52535U 22051C   24153.40570496  .00000310  00000-0  37574-4 0  9994,2 52535  53.2167 150.4012 0001440  94.5087 265.6069 15.08840387113879,6917.879,95.438,540.74,538.748,0.0
52535.0,STARLINK-3958,PAYLOAD,2024-06-02 09:35:00,15.0883532,0.0001403,53.2166,145.9411,92.8339,267.2813,-2.0442e-05,-6.13e-06,0.0,0 STARLINK-3958,1 52535U 22051C   24154.39931134 -.00000613  00000-0 -20442-4 0  9997,2 52535  53.2166 145.9411 0001403  92.8339 267.2813 15.08835320114091,6917.895,95.438,540.73,538.789,0.0
52535.0,STARLINK-3958,PAYLOAD,2024-06-03 06:15:01,15.08837027,0.0001332,53.2165,142.0756,91.7785,268.336,5.9703e-05,6.62e-06,0.0,0 STARLINK-3958,1 52535U 22051C   24155.26043129  .00000662  00000-0  59703-4 0  9996,2 52535  53.2165 142.0756 0001332  91.7785 268.3360 15.08837027114156,6917.889,95.438,540.676,538.833,0.0
52535.0,STARLINK-3958,PAYLOAD,2024-06-03 15:47:20,15.08837652,0.0001304,53.2165,140.291,89.4138,270.7003,7.8595e-05,9.63e-06,0.0,0 STARLINK-3958,1 52535U 22051C   24155.65787157  .00000963  00000-0  78595-4 0  9999,2 52535  53.2165 140.2910 0001304  89.4138 270.7003 15.08837652114282,6917.888,95.438,540.655,538.85,0.0
52535.0,STARLINK-3958,PAYLOAD,2024-06-04 09:16:34,15.08842469,0.0001336,53.2165,137.021,93.3119,266.8026,0.00013115,1.8e-05,0.0,0 STARLINK-3958,1 52535U 22051C   24156.38650889  .00001800  00000-0  13115-3 0  9998,2 52535  53.2165 137.0210 0001336  93.3119 266.8026 15.08842469114325,6917.873,95.437,540.662,538.814,0.0
52535.0,STARLINK-3958,PAYLOAD,2024-06-04 15:38:06,15.08841677,0.0001301,53.2165,135.831,89.4892,270.6249,0.00012669,1.729e-05,0.0,0 STARLINK-3958,1 52535U 22051C   24156.65146987  .00001729  00000-0  12669-3 0  9990,2 52535  53.2165 135.8310 0001301  89.4892 270.6249 15.08841677114362,6917.875,95.437,540.64,538.84,0.0
52535.0,STARLINK-3958,PAYLOAD,2024-06-05 04:21:12,15.08839532,0.0001392,53.217,133.4526,86.3617,273.7534,6.1846e-05,6.96e-06,0.0,0 STARLINK-3958,1 52535U 22051C   24157.18139342  .00000696  00000-0  61846-4 0  9990,2 52535  53.2170 133.4526 0001392  86.3617 273.7534 15.08839532114517,6917.882,95.438,540.71,538.784,0.0
52535.0,STARLINK-3958,PAYLOAD,2024-06-05 05:56:35,15.08840589,0.0001395,53.2171,133.1553,85.824,274.2911,6.8759e-05,8.07e-06,0.0,0 STARLINK-3958,1 52535U 22051C   24157.24763256  .00000807  00000-0  68759-4 0  9998,2 52535  53.2171 133.1553 0001395  85.8240 274.2911 15.08840589114456,6917.879,95.438,540.709,538.779,0.0
52535.0,STARLINK-3958,PAYLOAD,2024-06-05 15:28:54,15.08837941,0.0001405,53.2169,131.3709,90.3165,269.7988,2.5564e-05,1.19e-06,0.0,0 STARLINK-3958,1 52535U 22051C   24157.64507541  .00000119  00000-0  25564-4 0  9998,2 52535  53.2169 131.3709 0001405  90.3165 269.7988 15.08837941114513,6917.887,95.438,540.724,538.78,0.0
52535.0,STARLINK-3958,PAYLOAD,2024-06-06 04:11:59,15.08840824,0.0001207,53.215,128.9908,89.3292,270.7838,-1.3585e-06,-3.09e-06,0.0,0 STARLINK-3958,1 52535U 22051C   24158.17499423 -.00000309  00000-0 -13585-5 0  9990,2 52535  53.2150 128.9908 0001207  89.3292 270.7838 15.08840824114593,6917.878,95.438,540.578,538.908,0.0
52535.0,STARLINK-3958,PAYLOAD,2024-06-06 21:41:13,15.08841516,0.0001255,53.215,125.7198,90.0419,270.0716,2.408e-05,9.5e-07,0.0,0 STARLINK-3958,1 52535U 22051C   24158.90363302  .00000095  00000-0  24080-4 0  9998,2 52535  53.2150 125.7198 0001255  90.0419 270.0716 15.08841516114779,6917.876,95.437,540.609,538.873,0.0
52535.0,STARLINK-3958,PAYLOAD,2024-06-07 15:10:28,15.0883985,0.0001121,53.2141,122.4483,95.4489,264.6631,2.7897e-05,1.56e-06,0.0,0 STARLINK-3958,1 52535U 22051C   24159.63227374  .00000156  00000-0  27897-4 0  9994,2 52535  53.2141 122.4483 0001121  95.4489 264.6631 15.08839850114816,6917.881,95.438,540.521,538.97,0.0
52535.0,STARLINK-3958,PAYLOAD,2024-06-08 03:53:33,15.08841456,0.0001423,53.2141,120.0681,96.5149,263.6005,0.0001134,1.517e-05,0.0,0 STARLINK-3958,1 52535U 22051C   24160.16219185  .00001517  00000-0  11340-3 0  9992,2 52535  53.2141 120.0681 0001423  96.5149 263.6005 15.08841456114965,6917.876,95.437,540.725,538.757,0.0
52535.0,STARLINK-3958,PAYLOAD,2024-06-08 07:04:19,15.08840126,0.0001484,53.2158,119.4733,101.7948,258.321,0.00013746,1.9e-05,0.0,0 STARLINK-3958,1 52535U 22051C   24160.29467219  .00001900  00000-0  13746-3 0  9997,2 52535  53.2158 119.4733 0001484 101.7948 258.3210 15.08840126114913,6917.88,95.438,540.772,538.718,0.0
52535.0,STARLINK-3958,PAYLOAD,2024-06-08 21:22:48,15.08838494,0.0001455,53.2147,116.7973,96.9773,263.1385,3.1945e-05,2.2e-06,0.0,0 STARLINK-3958,1 52535U 22051C   24160.89083660  .00000220  00000-0  31945-4 0  9993,2 52535  53.2147 116.7973 0001455  96.9773 263.1385 15.08838494115076,6917.885,95.438,540.757,538.743,0.0
52535.0,STARLINK-3958,PAYLOAD,2024-06-09 06:55:06,15.08843468,0.0001441,53.2162,115.0136,96.542,263.5736,5.8649e-05,6.46e-06,0.0,0 STARLINK-3958,1 52535U 22051C   24161.28827318  .00000646  00000-0  58649-4 0  9995,2 52535  53.2162 115.0136 0001441  96.5420 263.5736 15.08843468115066,6917.87,95.437,540.732,538.738,0.0
52535.0,STARLINK-3958,PAYLOAD,2024-06-10 03:35:07,15.08840241,0.0001401,53.2171,111.1474,92.9535,267.1617,6.1527e-05,6.91e-06,0.0,0 STARLINK-3958,1 52535U 22051C   24162.14939752  .00000691  00000-0  61527-4 0  9996,2 52535  53.2171 111.1474 0001401  92.9535 267.1617 15.08840241115267,6917.88,95.438,540.714,538.775,0.0
52535.0,STARLINK-3958,PAYLOAD,2024-06-10 13:07:26,15.08842283,0.0001214,53.2167,109.3643,89.1109,271.0022,2.472e-05,1.06e-06,0.0,0 STARLINK-3958,1 52535U 22051C   24162.54683726  .00000106  00000-0  24720-4 0  9992,2 52535  53.2167 109.3643 0001214  89.1109 271.0022 15.08842283115257,6917.873,95.437,540.578,538.899,0.0
52535.0,STARLINK-3958,PAYLOAD,2024-06-11 12:58:13,15.08844551,0.0001403,53.2186,104.9041,83.3141,276.8011,0.00011854,1.599e-05,0.0,0 STARLINK-3958,1 52535U 22051C   24163.54043728  .00001599  00000-0  11854-3 0  9995,2 52535  53.2186 104.9041 0001403  83.3141 276.8011 15.08844551115401,6917.866,95.437,540.702,538.761,0.0
52535.0,STARLINK-3958,PAYLOAD,2024-06-12 04:52:05,15.08845974,0.0001322,53.2188,101.9317,83.9906,276.1237,9.8093e-05,1.274e-05,0.0,0 STARLINK-3958,1 52535U 22051C   24164.20283815  .00001274  00000-0  98093-4 0  9993,2 52535  53.2188 101.9317 0001322  83.9906 276.1237 15.08845974115572,6917.862,95.437,540.642,538.813,0.0
52535.0,STARLINK-3958,PAYLOAD,2024-06-12 12:49:01,15.08834868,0.0001399,53.218,100.4483,94.3545,265.7607,5.1567e-05,5.33e-06,0.0,0 STARLINK-3958,1 52535U 22051C   24164.53404658  .00000533  00000-0  51567-4 0  9991,2 52535  53.2180 100.4483 0001399  94.3545 265.7607 15.08834868115622,6917.896,95.438,540.729,538.793,0.0
52535.0,STARLINK-3958,PAYLOAD,2024-06-13 12:39:48,15.08837324,0.0001531,53.2192,95.9841,79.7989,280.3176,-1.1631e-05,-4.73e-06,0.0,0 STARLINK-3958,1 52535U 22051C   24165.52764894 -.00000473  00000-0 -11631-4 0  9995,2 52535  53.2192  95.9841 0001531  79.7989 280.3176 15.08837324115701,6917.889,95.438,540.813,538.694,0.0
52535.0,STARLINK-3958,PAYLOAD,2024-06-14 12:30:35,15.08849279,0.0001048,53.217,91.5259,94.4666,265.6446,3.5262e-05,2.74e-06,0.0,0 STARLINK-3958,1 52535U 22051C   24166.52123854  .00000274  00000-0  35262-4 0  9994,2 52535  53.2170  91.5259 0001048  94.4666 265.6446 15.08849279115855,6917.852,95.437,540.442,538.992,0.0
52535.0,STARLINK-3958,PAYLOAD,2024-06-14 18:52:07,15.0884033,0.0001172,53.217,90.3379,82.9855,277.127,0.00015407,2.165e-05,0.0,0 STARLINK-3958,1 52535U 22051C   24166.78620234  .00002165  00000-0  15407-3 0  9995,2 52535  53.2170  90.3379 0001172  82.9855 277.1270 15.08840330115891,6917.879,95.438,540.555,538.934,0.0
52535.0,STARLINK-3958,PAYLOAD,2024-06-15 12:21:21,15.08848296,9.85e-05,53.2169,87.0648,94.039,266.0714,7.7101e-05,9.4e-06,0.0,0 STARLINK-3958,1 52535U 22051C   24167.51483760  .00000940  00000-0  77101-4 0  9997,2 52535  53.2169  87.0648 0000985  94.0390 266.0714 15.08848296116003,6917.855,95.437,540.401,539.039,0.0
52535.0,STARLINK-3958,PAYLOAD,2024-06-15 21:53:41,15.08841189,0.0001499,53.2173,85.2807,88.8264,271.29,9.7095e-05,1.258e-05,0.0,0 STARLINK-3958,1 52535U 22051C   24167.91228402  .00001258  00000-0  97095-4 0  9998,2 52535  53.2173  85.2807 0001499  88.8264 271.2900 15.08841189116062,6917.877,95.437,540.779,538.705,0.0
52535.0,STARLINK-3958,PAYLOAD,2024-06-16 04:15:13,15.08846234,0.0001568,53.2182,84.0896,97.9595,262.1576,0.00011436,1.533e-05,0.0,0 STARLINK-3958,1 52535U 22051C   24168.17724066  .00001533  00000-0  11436-3 0  9994,2 52535  53.2182  84.0896 0001568  97.9595 262.1576 15.08846234116101,6917.861,95.437,540.811,538.642,0.0
52535.0,STARLINK-3958,PAYLOAD,2024-06-16 21:44:28,15.08837047,0.0001407,53.2179,80.82,92.8017,267.3136,1.6247e-05,-2.9e-07,0.0,0 STARLINK-3958,1 52535U 22051C   24168.90588888 -.00000029  00000-0  16247-4 0  9991,2 52535  53.2179  80.8200 0001407  92.8017 267.3136 15.08837047116218,6917.889,95.438,540.728,538.781,0.0
52535.0,STARLINK-3958,PAYLOAD,2024-06-17 21:35:16,15.08833398,0.000142,53.2179,76.3594,96.0603,264.0551,5.0609e-05,5.17e-06,0.0,0 STARLINK-3958,1 52535U 22051C   24169.89949231  .00000517  00000-0  50609-4 0  9994,2 52535  53.2179  76.3594 0001420  96.0603 264.0551 15.08833398116362,6917.901,95.438,540.748,538.783,0.0
52535.0,STARLINK-3958,PAYLOAD,2024-06-18 03:56:48,15.08841522,0.0001356,53.2174,75.1707,95.1206,264.9941,9.6065e-05,1.241e-05,0.0,0 STARLINK-3958,1 52535U 22051C   24170.16444663  .00001241  00000-0  96065-4 0  9996,2 52535  53.2174  75.1707 0001356  95.1206 264.9941 15.08841522116479,6917.876,95.437,540.679,538.803,0.0
52535.0,STARLINK-3958,PAYLOAD,2024-06-18 10:18:20,15.08844001,0.0001318,53.2174,73.9814,92.7645,267.3498,7.1625e-05,8.52e-06,0.0,0 STARLINK-3958,1 52535U 22051C   24170.42940559  .00000852  00000-0  71625-4 0  9992,2 52535  53.2174  73.9814 0001318  92.7645 267.3498 15.08844001116448,6917.868,95.437,540.645,538.821,0.0
52535.0,STARLINK-3958,PAYLOAD,2024-06-18 21:26:02,15.08840805,0.0001354,53.2182,71.8991,93.141,266.9737,8.5082e-05,1.066e-05,0.0,0 STARLINK-3958,1 52535U 22051C   24170.89308930  .00001066  00000-0  85082-4 0  9994,2 52535  53.2182  71.8991 0001354  93.1410 266.9737 15.08840805116512,6917.878,95.438,540.68,538.806,0.0
52535.0,STARLINK-3958,PAYLOAD,2024-06-19 10:09:07,15.08841396,0.0001423,53.2182,69.5205,91.3305,268.785,0.00014054,1.95e-05,0.0,0 STARLINK-3958,1 52535U 22051C   24171.42300704  .00001950  00000-0  14054-3 0  9997,2 52535  53.2182  69.5205 0001423  91.3305 268.7850 15.08841396116662,6917.876,95.437,540.726,538.757,0.0
52535.0,STARLINK-3958,PAYLOAD,2024-06-19 21:16:50,15.08829441,0.0001509,53.2193,67.4439,69.362,290.7534,9.4848e-05,1.221e-05,0.0,0 STARLINK-3958,1 52535U 22051C   24171.88669777  .00001221  00000-0  94848-4 0  9996,2 52535  53.2193  67.4439 0001509  69.3620 290.7534 15.08829441116739,6917.913,95.438,540.822,538.734,0.0
52535.0,STARLINK-3958,PAYLOAD,2024-06-19 22:52:13,15.08829355,0.0001486,53.2197,67.147,70.5512,289.5641,8.967e-05,1.139e-05,0.0,0 STARLINK-3958,1 52535U 22051C   24171.95293793  .00001139  00000-0  89670-4 0  9990,2 52535  53.2197  67.1470 0001486  70.5512 289.5641 15.08829355116675,6917.913,95.438,540.806,538.75,0.0
52535.0,STARLINK-3958,PAYLOAD,2024-06-20 09:59:55,15.08837556,0.0001532,53.2187,65.0603,85.0093,275.1074,1.6787e-05,-2.1e-07,0.0,0 STARLINK-3958,1 52535U 22051C   24172.41661510 -.00000021  00000-0  16787-4 0  9997,2 52535  53.2187  65.0603 0001532  85.0093 275.1074 15.08837556116747,6917.888,95.438,540.813,538.693,0.0
52535.0,STARLINK-3958,PAYLOAD,2024-06-20 22:43:00,15.08842441,0.0001584,53.2186,62.6823,89.6478,270.4695,-8.1949e-06,-4.18e-06,0.0,0 STARLINK-3958,1 52535U 22051C   24172.94653430 -.00000418  00000-0 -81949-5 0  9991,2 52535  53.2186  62.6823 0001584  89.6478 270.4695 15.08842441116899,6917.873,95.437,540.834,538.642,0.0
52535.0,STARLINK-3958,PAYLOAD,2024-06-21 01:53:46,15.08845635,0.0001649,53.2185,62.0872,93.0572,267.0609,1.2889e-05,-8.3e-07,0.0,0 STARLINK-3958,1 52535U 22051C   24173.07901153 -.00000083  00000-0  12889-4 0  9997,2 52535  53.2185  62.0872 0001649  93.0572 267.0609 15.08845635116842,6917.863,95.437,540.869,538.587,0.0
52535.0,STARLINK-3958,PAYLOAD,2024-06-21 22:33:47,15.08842057,0.0001719,53.2186,58.2213,93.0801,267.0388,0.0001434,1.995e-05,0.0,0 STARLINK-3958,1 52535U 22051C   24173.94013167  .00001995  00000-0  14340-3 0  9997,2 52535  53.2186  58.2213 0001719  93.0801 267.0388 15.08842057116975,6917.874,95.437,540.928,538.55,0.0
52535.0,STARLINK-3958,PAYLOAD,2024-06-22 03:19:56,15.08851002,0.0001606,53.2187,57.3299,80.0726,280.0447,0.0001862,2.677e-05,0.0,0 STARLINK-3958,1 52535U 22051C   24174.13884517  .00002677  00000-0  18620-3 0  9997,2 52535  53.2187  57.3299 0001606  80.0726 280.0447 15.08851002117070,6917.847,95.437,540.823,538.601,0.0
52535.0,STARLINK-3958,PAYLOAD,2024-06-22 20:49:11,15.08842328,0.0001665,53.2186,54.0583,82.4348,277.6834,0.00011257,1.504e-05,0.0,0 STARLINK-3958,1 52535U 22051C   24174.86749245  .00001504  00000-0  11257-3 0  9992,2 52535  53.2186  54.0583 0001665  82.4348 277.6834 15.08842328117185,6917.873,95.437,540.89,538.586,0.0
52535.0,STARLINK-3958,PAYLOAD,2024-06-22 22:24:34,15.08844566,0.0001622,53.2184,53.76,87.0019,273.1159,0.00010017,1.307e-05,0.0,0 STARLINK-3958,1 52535U 22051C   24174.93373086  .00001307  00000-0  10017-3 0  9990,2 52535  53.2184  53.7600 0001622  87.0019 273.1159 15.08844566117129,6917.866,95.437,540.854,538.609,0.0
52535.0,STARLINK-3958,PAYLOAD,2024-06-23 22:15:21,15.08844292,0.0001426,53.2183,49.2999,107.0223,253.0926,-4.4053e-05,-9.89e-06,0.0,0 STARLINK-3958,1 52535U 22051C   24175.92733263 -.00000989  00000-0 -44053-4 0  9992,2 52535  53.2183  49.2999 0001426 107.0223 253.0926 15.08844292117272,6917.867,95.437,540.719,538.746,0.0
52535.0,STARLINK-3958,PAYLOAD,2024-06-24 01:26:07,15.08845574,0.0001399,53.2181,48.7036,103.7954,256.3193,-2.2058e-05,-6.39e-06,0.0,0 STARLINK-3958,1 52535U 22051C   24176.05981073 -.00000639  00000-0 -22058-4 0  9994,2 52535  53.2181  48.7036 0001399 103.7954 256.3193 15.08845574117365,6917.863,95.437,540.696,538.761,0.0
52535.0,STARLINK-3958,PAYLOAD,2024-06-24 20:30:45,15.08835836,0.0001566,53.2184,45.1348,106.9657,253.1507,6.6963e-05,7.78e-06,0.0,0 STARLINK-3958,1 52535U 22051C   24176.85469491  .00000778  00000-0  66963-4 0  9992,2 52535  53.2184  45.1348 0001566 106.9657 253.1507 15.08835836117483,6917.893,95.438,540.841,538.675,0.0
52535.0,STARLINK-3958,PAYLOAD,2024-06-25 20:21:32,15.08839981,0.0001451,53.2185,40.6742,103.0204,257.095,8.4844e-05,1.063e-05,0.0,0 STARLINK-3958,1 52535U 22051C   24177.84829433  .00001063  00000-0  84844-4 0  9994,2 52535  53.2185  40.6742 0001451 103.0204 257.0950 15.08839981117560,6917.88,95.438,540.749,538.742,0.0
52535.0,STARLINK-3958,PAYLOAD,2024-06-25 21:56:55,15.08841177,0.0001396,53.2183,40.3766,97.0016,263.1135,8.9995e-05,1.145e-05,0.0,0 STARLINK-3958,1 52535U 22051C   24177.91453368  .00001145  00000-0  89995-4 0  9995,2 52535  53.2183  40.3766 0001396  97.0016 263.1135 15.08841177117644,6917.877,95.437,540.708,538.776,0.0
52535.0,STARLINK-3958,PAYLOAD,2024-06-27 00:58:28,15.0884328,0.0001371,53.2185,35.3205,89.4403,270.6747,9.8046e-05,1.273e-05,0.0,0 STARLINK-3958,1 52535U 22051C   24179.04061232  .00001273  00000-0  98046-4 0  9995,2 52535  53.2185  35.3205 0001371  89.4403 270.6747 15.08843280117814,6917.87,95.437,540.684,538.787,0.0
52535.0,STARLINK-3958,PAYLOAD,2024-06-27 07:20:02,15.08833877,0.000135,53.2185,34.1305,85.4474,274.6672,2.3617e-05,8.8e-07,0.0,0 STARLINK-3958,1 52535U 22051C   24179.30558094  .00000088  00000-0  23617-4 0  9996,2 52535  53.2185  34.1305 0001350  85.4474 274.6672 15.08833877117859,6917.899,95.438,540.698,538.83,0.0
52535.0,STARLINK-3958,PAYLOAD,2024-06-27 21:38:29,15.08847326,0.0001209,53.218,31.455,93.6519,266.4612,5.4664e-05,5.82e-06,0.0,0 STARLINK-3958,1 52535U 22051C   24179.90173222  .00000582  00000-0  54664-4 0  9993,2 52535  53.2180  31.4550 0001209  93.6519 266.4612 15.08847326117879,6917.858,95.437,540.559,538.887,0.0
52535.0,STARLINK-3958,PAYLOAD,2024-06-28 07:10:48,15.08846272,0.0001498,53.2192,29.671,79.9719,280.1442,6.8297e-05,7.99e-06,0.0,0 STARLINK-3958,1 52535U 22051C   24180.29917358  .00000799  00000-0  68297-4 0  9990,2 52535  53.2192  29.6710 0001498  79.9719 280.1442 15.08846272117938,6917.861,95.437,540.763,538.69,0.0
52535.0,STARLINK-3958,PAYLOAD,2024-06-28 21:29:15,15.08854947,0.0001294,53.2179,26.9965,91.8645,268.2496,0.00028806,4.301e-05,0.0,0 STARLINK-3958,1 52535U 22051C   24180.89532006  .00004301  00000-0  28806-3 0  9993,2 52535  53.2179  26.9965 0001294  91.8645 268.2496 15.08854947118092,6917.835,95.437,540.595,538.805,0.0
52535.0,STARLINK-3958,PAYLOAD,2024-06-29 07:01:36,15.08832068,0.0001344,53.219,25.2104,93.0734,267.0412,7.6412e-05,9.28e-06,0.0,0 STARLINK-3958,1 52535U 22051C   24181.29278089  .00000928  00000-0  76412-4 0  9994,2 52535  53.2190  25.2104 0001344  93.0734 267.0412 15.08832068118153,6917.905,95.438,540.699,538.84,0.0
52535.0,STARLINK-3958,PAYLOAD,2024-06-29 19:44:41,15.0882586,0.0001028,53.2166,22.8338,100.7387,259.372,-3.3843e-05,-8.26e-06,0.0,0 STARLINK-3958,1 52535U 22051C   24181.82270591 -.00000826  00000-0 -33843-4 0  9993,2 52535  53.2166  22.8338 0001028 100.7387 259.3720 15.08825860118166,6917.924,95.438,540.5,539.077,0.0
52535.0,STARLINK-3958,PAYLOAD,2024-06-30 13:13:55,15.0884271,0.0001351,53.2179,19.5607,100.5277,259.5867,0.0001418,1.97e-05,0.0,0 STARLINK-3958,1 52535U 22051C   24182.55134104  .00001970  00000-0  14180-3 0  9994,2 52535  53.2179  19.5607 0001351 100.5277 259.5867 15.08842710118344,6917.872,95.437,540.672,538.803,0.0
52535.0,STARLINK-3958,PAYLOAD,2024-06-30 19:35:28,15.08857938,0.0001227,53.2172,18.3736,99.8799,260.2332,0.00074479,0.00011591,0.0,0 STARLINK-3958,1 52535U 22051C   24182.81629894  .00011591  00000-0  74479-3 0  9995,2 52535  53.2172  18.3736 0001227  99.8799 260.2332 15.08857938118319,6917.826,95.436,540.539,538.842,0.0
52535.0,STARLINK-3958,PAYLOAD,2024-07-01 13:04:42,15.08854505,0.0001225,53.2165,15.1025,94.7793,265.3339,0.00058876,9.098e-05,0.0,0 STARLINK-3958,1 52535U 22051C   24183.54494089  .00009098  00000-0  58876-3 0  9994,2 52535  53.2165  15.1025 0001225  94.7793 265.3339 15.08854505118492,6917.836,95.437,540.548,538.854,0.0
52535.0,STARLINK-3958,PAYLOAD,2024-07-01 19:26:15,15.08849131,0.0001039,53.2167,13.9132,84.3524,275.7586,0.00037701,5.719e-05,0.0,0 STARLINK-3958,1 52535U 22051C   24183.80990204  .00005719  00000-0  37701-3 0  9993,2 52535  53.2167  13.9132 0001039  84.3524 275.7586 15.08849131118532,6917.852,95.437,540.436,538.999,0.0
52535.0,STARLINK-3958,PAYLOAD,2024-07-01 22:37:01,15.08852605,0.000105,53.2167,13.3192,78.6502,281.4608,0.0004173,6.362e-05,0.0,0 STARLINK-3958,1 52535U 22051C   24183.94238012  .00006362  00000-0  41730-3 0  9992,2 52535  53.2167  13.3192 0001050  78.6502 281.4608 15.08852605118480,6917.842,95.437,540.433,538.98,0.0
52535.0,STARLINK-3958,PAYLOAD,2024-07-02 12:55:30,15.08838034,8.31e-05,53.2172,10.6427,85.1974,274.9113,0.00016984,2.416e-05,0.0,0 STARLINK-3958,1 52535U 22051C   24184.53854289  .00002416  00000-0  16984-3 0  9997,2 52535  53.2172  10.6427 0000831  85.1974 274.9113 15.08838034118645,6917.886,95.438,540.326,539.177,0.0
52535.0,STARLINK-3958,PAYLOAD,2024-07-02 19:17:02,15.08843608,9.62e-05,53.2169,9.4535,86.4937,273.6166,0.00044908,6.867e-05,0.0,0 STARLINK-3958,1 52535U 22051C   24184.80350303  .00006867  00000-0  44908-3 0  9996,2 52535  53.2169   9.4535 0000962  86.4937 273.6166 15.08843608118619,6917.869,95.437,540.4,539.069,0.0
52535.0,STARLINK-3958,PAYLOAD,2024-07-03 19:07:49,15.08843858,0.0001047,53.2175,4.9942,85.8403,274.2709,0.0002327,3.418e-05,0.0,0 STARLINK-3958,1 52535U 22051C   24185.79710441  .00003418  00000-0  23270-3 0  9996,2 52535  53.2175   4.9942 0001047  85.8403 274.2709 15.08843858118835,6917.869,95.437,540.458,539.009,0.0
52535.0,STARLINK-3958,PAYLOAD,2024-07-04 12:37:04,15.08837198,0.0001225,53.2178,1.7245,98.9335,261.1796,4.0423e-05,3.55e-06,0.0,0 STARLINK-3958,1 52535U 22051C   24186.52574803  .00000355  00000-0  40423-4 0  9995,2 52535  53.2178   1.7245 0001225  98.9335 261.1796 15.08837198118949,6917.889,95.438,540.601,538.907,0.0
52535.0,STARLINK-3958,PAYLOAD,2024-07-04 18:58:36,15.08843335,0.0001326,53.2184,0.5358,105.6949,254.4189,0.00015082,2.113e-05,0.0,0 STARLINK-3958,1 52535U 22051C   24186.79070589  .00002113  00000-0  15082-3 0  9992,2 52535  53.2184   0.5358 0001326 105.6949 254.4189 15.08843335118915,6917.87,95.437,540.653,538.818,0.0
52535.0,STARLINK-3958,PAYLOAD,2024-07-05 04:30:55,15.08845279,0.0001026,53.2174,358.7487,83.8198,276.2911,0.00018675,2.686e-05,0.0,0 STARLINK-3958,1 52535U 22051C   24187.18814388  .00002686  00000-0  18675-3 0  9995,2 52535  53.2174 358.7487 0001026  83.8198 276.2911 15.08845279119044,6917.864,95.437,540.439,539.019,0.0
52535.0,STARLINK-3958,PAYLOAD,2024-07-05 20:24:46,15.08847034,0.0001248,53.218,355.7731,73.63,286.483,0.0001087,1.443e-05,0.0,0 STARLINK-3958,1 52535U 22051C   24187.85054344  .00001443  00000-0  10870-3 0  9996,2 52535  53.2180 355.7731 0001248  73.6300 286.4830 15.08847034119075,6917.859,95.437,540.587,538.861,0.0
52535.0,STARLINK-3958,PAYLOAD,2024-07-06 04:21:42,15.08841515,0.0001168,53.2179,354.286,80.0653,280.0471,4.4708e-05,4.24e-06,0.0,0 STARLINK-3958,1 52535U 22051C   24188.18174542  .00000424  00000-0  44708-4 0  9992,2 52535  53.2179 354.2860 0001168  80.0653 280.0471 15.08841515119196,6917.876,95.437,540.549,538.933,0.0
52535.0,STARLINK-3958,PAYLOAD,2024-07-06 10:43:15,15.0883422,0.0001132,53.2161,353.0998,87.2448,272.8673,4.6674e-05,4.55e-06,0.0,0 STARLINK-3958,1 52535U 22051C   24188.44671089  .00000455  00000-0  46674-4 0  9997,2 52535  53.2161 353.0998 0001132  87.2448 272.8673 15.08834220119231,6917.898,95.438,540.546,538.98,0.0
52535.0,STARLINK-3958,PAYLOAD,2024-07-06 18:40:11,15.08836614,0.0001194,53.2178,351.6133,89.054,271.0589,-7.6747e-06,-4.1e-06,0.0,0 STARLINK-3958,1 52535U 22051C   24188.77791082 -.00000410  00000-0 -76747-5 0  9997,2 52535  53.2178 351.6133 0001194  89.0540 271.0589 15.08836614119219,6917.891,95.438,540.582,538.93,0.0
52535.0,STARLINK-3958,PAYLOAD,2024-07-07 04:12:28,15.08864217,9.16e-05,53.2183,349.8273,93.84,266.2697,0.00036109,5.467e-05,0.0,0 STARLINK-3958,1 52535U 22051C   24189.17533276  .00005467  00000-0  36109-3 0  9992,2 52535  53.2183 349.8273 0000916  93.8400 266.2697 15.08864217119348,6917.806,95.436,540.305,539.038,0.0
52535.0,STARLINK-3958,PAYLOAD,2024-07-07 10:34:00,15.08868541,0.0001065,53.2198,348.6352,93.4411,266.6703,0.00042256,6.449e-05,0.0,0 STARLINK-3958,1 52535U 22051C   24189.44028719  .00006449  00000-0  42256-3 0  9994,2 52535  53.2198 348.6352 0001065  93.4411 266.6703 15.08868541119316,6917.793,95.436,540.395,538.921,0.0
52535.0,STARLINK-3958,PAYLOAD,2024-07-07 16:55:34,15.08834116,0.0001159,53.2171,347.4496,64.4856,295.6256,-0.00011829,-2.17e-05,0.0,0 STARLINK-3958,1 52535U 22051C   24189.70526475 -.00002170  00000-0 -11829-3 0  9996,2 52535  53.2171 347.4496 0001159  64.4856 295.6256 15.08834116119426,6917.898,95.438,540.565,538.962,0.0
52535.0,STARLINK-3958,PAYLOAD,2024-07-08 10:24:49,15.08828712,0.0001208,53.218,344.1794,81.6276,278.4853,-2.9067e-05,-7.5e-06,0.0,0 STARLINK-3958,1 52535U 22051C   24190.43391059 -.00000750  00000-0 -29067-4 0  9992,2 52535  53.2180 344.1794 0001208  81.6276 278.4853 15.08828712119464,6917.915,95.438,540.616,538.944,0.0
52535.0,STARLINK-3958,PAYLOAD,2024-07-08 19:57:08,15.08843694,0.0001202,53.2184,342.3937,92.103,268.0099,0.00010111,1.322e-05,0.0,0 STARLINK-3958,1 52535U 22051C   24190.83134412  .00001322  00000-0  10111-3 0  9997,2 52535  53.2184 342.3937 0001202  92.1030 268.0099 15.08843694119593,6917.869,95.437,540.566,538.903,0.0
52535.0,STARLINK-3958,PAYLOAD,2024-07-09 13:26:25,15.08801477,6.59e-05,53.2178,339.119,143.1411,216.9627,0.00184,0.00029086,0.0,0 STARLINK-3958,1 52535U 22051C   24191.56001187  .00029086  00000-0  18400-2 0  9995,2 52535  53.2178 339.1190 0000659 143.1411 216.9627 15.08801477119701,6917.998,95.44,540.319,539.407,0.0
52535.0,STARLINK-3958,PAYLOAD,2024-07-09 19:47:55,15.08842269,0.0001252,53.2178,337.9314,99.0662,261.0472,0.000376,5.702e-05,0.0,0 STARLINK-3958,1 52535U 22051C   24191.82494710  .00005702  00000-0  37600-3 0  9995,2 52535  53.2178 337.9314 0001252  99.0662 261.0472 15.08842269119749,6917.873,95.437,540.605,538.872,0.0
52535.0,STARLINK-3958,PAYLOAD,2024-07-10 10:06:24,15.08836011,0.000139,53.219,335.2519,96.5226,263.5925,0.00012665,1.728e-05,0.0,0 STARLINK-3958,1 52535U 22051C   24192.42111160  .00001728  00000-0  12665-3 0  9995,2 52535  53.2190 335.2519 0001390  96.5226 263.5925 15.08836011119830,6917.893,95.438,540.719,538.796,0.0
52535.0,STARLINK-3958,PAYLOAD,2024-07-10 16:27:56,15.08842697,0.0001357,53.2195,334.0696,96.5395,263.5752,0.00026765,3.975e-05,0.0,0 STARLINK-3958,1 52535U 22051C   24192.68606810  .00003975  00000-0  26765-3 0  9996,2 52535  53.2195 334.0696 0001357  96.5395 263.5752 15.08842697119800,6917.872,95.437,540.676,538.798,0.0
52535.0,STARLINK-3958,PAYLOAD,2024-07-11 14:43:20,15.08845209,0.0001083,53.2175,329.9042,73.2412,286.8699,9.0661e-05,1.156e-05,0.0,0 STARLINK-3958,1 52535U 22051C   24193.61342902  .00001156  00000-0  90661-4 0  9995,2 52535  53.2175 329.9042 0001083  73.2412 286.8699 15.08845209119949,6917.864,95.437,540.479,538.98,0.0
52535.0,STARLINK-3958,PAYLOAD,2024-07-12 12:58:44,15.08834617,0.0001284,53.2184,325.7447,99.2736,260.8401,-3.45e-05,-8.37e-06,0.0,0 STARLINK-3958,1 52535U 22051C   24194.54079442 -.00000837  00000-0 -34500-4 0  9991,2 52535  53.2184 325.7447 0001284  99.2736 260.8401 15.08834617120151,6917.897,95.438,540.65,538.874,0.0
52535.0,STARLINK-3958,PAYLOAD,2024-07-12 14:34:07,15.08837815,7.4e-05,53.2181,325.4463,76.6464,283.4611,1.4844e-05,-5.1e-07,0.0,0 STARLINK-3958,1 52535U 22051C   24194.60703448 -.00000051  00000-0  14844-4 0  9994,2 52535  53.2181 325.4463 0000740  76.6464 283.4611 15.08837815120096,6917.887,95.438,540.264,539.24,0.0
52535.0,STARLINK-3958,PAYLOAD,2024-07-12 19:20:16,15.08849057,0.0001109,53.2165,324.5531,113.7261,246.3848,0.00016751,2.38e-05,0.0,0 STARLINK-3958,1 52535U 22051C   24194.80574729  .00002380  00000-0  16751-3 0  9998,2 52535  53.2165 324.5531 0001109 113.7261 246.3848 15.08849057120194,6917.853,95.437,540.485,538.951,0.0
52535.0,STARLINK-3958,PAYLOAD,2024-07-13 01:41:49,15.08838274,0.0001109,53.2168,323.3602,80.9293,279.1825,9.9173e-05,1.291e-05,0.0,0 STARLINK-3958,1 52535U 22051C   24195.07071423  .00001291  00000-0  99173-4 0  9991,2 52535  53.2168 323.3602 0001109  80.9293 279.1825 15.08838274120236,6917.886,95.438,540.518,538.983,0.0
52535.0,STARLINK-3958,PAYLOAD,2024-07-13 14:24:54,15.08848204,0.0001177,53.2179,320.9798,72.7439,287.3682,7.449e-05,8.98e-06,0.0,0 STARLINK-3958,1 52535U 22051C   24195.60063102  .00000898  00000-0  74490-4 0  9992,2 52535  53.2179 320.9798 0001177  72.7439 287.3682 15.08848204120240,6917.855,95.437,540.535,538.906,0.0
52535.0,STARLINK-3958,PAYLOAD,2024-07-13 16:00:17,15.08849589,0.0001246,53.2182,320.6833,74.8642,285.2488,9.8015e-05,1.273e-05,0.0,0 STARLINK-3958,1 52535U 22051C   24195.66686975  .00001273  00000-0  98015-4 0  9994,2 52535  53.2182 320.6833 0001246  74.8642 285.2488 15.08849589120256,6917.851,95.437,540.578,538.854,0.0
52535.0,STARLINK-3958,PAYLOAD,2024-07-14 14:15:41,15.08840124,9.93e-05,53.2167,316.5256,75.889,284.2212,0.00013073,1.793e-05,0.0,0 STARLINK-3958,1 52535U 22051C   24196.59423481  .00001793  00000-0  13073-3 0  9995,2 52535  53.2167 316.5256 0000993  75.8890 284.2212 15.08840124120469,6917.88,95.438,540.432,539.058,0.0
52535.0,STARLINK-3958,PAYLOAD,2024-07-14 15:51:04,15.08852462,0.000107,53.2172,316.2273,80.9028,279.2085,0.00011409,1.529e-05,0.0,0 STARLINK-3958,1 52535U 22051C   24196.66046757  .00001529  00000-0  11409-3 0  9998,2 52535  53.2172 316.2273 0001070  80.9028 279.2085 15.08852462120479,6917.842,95.437,540.448,538.967,0.0
52535.0,STARLINK-3958,PAYLOAD,2024-07-15 01:23:23,15.08846718,0.00011,53.2166,314.4422,88.6843,271.4275,7.5085e-05,9.08e-06,0.0,0 STARLINK-3958,1 52535U 22051C   24197.05790970  .00000908  00000-0  75085-4 0  9996,2 52535  53.2166 314.4422 0001100  88.6843 271.4275 15.08846718120531,6917.86,95.437,540.486,538.964,0.0
52535.0,STARLINK-3958,PAYLOAD,2024-07-15 12:31:05,15.08840669,0.0001269,53.217,312.3609,85.4746,274.6391,5.0011e-05,5.08e-06,0.0,0 STARLINK-3958,1 52535U 22051C   24197.52159360  .00000508  00000-0  50011-4 0  9998,2 52535  53.2170 312.3609 0001269  85.4746 274.6391 15.08840669120604,6917.878,95.438,540.621,538.865,0.0
52535.0,STARLINK-3958,PAYLOAD,2024-07-15 14:06:28,15.08841074,0.0001211,53.2184,312.0627,88.1423,271.9708,3.9403e-05,3.39e-06,0.0,0 STARLINK-3958,1 52535U 22051C   24197.58783506  .00000339  00000-0  39403-4 0  9993,2 52535  53.2184 312.0627 0001211  88.1423 271.9708 15.08841074120541,6917.877,95.437,540.58,538.904,0.0
52535.0,STARLINK-3958,PAYLOAD,2024-07-16 13:57:15,15.08845907,0.0001337,53.2186,307.6042,88.5782,271.5363,2.587e-05,1.24e-06,0.0,0 STARLINK-3958,1 52535U 22051C   24198.58143025  .00000124  00000-0  25870-4 0  9995,2 52535  53.2186 307.6042 0001337  88.5782 271.5363 15.08845907120693,6917.862,95.437,540.652,538.802,0.0
52535.0,STARLINK-3958,PAYLOAD,2024-07-17 13:48:04,15.08828621,0.0001311,53.2184,303.1427,102.3845,257.7294,-4.3383e-05,-9.78e-06,0.0,0 STARLINK-3958,1 52535U 22051C   24199.57504893 -.00000978  00000-0 -43383-4 0  9997,2 52535  53.2184 303.1427 0001311 102.3845 257.7294 15.08828621120914,6917.915,95.438,540.687,538.873,0.0
52535.0,STARLINK-3958,PAYLOAD,2024-07-17 23:20:22,15.08835619,0.000135,53.2188,301.3585,104.2855,255.8287,5.3571e-05,5.65e-06,0.0,0 STARLINK-3958,1 52535U 22051C   24199.97248423  .00000565  00000-0  53571-4 0  9995,2 52535  53.2188 301.3585 0001350 104.2855 255.8287 15.08835619120970,6917.894,95.438,540.693,538.825,0.0
52535.0,STARLINK-3958,PAYLOAD,2024-07-18 13:38:55,15.08774371,6.27e-05,53.2178,298.6829,61.8176,298.288,-0.00047106,-7.763e-05,0.0,0 STARLINK-3958,1 52535U 22051C   24200.56869655 -.00007763  00000-0 -47106-3 0  9994,2 52535  53.2178 298.6829 0000627  61.8176 298.2880 15.08774371121066,6918.081,95.442,540.38,539.512,0.0
52535.0,STARLINK-3958,PAYLOAD,2024-07-18 20:00:21,15.08868012,9.54e-05,53.2173,297.4918,98.9391,261.1709,0.00024869,3.675e-05,0.0,0 STARLINK-3958,1 52535U 22051C   24200.83357703  .00003675  00000-0  24869-3 0  9997,2 52535  53.2173 297.4918 0000954  98.9391 261.1709 15.08868012121100,6917.795,95.436,540.32,539.0,0.0
52535.0,STARLINK-3958,PAYLOAD,2024-07-19 13:29:37,15.08838712,9.95e-05,53.2173,294.2227,86.8189,273.2917,0.00024631,3.634e-05,0.0,0 STARLINK-3958,1 52535U 22051C   24201.56224214  .00003634  00000-0  24631-3 0  9990,2 52535  53.2173 294.2227 0000995  86.8189 273.2917 15.08838712121215,6917.884,95.438,540.438,539.061,0.0
52535.0,STARLINK-3958,PAYLOAD,2024-07-20 13:20:23,15.08855829,7.16e-05,53.2169,289.7597,61.7024,298.404,0.0001566,2.207e-05,0.0,0 STARLINK-3958,1 52535U 22051C   24202.55583224  .00002207  00000-0  15660-3 0  9996,2 52535  53.2169 289.7597 0000716  61.7024 298.4040 15.08855829121292,6917.832,95.437,540.192,539.202,0.0
52535.0,STARLINK-3958,PAYLOAD,2024-07-21 11:35:49,15.08834565,0.0001373,53.2165,285.6025,77.4299,282.6847,5.8167e-06,-1.95e-06,0.0,0 STARLINK-3958,1 52535U 22051C   24203.48321356 -.00000195  00000-0  58167-5 0  9991,2 52535  53.2165 285.6025 0001373  77.4299 282.6847 15.08834565121505,6917.897,95.438,540.712,538.812,0.0
52535.0,STARLINK-3958,PAYLOAD,2024-07-22 09:51:12,15.08843619,0.0001594,53.2172,281.4333,67.5101,292.606,9.8897e-05,1.286e-05,0.0,0 STARLINK-3958,1 52535U 22051C   24204.41056635  .00001286  00000-0  98897-4 0  9994,2 52535  53.2172 281.4333 0001594  67.5101 292.6060 15.08843619121649,6917.869,95.437,540.837,538.632,0.0
52535.0,STARLINK-3958,PAYLOAD,2024-07-23 11:17:22,15.08849896,0.00014,53.2168,276.6764,79.062,281.053,0.00016486,2.337e-05,0.0,0 STARLINK-3958,1 52535U 22051C   24205.47040090  .00002337  00000-0  16486-3 0  9990,2 52535  53.2168 276.6764 0001400  79.0620 281.0530 15.08849896121803,6917.85,95.437,540.684,538.747,0.0
52535.0,STARLINK-3958,PAYLOAD,2024-07-24 04:46:37,15.08839552,0.0001169,53.216,273.4038,80.3224,279.7901,3.4149e-05,2.56e-06,0.0,0 STARLINK-3958,1 52535U 22051C   24206.19905016  .00000256  00000-0  34149-4 0  9993,2 52535  53.2160 273.4038 0001169  80.3224 279.7901 15.08839552121917,6917.882,95.438,540.555,538.938,0.0
52535.0,STARLINK-3958,PAYLOAD,2024-07-24 12:43:33,15.08837243,0.0001448,53.2169,271.9196,82.9726,277.143,-3.0428e-05,-7.72e-06,0.0,0 STARLINK-3958,1 52535U 22051C   24206.53025269 -.00000772  00000-0 -30428-4 0  9995,2 52535  53.2169 271.9196 0001448  82.9726 277.1430 15.08837243121890,6917.889,95.438,540.756,538.752,0.0
52535.0,STARLINK-3958,PAYLOAD,2024-07-25 04:37:24,15.08841712,0.0001369,53.2166,268.9462,79.0264,281.0882,4.1345e-05,3.7e-06,0.0,0 STARLINK-3958,1 52535U 22051C   24207.19264708  .00000370  00000-0  41345-4 0  9993,2 52535  53.2166 268.9462 0001369  79.0264 281.0882 15.08841712121997,6917.875,95.437,540.687,538.793,0.0
52535.0,STARLINK-3958,PAYLOAD,2024-07-25 09:23:33,15.08845294,0.0001395,53.2165,268.0544,78.9964,281.1185,7.4878e-05,9.04e-06,0.0,0 STARLINK-3958,1 52535U 22051C   24207.39136369  .00000904  00000-0  74878-4 0  9996,2 52535  53.2165 268.0544 0001395  78.9964 281.1185 15.08845294122090,6917.864,95.437,540.694,538.764,0.0
52535.0,STARLINK-3958,PAYLOAD,2024-07-25 14:09:42,15.08844801,0.0001406,53.2164,267.159,88.0176,272.0977,0.00014562,2.031e-05,0.0,0 STARLINK-3958,1 52535U 22051C   24207.59008086  .00002031  00000-0  14562-3 0  9998,2 52535  53.2164 267.1590 0001406  88.0176 272.0977 15.08844801122057,6917.866,95.437,540.703,538.758,0.0
52535.0,STARLINK-3958,PAYLOAD,2024-07-26 04:28:11,15.08834777,0.0001498,53.2158,264.4814,104.5206,255.5952,9.0222e-05,1.148e-05,0.0,0 STARLINK-3958,1 52535U 22051C   24208.18624789  .00001148  00000-0  90222-4 0  9994,2 52535  53.2158 264.4814 0001498 104.5206 255.5952 15.08834777122216,6917.896,95.438,540.798,538.725,0.0
52535.0,STARLINK-3958,PAYLOAD,2024-07-26 14:00:30,15.08841584,0.0001485,53.2159,262.6981,98.9552,261.1608,0.00013202,1.814e-05,0.0,0 STARLINK-3958,1 52535U 22051C   24208.58368344  .00001814  00000-0  13202-3 0  9992,2 52535  53.2159 262.6981 0001485  98.9552 261.1608 15.08841584122202,6917.876,95.437,540.768,538.713,0.0
52535.0,STARLINK-3958,PAYLOAD,2024-07-26 20:22:02,15.08843224,0.000133,53.2157,261.5111,85.1972,274.9172,0.00010851,1.44e-05,0.0,0 STARLINK-3958,1 52535U 22051C   24208.84864316  .00001440  00000-0  10851-3 0  9993,2 52535  53.2157 261.5111 0001330  85.1972 274.9172 15.08843224122319,6917.871,95.437,540.656,538.815,0.0
52535.0,STARLINK-3958,PAYLOAD,2024-07-27 10:40:31,15.08839644,0.0001519,53.2151,258.8355,88.1731,271.9435,-1.7869e-05,-5.72e-06,0.0,0 STARLINK-3958,1 52535U 22051C   24209.44480898 -.00000572  00000-0 -17869-4 0  9993,2 52535  53.2151 258.8355 0001519  88.1731 271.9435 15.08839644122407,6917.881,95.438,540.797,538.696,0.0
52535.0,STARLINK-3958,PAYLOAD,2024-07-28 12:06:40,15.0885177,0.0001444,53.2144,254.0769,84.6972,275.4185,0.00010452,1.376e-05,0.0,0 STARLINK-3958,1 52535U 22051C   24210.50463752  .00001376  00000-0  10452-3 0  9993,2 52535  53.2144 254.0769 0001444  84.6972 275.4185 15.08851770122563,6917.844,95.437,540.708,538.71,0.0
52535.0,STARLINK-3958,PAYLOAD,2024-07-29 10:22:05,15.08836095,0.0001553,53.2156,249.9142,91.3349,268.7821,1.8864e-05,1.2e-07,0.0,0 STARLINK-3958,1 52535U 22051C   24211.43201181  .00000012  00000-0  18864-4 0  9994,2 52535  53.2156 249.9142 0001553  91.3349 268.7821 15.08836095122709,6917.892,95.438,540.832,538.683,0.0
52535.0,STARLINK-3958,PAYLOAD,2024-07-29 19:54:25,15.0882304,0.0001539,53.2159,248.13,84.1679,275.9489,-8.5906e-05,-1.654e-05,0.0,0 STARLINK-3958,1 52535U 22051C   24211.82946652 -.00001654  00000-0 -85906-4 0  9992,2 52535  53.2159 248.1300 0001539  84.1679 275.9489 15.08823040122761,6917.932,95.439,540.862,538.733,0.0
52535.0,STARLINK-3958,PAYLOAD,2024-07-30 11:48:17,15.08829927,0.000168,53.2161,245.1532,92.6501,267.4683,-0.0001528,-2.718e-05,0.0,0 STARLINK-3958,1 52535U 22051C   24212.49187046 -.00002718  00000-0 -15280-3 0  9999,2 52535  53.2161 245.1532 0001680  92.6501 267.4683 15.08829927122798,6917.911,95.438,540.938,538.614,0.0
52535.0,STARLINK-3958,PAYLOAD,2024-07-30 19:45:12,15.08835314,0.0001789,53.2169,243.6682,85.9098,274.2099,-9.0652e-06,-4.32e-06,0.0,0 STARLINK-3958,1 52535U 22051C   24212.82306666 -.00000432  00000-0 -90652-5 0  9996,2 52535  53.2169 243.6682 0001789  85.9098 274.2099 15.08835314122919,6917.895,95.438,540.997,538.522,0.0
52535.0,STARLINK-3958,PAYLOAD,2024-07-31 08:28:14,15.08878822,0.0001659,53.2155,241.289,91.6,268.5182,0.0004528,6.933e-05,0.0,0 STARLINK-3958,1 52535U 22051C   24213.35294453  .00006933  00000-0  45280-3 0  9990,2 52535  53.2155 241.2890 0001659  91.6000 268.5182 15.08878822122923,6917.762,95.435,540.774,538.479,0.0
52535.0,STARLINK-3958,PAYLOAD,2024-08-01 05:08:17,15.0884423,0.0001939,53.2175,237.4215,110.1189,250.0012,0.00023578,3.467e-05,0.0,0 STARLINK-3958,1 52535U 22051C   24214.21409061  .00003467  00000-0  23578-3 0  9994,2 52535  53.2175 237.4215 0001939 110.1189 250.0012 15.08844230123126,6917.867,95.437,541.074,538.391,0.0
52535.0,STARLINK-3958,PAYLOAD,2024-08-01 08:19:04,15.0884321,0.0001415,53.2161,236.8328,94.6257,265.4897,7.7481e-05,9.45e-06,0.0,0 STARLINK-3958,1 52535U 22051C   24214.34657668  .00000945  00000-0  77481-4 0  9997,2 52535  53.2161 236.8328 0001415  94.6257 265.4897 15.08843210123140,6917.871,95.437,540.714,538.757,0.0
52535.0,STARLINK-3958,PAYLOAD,2024-08-02 08:09:51,15.08847136,0.0001776,53.2158,232.37,92.1105,268.0091,-0.00011225,-2.075e-05,0.0,0 STARLINK-3958,1 52535U 22051C   24215.34017731 -.00002075  00000-0 -11225-3 0  9990,2 52535  53.2158 232.3700 0001776  92.1105 268.0091 15.08847136123221,6917.859,95.437,540.952,538.495,0.0
52535.0,STARLINK-3958,PAYLOAD,2024-08-02 17:42:09,15.08858002,0.0001699,53.2158,230.5859,95.1081,265.0105,-0.00028847,-4.879e-05,0.0,0 STARLINK-3958,1 52535U 22051C   24215.73761140 -.00004879  00000-0 -28847-3 0  9995,2 52535  53.2158 230.5859 0001699  95.1081 265.0105 15.08858002123357,6917.825,95.436,540.866,538.515,0.0
52535.0,STARLINK-3958,PAYLOAD,2024-08-03 04:49:52,15.0883366,0.0001743,53.2156,228.5023,97.4162,262.7028,4.6366e-05,4.5e-06,0.0,0 STARLINK-3958,1 52535U 22051C   24216.20129850  .00000450  00000-0  46366-4 0  9990,2 52535  53.2156 228.5023 0001743  97.4162 262.7028 15.08833660123429,6917.9,95.438,540.971,538.559,0.0
52535.0,STARLINK-3958,PAYLOAD,2024-08-03 08:00:38,15.08835497,0.000174,53.2158,227.9081,98.2851,261.8338,5.7327e-05,6.24e-06,0.0,0 STARLINK-3958,1 52535U 22051C   24216.33377742  .00000624  00000-0  57327-4 0  9991,2 52535  53.2158 227.9081 0001740  98.2851 261.8338 15.08835497123377,6917.894,95.438,540.963,538.555,0.0
52535.0,STARLINK-3958,PAYLOAD,2024-08-03 17:32:56,15.0884068,0.0001728,53.216,226.1239,97.802,262.3168,9.3109e-05,1.194e-05,0.0,0 STARLINK-3958,1 52535U 22051C   24216.73121393  .00001194  00000-0  93109-4 0  9995,2 52535  53.2160 226.1239 0001728  97.8020 262.3168 15.08840680123507,6917.878,95.438,540.939,538.548,0.0
52535.0,STARLINK-3958,PAYLOAD,2024-08-04 09:26:47,15.08849398,0.0001702,53.2159,223.15,97.7355,262.383,0.00017169,2.446e-05,0.0,0 STARLINK-3958,1 52535U 22051C   24217.39360629  .00002446  00000-0  17169-3 0  9997,2 52535  53.2159 223.1500 0001702  97.7355 262.3830 15.08849398123607,6917.852,95.437,540.894,538.539,0.0
52535.0,STARLINK-3958,PAYLOAD,2024-08-04 17:23:43,15.08842998,0.0001623,53.2153,221.6624,92.4864,267.6314,0.00010166,1.33e-05,0.0,0 STARLINK-3958,1 52535U 22051C   24217.72481235  .00001330  00000-0  10166-3 0  9992,2 52535  53.2153 221.6624 0001623  92.4864 267.6314 15.08842998123659,6917.871,95.437,540.859,538.613,0.0
52535.0,STARLINK-3958,PAYLOAD,2024-08-05 04:31:26,15.08830392,0.0001698,53.2158,219.5812,89.2059,270.9128,1.4444e-05,-5.8e-07,0.0,0 STARLINK-3958,1 52535U 22051C   24218.18850445 -.00000058  00000-0  14444-4 0  9997,2 52535  53.2158 219.5812 0001698  89.2059 270.9128 15.08830392123724,6917.91,95.438,540.949,538.6,0.0
52535.0,STARLINK-3958,PAYLOAD,2024-08-05 06:06:49,15.0883226,0.0001834,53.2169,219.2845,91.4802,268.64,6.1112e-06,-1.91e-06,0.0,0 STARLINK-3958,1 52535U 22051C   24218.25474368 -.00000191  00000-0  61112-5 0  9994,2 52535  53.2169 219.2845 0001834  91.4802 268.6400 15.08832260123668,6917.904,95.438,541.038,538.5,0.0
52535.0,STARLINK-3958,PAYLOAD,2024-08-06 05:57:37,15.08836146,0.000167,53.2157,214.8257,91.0813,269.037,-5.7634e-05,-1.205e-05,0.0,0 STARLINK-3958,1 52535U 22051C   24219.24834573 -.00001205  00000-0 -57634-4 0  9993,2 52535  53.2157 214.8257 0001670  91.0813 269.0370 15.08836146123881,6917.892,95.438,540.912,538.602,0.0
52535.0,STARLINK-3958,PAYLOAD,2024-08-06 07:33:00,15.08836398,0.0001638,53.2156,214.5283,85.7487,274.3692,-6.5392e-05,-1.329e-05,0.0,0 STARLINK-3958,1 52535U 22051C   24219.31458612 -.00001329  00000-0 -65392-4 0  9994,2 52535  53.2156 214.5283 0001638  85.7487 274.3692 15.08836398123826,6917.891,95.438,540.89,538.623,0.0
52535.0,STARLINK-3958,PAYLOAD,2024-08-06 17:05:18,15.08841958,0.0001576,53.2156,212.7428,91.1818,268.9354,-1.7354e-05,-5.64e-06,0.0,0 STARLINK-3958,1 52535U 22051C   24219.71202087 -.00000564  00000-0 -17354-4 0  9996,2 52535  53.2156 212.7428 0001576  91.1818 268.9354 15.08841958123953,6917.874,95.437,540.83,538.649,0.0
52535.0,STARLINK-3958,PAYLOAD,2024-08-07 05:48:23,15.0884312,0.0001454,53.2153,210.3628,85.9452,274.1706,0.00017103,2.435e-05,0.0,0 STARLINK-3958,1 52535U 22051C   24220.24193569  .00002435  00000-0  17103-3 0  9998,2 52535  53.2153 210.3628 0001454  85.9452 274.1706 15.08843120123960,6917.871,95.437,540.742,538.73,0.0
52535.0,STARLINK-3958,PAYLOAD,2024-08-08 08:49:57,15.08838925,0.0001402,53.2149,205.3073,85.6272,274.4881,8.9133e-05,1.131e-05,0.0,0 STARLINK-3958,1 52535U 22051C   24221.36802429  .00001131  00000-0  89133-4 0  9999,2 52535  53.2149 205.3073 0001402  85.6272 274.4881 15.08838925124137,6917.884,95.438,540.719,538.779,0.0
52535.0,STARLINK-3958,PAYLOAD,2024-08-09 05:29:57,15.08849252,0.0001323,53.2156,201.4399,91.8149,268.2995,8.5524e-05,1.074e-05,0.0,0 STARLINK-3958,1 52535U 22051C   24222.22913636  .00001074  00000-0  85524-4 0  9994,2 52535  53.2156 201.4399 0001323  91.8149 268.2995 15.08849252124331,6917.852,95.437,540.632,538.802,0.0
52535.0,STARLINK-3958,PAYLOAD,2024-08-09 08:40:43,15.08855754,0.0001399,53.2156,200.8446,88.3454,271.7698,4.9013e-05,4.92e-06,0.0,0 STARLINK-3958,1 52535U 22051C   24222.36161249  .00000492  00000-0  49013-4 0  9990,2 52535  53.2156 200.8446 0001399  88.3454 271.7698 15.08855754124287,6917.832,95.437,540.665,538.729,0.0
52535.0,STARLINK-3958,PAYLOAD,2024-08-10 03:45:21,15.08839464,0.0001444,53.2161,197.2763,104.3884,255.7269,8.2085e-05,1.019e-05,0.0,0 STARLINK-3958,1 52535U 22051C   24223.15650376  .00001019  00000-0  82085-4 0  9994,2 52535  53.2161 197.2763 0001444 104.3884 255.7269 15.08839464124478,6917.882,95.438,540.746,538.748,0.0
52535.0,STARLINK-3958,PAYLOAD,2024-08-11 05:11:31,15.08852273,0.0001436,53.2162,192.5288,115.2845,244.8296,0.00011903,1.608e-05,0.0,0 STARLINK-3958,1 52535U 22051C   24224.21633652  .00001608  00000-0  11903-3 0  9994,2 52535  53.2162 192.5288 0001436 115.2845 244.8296 15.08852273124638,6917.843,95.437,540.701,538.714,0.0
52535.0,STARLINK-3958,PAYLOAD,2024-08-11 14:43:49,15.08860458,9.63e-05,53.2161,190.735,61.5469,298.562,0.00024705,3.648e-05,0.0,0 STARLINK-3958,1 52535U 22051C   24224.61376795  .00003648  00000-0  24705-3 0  9990,2 52535  53.2161 190.7350 0000963  61.5469 298.5620 15.08860458124626,6917.818,95.436,540.349,539.017,0.0
52535.0,STARLINK-3958,PAYLOAD,2024-08-12 05:02:18,15.08839252,0.0001334,53.216,188.0591,88.175,271.9395,3.4759e-05,2.65e-06,0.0,0 STARLINK-3958,1 52535U 22051C   24225.20994166  .00000265  00000-0  34759-4 0  9997,2 52535  53.2160 188.0591 0001334  88.1750 271.9395 15.08839252124782,6917.883,95.438,540.671,538.825,0.0
52535.0,STARLINK-3958,PAYLOAD,2024-08-12 14:34:37,15.08844236,0.0001268,53.2156,186.2741,91.8394,268.2743,0.00014458,2.014e-05,0.0,0 STARLINK-3958,1 52535U 22051C   24225.60737854  .00002014  00000-0  14458-3 0  9997,2 52535  53.2156 186.2741 0001268  91.8394 268.2743 15.08844236124778,6917.867,95.437,540.61,538.855,0.0
52535.0,STARLINK-3958,PAYLOAD,2024-08-13 04:53:05,15.08862193,0.0001314,53.2152,183.5977,84.0034,276.1108,0.00085387,0.00013336,0.0,0 STARLINK-3958,1 52535U 22051C   24226.20353271  .00013336  00000-0  85387-3 0  9999,2 52535  53.2152 183.5977 0001314  84.0034 276.1108 15.08862193124935,6917.813,95.436,540.587,538.769,0.0
52535.0,STARLINK-3958,PAYLOAD,2024-08-13 06:28:28,15.08870997,0.0001358,53.2155,183.3003,84.2344,275.8803,0.00087192,0.00013628,0.0,0 STARLINK-3958,1 52535U 22051C   24226.26977055  .00013628  00000-0  87192-3 0  9997,2 52535  53.2155 183.3003 0001358  84.2344 275.8803 15.08870997124872,6917.786,95.436,540.59,538.711,0.0
52535.0,STARLINK-3958,PAYLOAD,2024-08-13 20:46:56,15.08842928,0.0001303,53.2152,180.6255,102.6003,257.5135,-0.0001517,-2.702e-05,0.0,0 STARLINK-3958,1 52535U 22051C   24226.86593355 -.00002702  00000-0 -15170-3 0  9990,2 52535  53.2152 180.6255 0001303 102.6003 257.5135 15.08842928124963,6917.871,95.437,540.638,538.835,0.0
52535.0,STARLINK-3958,PAYLOAD,2024-08-14 03:08:29,15.08853364,0.000128,53.2164,179.4357,104.5464,255.567,0.00056326,8.691e-05,0.0,0 STARLINK-3958,1 52535U 22051C   24227.13089284  .00008691  00000-0  56326-3 0  9991,2 52535  53.2164 179.4357 0001280 104.5464 255.5670 15.08853364125072,6917.84,95.437,540.59,538.819,0.0
52535.0,STARLINK-3958,PAYLOAD,2024-08-14 14:16:11,15.08830041,0.0001413,53.213,177.3544,107.6499,252.4648,0.00042313,6.451e-05,0.0,0 STARLINK-3958,1 52535U 22051C   24227.59458016  .00006451  00000-0  42313-3 0  9997,2 52535  53.2130 177.3544 0001413 107.6499 252.4648 15.08830041125078,6917.911,95.438,540.753,538.798,0.0
52535.0,STARLINK-3958,PAYLOAD,2024-08-15 02:59:17,15.08824633,0.0001691,53.2154,174.9762,94.6934,265.4252,0.00067115,0.00010405,0.0,0 STARLINK-3958,1 52535U 22051C   24228.12450833  .00010405  00000-0  67115-3 0  9997,2 52535  53.2154 174.9762 0001691  94.6934 265.4252 15.08824633125228,6917.927,95.439,540.962,538.623,0.0
52535.0,STARLINK-3958,PAYLOAD,2024-08-15 14:06:59,15.08830959,0.0001514,53.2149,172.8946,96.2382,263.8783,0.0006067,9.378e-05,0.0,0 STARLINK-3958,1 52535U 22051C   24228.58819156  .00009378  00000-0  60670-3 0  9990,2 52535  53.2149 172.8946 0001514  96.2382 263.8783 15.08830959125221,6917.908,95.438,540.82,538.726,0.0
52535.0,STARLINK-3958,PAYLOAD,2024-08-16 02:50:04,15.08844136,0.000139,53.2151,170.5153,85.6227,274.4924,0.0007276,0.00011312,0.0,0 STARLINK-3958,1 52535U 22051C   24229.11811280  .00011312  00000-0  72760-3 0  9994,2 52535  53.2151 170.5153 0001390  85.6227 274.4924 15.08844136125307,6917.868,95.437,540.694,538.771,0.0
52535.0,STARLINK-3958,PAYLOAD,2024-08-16 20:19:19,15.08851823,0.0001459,53.2149,167.2448,87.9858,272.1301,0.00066544,0.00010322,0.0,0 STARLINK-3958,1 52535U 22051C   24229.84675276  .00010322  00000-0  66544-3 0  9990,2 52535  53.2149 167.2448 0001459  87.9858 272.1301 15.08851823125489,6917.844,95.437,540.719,538.7,0.0
52535.0,STARLINK-3958,PAYLOAD,2024-08-17 01:05:28,15.08853504,0.0001279,53.2156,166.3525,84.7403,275.3735,0.00061029,9.442e-05,0.0,0 STARLINK-3958,1 52535U 22051C   24230.04547145  .00009442  00000-0  61029-3 0  9991,2 52535  53.2156 166.3525 0001279  84.7403 275.3735 15.08853504125444,6917.839,95.437,540.589,538.819,0.0
52535.0,STARLINK-3958,PAYLOAD,2024-08-17 20:10:06,15.08839951,0.0001258,53.2168,162.7846,88.4995,271.6141,9.2916e-05,1.191e-05,0.0,0 STARLINK-3958,1 52535U 22051C   24230.84035290  .00001191  00000-0  92916-4 0  9995,2 52535  53.2168 162.7846 0001258  88.4995 271.6141 15.08839951125638,6917.881,95.438,540.616,538.875,0.0
52535.0,STARLINK-3958,PAYLOAD,2024-08-18 00:56:16,15.08836217,0.0001453,53.2169,161.8936,92.7736,267.3422,2.0825e-05,4.3e-07,0.0,0 STARLINK-3958,1 52535U 22051C   24231.03907538  .00000043  00000-0  20825-4 0  9995,2 52535  53.2169 161.8936 0001453  92.7736 267.3422 15.08836217125598,6917.892,95.438,540.762,538.752,0.0
52535.0,STARLINK-3958,PAYLOAD,2024-08-19 00:47:02,15.08850223,0.0001288,53.2162,157.4297,94.8796,265.2343,0.00031487,4.728e-05,0.0,0 STARLINK-3958,1 52535U 22051C   24232.03266977  .00004728  00000-0  31487-3 0  9990,2 52535  53.2162 157.4297 0001288  94.8796 265.2343 15.08850223125814,6917.849,95.437,540.605,538.823,0.0
52535.0,STARLINK-3958,PAYLOAD,2024-08-19 11:54:44,15.08842298,0.0001605,53.2168,155.3521,89.2013,270.9163,0.00022016,3.218e-05,0.0,0 STARLINK-3958,1 52535U 22051C   24232.49635076  .00003218  00000-0  22016-3 0  9991,2 52535  53.2168 155.3521 0001605  89.2013 270.9163 15.08842298125816,6917.873,95.437,540.849,538.628,0.0
52535.0,STARLINK-3958,PAYLOAD,2024-08-20 03:48:36,15.08841939,0.0001469,53.2164,152.378,85.1775,274.9384,0.00046896,7.184e-05,0.0,0 STARLINK-3958,1 52535U 22051C   24233.15875490  .00007184  00000-0  46896-3 0  9999,2 52535  53.2164 152.3780 0001469  85.1775 274.9384 15.08841939125982,6917.874,95.437,540.756,538.723,0.0
52535.0,STARLINK-3958,PAYLOAD,2024-08-21 03:39:23,15.08871411,0.0001521,53.2161,147.9175,84.9664,275.1501,0.001397,0.00022034,0.0,0 STARLINK-3958,1 52535U 22051C   24234.15235077  .00022034  00000-0  13970-2 0  9998,2 52535  53.2161 147.9175 0001521  84.9664 275.1501 15.08871411126130,6917.784,95.436,540.702,538.597,0.0
52535.0,STARLINK-3958,PAYLOAD,2024-08-21 22:44:00,15.08834593,0.0003419,53.2152,144.3436,148.327,211.7928,0.00094801,0.0001483,0.0,0 STARLINK-3958,1 52535U 22051C   24234.94723351  .00014830  00000-0  94801-3 0  9990,2 52535  53.2152 144.3436 0003419 148.3270 211.7928 15.08834593126259,6917.897,95.438,542.127,537.397,0.0
