NORAD_CAT_ID,OBJECT_NAME,OBJECT_TYPE,EPOCH,MEAN_MOTION,ECCENTRICITY,INCLINATION,RA_OF_ASC_NODE,ARG_OF_PERICENTER,MEAN_ANOMALY,BSTAR,MEAN_MOTION_DOT,MEAN_MOTION_DDOT,TLE_LINE0,TLE_LINE1,TLE_LINE2,SEMIMAJOR_AXIS,PERIOD,APOGEE,PERIGEE,DECAYED
53750.0,STARLINK-4612,PAYLOAD,2022-09-12 16:00:00,15.77919519,0.0001311,53.2167,235.7175,48.6981,36.218,-0.0079398,-0.01214899,0.0,0 STARLINK-4612,1 53750U 22107BC  22255.66667824 -.01214899  00000-0 -79398-2 0  9997,2 53750  53.2167 235.7175 0001311  48.6981  36.2180 15.77919519  1306,6714.473000000001,91.259,337.218,335.458,0.0
53750.0,STARLINK-4612,PAYLOAD,2022-09-13 14:00:01,15.75519548,0.0001244,53.2174,231.158,54.7632,196.2814,-0.0086943,-0.01197081,0.0,0 STARLINK-4612,1 53750U 22107BC  22256.58334491 -.01197081  00000-0 -86943-2 0  9997,2 53750  53.2174 231.1580 0001244  54.7632 196.2814 15.75519548  1307,6721.29,91.398,343.991,342.319,0.0
53750.0,STARLINK-4612,PAYLOAD,2022-09-13 16:00:00,15.7530095,0.0001105,53.2176,230.7437,48.4895,315.4486,-0.0087552,-0.01194171,0.0,0 STARLINK-4612,1 53750U 22107BC  22256.66667824 -.01194171  00000-0 -87552-2 0  9999,2 53750  53.2176 230.7437 0001105  48.4895 315.4486 15.75300950  1453,6721.9119999999975,91.411,344.52,343.034,0.0
53750.0,STARLINK-4612,PAYLOAD,2022-09-13 22:00:00,15.74646455,0.0001056,53.2177,229.5026,57.54600000000001,284.6803,-0.0089652,-0.01188757,0.0,0 STARLINK-4612,1 53750U 22107BC  22256.91667824 -.01188757  00000-0 -89652-2 0  9993,2 53750  53.2177 229.5026 0001056  57.5460 284.6803 15.74646455  1304,6723.774,91.449,346.349,344.92900000000014,0.0
53750.0,STARLINK-4612,PAYLOAD,2022-09-14 04:00:00,15.73854638,0.0001065999999999,53.2175,228.2652,68.7053,251.241,-0.005465,-0.00724935,0.0,0 STARLINK-4612,1 53750U 22107BC  22257.16667824 -.00724935  00000-0 -54650-2 0  9994,2 53750  53.2175 228.2652 0001066  68.7053 251.2410 15.73854638  1538,6726.029,91.495,348.611,347.177,0.0
53750.0,STARLINK-4612,PAYLOAD,2022-09-14 14:00:01,15.73159244,0.0001431,53.214,226.2014,75.1966,86.2733,0.00013717,0.0001864,0.0,0 STARLINK-4612,1 53750U 22107BC  22257.58334491  .00018640  00000-0  13717-3 0  9998,2 53750  53.2140 226.2014 0001431  75.1966  86.2733 15.73159244  1604,6728.011,91.536,350.839,348.914,0.0
53750.0,STARLINK-4612,PAYLOAD,2022-09-14 22:00:00,15.73187082,0.0001422,53.2143,224.551,86.5057,163.8509,0.00061098,0.00085961,0.0,0 STARLINK-4612,1 53750U 22107BC  22257.91667824  .00085961  00000-0  61098-3 0  9999,2 53750  53.2143 224.5510 0001422  86.5057 163.8509 15.73187082  1307,6727.932,91.534,350.754,348.84,0.0
53750.0,STARLINK-4612,PAYLOAD,2022-09-15 06:00:00,15.732320800000002,0.0001464,53.2144,222.9035,77.2543,262.0533,0.00061893,0.0008727,0.0,0 STARLINK-4612,1 53750U 22107BC  22258.25001157  .00087270  00000-0  61893-3 0  9996,2 53750  53.2144 222.9035 0001464  77.2543 262.0533 15.73232080  1707,6727.804,91.531,350.654,348.684,0.0
53750.0,STARLINK-4612,PAYLOAD,2022-09-15 14:00:01,15.73332958,0.0001272,53.2144,221.2527,79.2686,349.0275,-0.00055315,-0.00077976,0.0,0 STARLINK-4612,1 53750U 22107BC  22258.58334491 -.00077976  00000-0 -55315-3 0  9998,2 53750  53.2144 221.2527 0001272  79.2686 349.0275 15.73332958  1302,6727.516,91.525,350.237,348.525,0.0
53750.0,STARLINK-4612,PAYLOAD,2022-09-15 22:00:00,15.73298675,0.0001284,53.2146,219.6022,88.5664,68.7764,-0.00043856,-0.00061977,0.0,0 STARLINK-4612,1 53750U 22107BC  22258.91667824 -.00061977  00000-0 -43856-3 0  9995,2 53750  53.2146 219.6022 0001284  88.5664  68.7764 15.73298675  1302,6727.614000000001,91.527,350.343,348.615,0.0
53750.0,STARLINK-4612,PAYLOAD,2022-09-16 00:00:00,15.73323723,0.0001210999999999,53.2145,219.1904,86.3273,183.2663,-0.0010597999999999,-0.00147554,0.0,0 STARLINK-4612,1 53750U 22107BC  22259.00001157 -.00147554  00000-0 -10598-2 0  9999,2 53750  53.2145 219.1904 0001211  86.3273 183.2663 15.73323723  1828,6727.542,91.526,350.222,348.593,0.0
53750.0,STARLINK-4612,PAYLOAD,2022-09-16 14:00:01,15.73148055,0.0001205999999999,53.2136,216.3037,85.9768,249.3049,-0.00010884,-0.00015831,0.0,0 STARLINK-4612,1 53750U 22107BC  22259.58334491 -.00015831  00000-0 -10884-3 0  9993,2 53750  53.2136 216.3037 0001206  85.9768 249.3049 15.73148055  1300,6728.043000000002,91.536,350.72,349.097,0.0
53750.0,STARLINK-4612,PAYLOAD,2022-09-16 22:00:00,15.73152105,0.0001284999999999,53.2139,214.6537,94.0804,330.0531,0.00040326,0.00056238,0.0,0 STARLINK-4612,1 53750U 22107BC  22259.91667824  .00056238  00000-0  40326-3 0  9997,2 53750  53.2139 214.6537 0001285  94.0804 330.0531 15.73152105  1965,6728.031999999997,91.536,350.761,349.032,0.0
53750.0,STARLINK-4612,PAYLOAD,2022-09-17 14:00:01,15.73221203,0.0001047,53.214,211.3552,88.9715,152.9907,-0.0002947,-0.0004181,0.0,0 STARLINK-4612,1 53750U 22107BC  22260.58334491 -.00041810  00000-0 -29470-3 0  9992,2 53750  53.2140 211.3552 0001047  88.9715 152.9907 15.73221203  1309,6727.835,91.532,350.404,348.995,0.0
53750.0,STARLINK-4612,PAYLOAD,2022-09-17 22:00:00,15.73218884,9.69e-05,53.2141,209.7053,96.0391,234.8504,0.00022526,0.00031136,0.0,0 STARLINK-4612,1 53750U 22107BC  22260.91667824  .00031136  00000-0  22526-3 0  9991,2 53750  53.2141 209.7053 0000969  96.0391 234.8504 15.73218884  2124,6727.840999999999,91.532,350.358,349.05400000000014,0.0
53750.0,STARLINK-4612,PAYLOAD,2022-09-18 14:00:01,15.73226655,7.32e-05,53.2134,206.4062,97.5929,51.2874,0.00021914,0.00030281,0.0,0 STARLINK-4612,1 53750U 22107BC  22261.58335648  .00030281  00000-0  21914-3 0  9991,2 53750  53.2134 206.4062 0000732  97.5929  51.2874 15.73226655  2239,6727.819,91.532,350.177,349.19199999999995,0.0
53750.0,STARLINK-4612,PAYLOAD,2022-09-18 22:00:00,15.73268432,9.55e-05,53.2135,204.7566,103.1039,134.6823,-0.00025738,-0.00036689,0.0,0 STARLINK-4612,1 53750U 22107BC  22261.91667824 -.00036689  00000-0 -25738-3 0  9990,2 53750  53.2135 204.7566 0000955 103.1039 134.6823 15.73268432  1309,6727.7,91.529,350.208,348.923,0.0
53750.0,STARLINK-4612,PAYLOAD,2022-09-19 06:00:02,15.73260146,0.0001171,53.2136,203.1087,86.935,239.9114,-0.0004668,-0.00065789,0.0,0 STARLINK-4612,1 53750U 22107BC  22262.25002315 -.00065789  00000-0 -46680-3 0  9998,2 53750  53.2136 203.1087 0001171  86.9350 239.9114 15.73260146  2336,6727.724,91.53,350.37699999999984,348.801,0.0
53750.0,STARLINK-4612,PAYLOAD,2022-09-19 14:00:01,15.73164465,0.0001404,53.2139,201.4572,98.0256,317.7362,3.9332e-05,4.895e-05,0.0,0 STARLINK-4612,1 53750U 22107BC  22262.58334491  .00004895  00000-0  39332-4 0  9993,2 53750  53.2139 201.4572 0001404  98.0256 317.7362 15.73164465  1300,6727.996,91.535,350.806,348.917,0.0
53750.0,STARLINK-4612,PAYLOAD,2022-09-19 22:00:00,15.73224799,0.0001525,53.2139,199.8077,99.7904,44.854,-0.00026563,-0.00037773,0.0,0 STARLINK-4612,1 53750U 22107BC  22262.91667824 -.00037773  00000-0 -26563-3 0  9993,2 53750  53.2139 199.8077 0001525  99.7904  44.8540 15.73224799  2441,6727.824000000001,91.532,350.715,348.663,0.0
53750.0,STARLINK-4612,PAYLOAD,2022-09-20 14:00:01,15.73176949,0.0001118,53.2134,196.5085,106.7497,215.762,-1.7074e-05,-3.012e-05,0.0,0 STARLINK-4612,1 53750U 22107BC  22263.58334491 -.00003012  00000-0 -17074-4 0  9995,2 53750  53.2134 196.5085 0001118 106.7497 215.7620 15.73176949  1308,6727.9609999999975,91.535,350.57800000000015,349.074,0.0
53750.0,STARLINK-4612,PAYLOAD,2022-09-20 22:00:01,15.7322136,0.0001115999999999,53.2137,194.8592,107.4716,303.9927,-0.00017201,-0.00024711,0.0,0 STARLINK-4612,1 53750U 22107BC  22263.91668981 -.00024711  00000-0 -17201-3 0  9996,2 53750  53.2137 194.8592 0001116 107.4716 303.9927 15.73221360  2595,6727.834,91.532,350.45,348.9480000000001,0.0
53750.0,STARLINK-4612,PAYLOAD,2022-09-21 22:00:00,15.73195839,0.0001509,53.2144,189.9107,103.6597,214.4777,0.000184,0.00025276,0.0,0 STARLINK-4612,1 53750U 22107BC  22264.91667824  .00025276  00000-0  18400-3 0  9999,2 53750  53.2144 189.9107 0001509 103.6597 214.4777 15.73195839  1309,6727.906999999997,91.533,350.787,348.75699999999995,0.0
53750.0,STARLINK-4612,PAYLOAD,2022-09-22 06:00:00,15.73211177,0.0001346,53.214,188.2626,95.5643,311.4925,3.8547e-05,4.795e-05,0.0,0 STARLINK-4612,1 53750U 22107BC  22265.25001157  .00004795  00000-0  38547-4 0  9996,2 53750  53.2140 188.2626 0001346  95.5643 311.4925 15.73211177  2806,6727.863,91.533,350.634,348.8230000000001,0.0
53750.0,STARLINK-4612,PAYLOAD,2022-09-22 14:00:01,15.73165649,0.0001188,53.214,186.6111,112.6862,23.3231,0.00057237,0.00080361,0.0,0 STARLINK-4612,1 53750U 22107BC  22265.58334491  .00080361  00000-0  57237-3 0  9991,2 53750  53.2140 186.6111 0001188 112.6862  23.3231 15.73165649  1300,6727.993,91.535,350.657,349.059,0.0
53750.0,STARLINK-4612,PAYLOAD,2022-09-22 22:00:00,15.73263823,0.0001129,53.2143,184.9623,115.8034,109.1184,-0.00068176,-0.00095479,0.0,0 STARLINK-4612,1 53750U 22107BC  22265.91667824 -.00095479  00000-0 -68176-3 0  9999,2 53750  53.2143 184.9623 0001129 115.8034 109.1184 15.73263823  1306,6727.7130000000025,91.529,350.338,348.819,0.0
53750.0,STARLINK-4612,PAYLOAD,2022-09-23 06:00:00,15.73187126,0.0001274,53.2164,183.3143,104.9868,208.9085,0.00020297,0.00027944,0.0,0 STARLINK-4612,1 53750U 22107BC  22266.25001157  .00027944  00000-0  20297-3 0  9990,2 53750  53.2164 183.3143 0001274 104.9868 208.9085 15.73187126  2966,6727.932,91.534,350.654,348.94,0.0
53750.0,STARLINK-4612,PAYLOAD,2022-09-23 14:00:01,15.73206701,9.36e-05,53.2148,181.6625,121.0873,281.7172,0.00045457,0.00063679,0.0,0 STARLINK-4612,1 53750U 22107BC  22266.58334491  .00063679  00000-0  45457-3 0  9996,2 53750  53.2148 181.6625 0000936 121.0873 281.7172 15.73206701  1308,6727.876,91.533,350.371,349.111,0.0
53750.0,STARLINK-4612,PAYLOAD,2022-09-23 20:00:01,15.73272564,0.0001149999999999,53.2159,180.4248,117.7886,261.7798,-0.00060221,-0.00084551,0.0,0 STARLINK-4612,1 53750U 22107BC  22266.83335648 -.00084551  00000-0 -60221-3 0  9999,2 53750  53.2159 180.4248 0001150 117.7886 261.7798 15.73272564  1305,6727.688,91.529,350.327,348.78,0.0
53750.0,STARLINK-4612,PAYLOAD,2022-09-24 14:00:01,15.73238231,0.0001211999999999,53.2143,176.7132,116.5855,193.2155,7.1493e-05,9.441e-05,0.0,0 STARLINK-4612,1 53750U 22107BC  22267.58335648  .00009441  00000-0  71493-4 0  9999,2 53750  53.2143 176.7132 0001212 116.5855 193.2155 15.73238231  1309,6727.786,91.531,350.467,348.836,0.0
53750.0,STARLINK-4612,PAYLOAD,2022-09-24 22:00:00,15.73491943,0.0001104,53.216,175.0642,107.0629,291.6094,-0.0059299,-0.00770142,0.0,0 STARLINK-4612,1 53750U 22107BC  22267.91667824 -.00770142  00000-0 -59299-2 0  9993,2 53750  53.2160 175.0642 0001104 107.0629 291.6094 15.73491943  3229,6727.063,91.516,349.671,348.185,0.0
53750.0,STARLINK-4612,PAYLOAD,2022-09-25 06:00:00,15.72984997,0.0001418,53.2162,173.4161,116.4346,11.1691,-0.0049943,-0.00644327,0.0,0 STARLINK-4612,1 53750U 22107BC  22268.25001157 -.00644327  00000-0 -49943-2 0  9992,2 53750  53.2162 173.4161 0001418 116.4346  11.1691 15.72984997  3286,6728.5080000000025,91.546,351.327,349.4190000000001,0.0
53750.0,STARLINK-4612,PAYLOAD,2022-09-25 14:00:01,15.72527705,0.0001464,53.2174,171.7654,132.8117,83.2093,-0.0097045,-0.01175521,0.0,0 STARLINK-4612,1 53750U 22107BC  22268.58334491 -.01175521  00000-0 -97045-2 0  9990,2 53750  53.2174 171.7654 0001464 132.8117  83.2093 15.72527705  3338,6729.813,91.572,352.663,350.69199999999995,0.0
53750.0,STARLINK-4612,PAYLOAD,2022-09-25 22:00:01,15.71671601,0.0001149,53.2176,170.1198,114.4284,189.2525,-0.01008,-0.01196831,0.0,0 STARLINK-4612,1 53750U 22107BC  22268.91668981 -.01196831  00000-0 -10080-1 0  9991,2 53750  53.2176 170.1198 0001149 114.4284 189.2525 15.71671601  1303,6732.255999999999,91.622,354.895,353.348,0.0
53750.0,STARLINK-4612,PAYLOAD,2022-09-26 10:00:00,15.70388157,0.000125,53.2173,167.653,119.8401,133.2372,-0.01068,-0.01200607,0.0,0 STARLINK-4612,1 53750U 22107BC  22269.41667824 -.01200607  00000-0 -10680-1 0  9995,2 53750  53.2173 167.6530 0001250 119.8401 133.2372 15.70388157  3462,6735.924,91.697,358.631,356.94699999999995,0.0
53750.0,STARLINK-4612,PAYLOAD,2022-09-26 14:00:01,15.69955933,0.0001118,53.2173,166.8311,105.5164,10.2015,-0.010812,-0.0119419,0.0,0 STARLINK-4612,1 53750U 22107BC  22269.58334491 -.01194190  00000-0 -10812-1 0  9990,2 53750  53.2173 166.8311 0001118 105.5164  10.2015 15.69955933  1300,6737.16,91.722,359.778,358.272,0.0
53750.0,STARLINK-4612,PAYLOAD,2022-09-26 22:00:00,15.69101363,0.0001483,53.2171,165.1917,131.019,69.2021,-0.011226,-0.01196343,0.0,0 STARLINK-4612,1 53750U 22107BC  22269.91667824 -.01196343  00000-0 -11226-1 0  9998,2 53750  53.2171 165.1917 0001483 131.0190  69.2021 15.69101363  1301,6739.606,91.772,362.47,360.472,0.0
53750.0,STARLINK-4612,PAYLOAD,2022-09-27 06:00:00,15.6828054,0.0001238,53.2164,163.5543,123.1567,160.5203,-0.012115,-0.01242537,0.0,0 STARLINK-4612,1 53750U 22107BC  22270.25001157 -.01242537  00000-0 -12115-1 0  9993,2 53750  53.2164 163.5543 0001238 123.1567 160.5203 15.68280540  3592,6741.956999999999,91.82,364.657,362.98800000000006,0.0
53750.0,STARLINK-4612,PAYLOAD,2022-09-27 14:00:01,15.67399285,0.0001069,53.2168,161.916,126.4449,239.6906,-0.012205,-0.01210577,0.0,0 STARLINK-4612,1 53750U 22107BC  22270.58334491 -.01210577  00000-0 -12205-1 0  9998,2 53750  53.2168 161.9160 0001069 126.4449 239.6906 15.67399285  1301,6744.484,91.872,367.07,365.628,0.0
53750.0,STARLINK-4612,PAYLOAD,2022-09-27 22:00:01,15.66567592,0.0001345,53.2172,160.2828,135.4364,312.1657,-0.012995,-0.01242369,0.0,0 STARLINK-4612,1 53750U 22107BC  22270.91668981 -.01242369  00000-0 -12995-1 0  9999,2 53750  53.2172 160.2828 0001345 135.4364 312.1657 15.66567592  1309,6746.871,91.921,369.644,367.829,0.0
53750.0,STARLINK-4612,PAYLOAD,2022-09-28 14:00:01,15.64812878,0.0001351,53.2174,157.0188,122.7072,124.5942,-0.013319,-0.0119165,0.0,0 STARLINK-4612,1 53750U 22107BC  22271.58334491 -.01191650  00000-0 -13319-1 0  9996,2 53750  53.2174 157.0188 0001351 122.7072 124.5942 15.64812878  3803,6751.9140000000025,92.024,374.691,372.867,0.0
53750.0,STARLINK-4612,PAYLOAD,2022-09-28 22:00:00,15.63980068,0.0001460999999999,53.217,155.3924,140.4306,185.183,-0.014174,-0.01223131,0.0,0 STARLINK-4612,1 53750U 22107BC  22271.91667824 -.01223131  00000-0 -14174-1 0  9992,2 53750  53.2170 155.3924 0001461 140.4306 185.1830 15.63980068  1305,6754.311,92.073,377.162,375.189,0.0
53750.0,STARLINK-4612,PAYLOAD,2022-09-29 06:00:00,15.63099034,0.0001320999999999,53.2171,153.7665,138.5205,264.4003,-0.014246,-0.01190586,0.0,0 STARLINK-4612,1 53750U 22107BC  22272.25001157 -.01190586  00000-0 -14246-1 0  9998,2 53750  53.2171 153.7665 0001321 138.5205 264.4003 15.63099034  3906,6756.848000000001,92.125,379.606,377.821,0.0
53750.0,STARLINK-4612,PAYLOAD,2022-09-29 14:00:01,15.62241812,0.0001496,53.2172,152.1408,135.64,343.5479,-0.0147509999999999,-0.01191785,0.0,0 STARLINK-4612,1 53750U 22107BC  22272.58334491 -.01191785  00000-0 -14751-1 0  9997,2 53750  53.2172 152.1408 0001496 135.6400 343.5479 15.62241812  1303,6759.32,92.175,382.196,380.174,0.0
53750.0,STARLINK-4612,PAYLOAD,2022-09-29 20:00:01,15.61598631,0.0001165999999999,53.2174,150.9256,113.7549,332.0203,-0.015104,-0.01190009,0.0,0 STARLINK-4612,1 53750U 22107BC  22272.83335648 -.01190009  00000-0 -15104-1 0  9991,2 53750  53.2174 150.9256 0001166 113.7549 332.0203 15.61598631  4008,6761.176,92.213,383.829,382.252,0.0
53750.0,STARLINK-4612,PAYLOAD,2022-09-29 22:00:00,15.61452988,0.0001652,53.2167,150.5209,128.0789,66.3058,-0.016404,-0.01275193,0.0,0 STARLINK-4612,1 53750U 22107BC  22272.91667824 -.01275193  00000-0 -16404-1 0  9996,2 53750  53.2167 150.5209 0001652 128.0789  66.3058 15.61452988  1308,6761.596,92.222,384.578,382.344,0.0
53750.0,STARLINK-4612,PAYLOAD,2022-09-30 14:00:01,15.5966808,0.0001326,53.2173,147.2815,133.1765,208.6287,-0.016228,-0.01186817,0.0,0 STARLINK-4612,1 53750U 22107BC  22273.58334491 -.01186817  00000-0 -16228-1 0  9999,2 53750  53.2173 147.2815 0001326 133.1765 208.6287 15.59668080  1304,6766.754,92.327,389.516,387.722,0.0
53750.0,STARLINK-4612,PAYLOAD,2022-09-30 16:00:00,15.59454322,0.0001296999999999,53.2176,146.8776,123.8747,326.0626,-0.016356,-0.01186427,0.0,0 STARLINK-4612,1 53750U 22107BC  22273.66667824 -.01186427  00000-0 -16356-1 0  9996,2 53750  53.2176 146.8776 0001297 123.8747 326.0626 15.59454322  4139,6767.371999999999,92.34,390.115,388.36,0.0
53750.0,STARLINK-4612,PAYLOAD,2022-09-30 22:00:00,15.58833252,0.0001322,53.2171,145.6678,132.661,281.2775,-0.017211,-0.01215783,0.0,0 STARLINK-4612,1 53750U 22107BC  22273.91667824 -.01215783  00000-0 -17211-1 0  9993,2 53750  53.2171 145.6678 0001322 132.6610 281.2775 15.58833252  1303,6769.17,92.377,391.93,390.14,0.0
53750.0,STARLINK-4612,PAYLOAD,2022-10-01 14:00:01,15.57098929,0.00014,53.2174,142.441,117.4111,77.7395,-0.017932,-0.01189056,0.0,0 STARLINK-4612,1 53750U 22107BC  22274.58334491 -.01189056  00000-0 -17932-1 0  9991,2 53750  53.2174 142.4410 0001400 117.4111  77.7395 15.57098929  4277,6774.195,92.48,397.009,395.112,0.0
53750.0,STARLINK-4612,PAYLOAD,2022-10-01 22:00:00,15.56265075,0.0001573,53.2169,140.8336,133.8042,130.3889,-0.0190229999999999,-0.01219127,0.0,0 STARLINK-4612,1 53750U 22107BC  22274.91667824 -.01219127  00000-0 -19023-1 0  9993,2 53750  53.2169 140.8336 0001573 133.8042 130.3889 15.56265075  1308,6776.615,92.529,399.546,397.414,0.0
53750.0,STARLINK-4612,PAYLOAD,2022-10-02 06:00:00,15.553952800000005,0.0001186,53.2165,139.2259,122.5764,209.6492,-0.019361,-0.0120286,0.0,0 STARLINK-4612,1 53750U 22107BC  22275.25001157 -.01202860  00000-0 -19361-1 0  9993,2 53750  53.2165 139.2259 0001186 122.5764 209.6492 15.55395280  4377,6779.141,92.581,401.81,400.202,0.0
53750.0,STARLINK-4612,PAYLOAD,2022-10-02 14:00:01,15.54528864,0.0001143,53.2165,137.6192,111.1539,288.0721,-0.0197509999999999,-0.01189774,0.0,0 STARLINK-4612,1 53750U 22107BC  22275.58334491 -.01189774  00000-0 -19751-1 0  9990,2 53750  53.2165 137.6192 0001143 111.1539 288.0721 15.54528864  1303,6781.66,92.633,404.3,402.749,0.0
53750.0,STARLINK-4612,PAYLOAD,2022-10-02 22:00:00,15.53721456,0.0001517,53.2168,136.0179,131.6367,333.5294,-0.021593,-0.01275397,0.0,0 STARLINK-4612,1 53750U 22107BC  22275.91667824 -.01275397  00000-0 -21593-1 0  9990,2 53750  53.2168 136.0179 0001517 131.6367 333.5294 15.53721456  1307,6784.009,92.681,406.903,404.845,0.0
53750.0,STARLINK-4612,PAYLOAD,2022-10-03 06:00:00,15.52836966,0.0001264999999999,53.2165,134.4163,118.3917,51.7239,-0.021596,-0.01238528,0.0,0 STARLINK-4612,1 53750U 22107BC  22276.25001157 -.01238528  00000-0 -21596-1 0  9997,2 53750  53.2165 134.4163 0001265 118.3917  51.7239 15.52836966  4530,6786.585,92.733,409.3080000000001,407.591,0.0
53750.0,STARLINK-4612,PAYLOAD,2022-10-03 14:00:01,15.51954424,0.0001492,53.2174,132.8156,123.3163,110.7172,-0.021577,-0.01201983,0.0,0 STARLINK-4612,1 53750U 22107BC  22276.58334491 -.01201983  00000-0 -21577-1 0  9997,2 53750  53.2174 132.8156 0001492 123.3163 110.7172 15.51954424  1308,6789.156999999997,92.786,412.035,410.009,0.0
53750.0,STARLINK-4612,PAYLOAD,2022-10-03 22:00:00,15.51082145,0.0001499,53.2171,131.2208,126.2571,170.643,-0.020946,-0.01120283,0.0,0 STARLINK-4612,1 53750U 22107BC  22276.91667824 -.01120283  00000-0 -20946-1 0  9995,2 53750  53.2171 131.2208 0001499 126.2571 170.6430 15.51082145  1302,6791.7019999999975,92.838,414.585,412.549,0.0
53750.0,STARLINK-4612,PAYLOAD,2022-10-04 06:00:00,15.50177336,0.00013,53.2168,129.625,106.4207,252.3327,-0.0075845,-0.00413235,0.0,0 STARLINK-4612,1 53750U 22107BC  22277.25001157 -.00413235  00000-0 -75845-2 0  9994,2 53750  53.2168 129.6250 0001300 106.4207 252.3327 15.50177336  4686,6794.345,92.893,417.093,415.327,0.0
53750.0,STARLINK-4612,PAYLOAD,2022-10-04 14:00:01,15.49884246,0.0001367,53.2176,128.0304,116.1224,303.7084,5.0597e-05,2.421e-05,0.0,0 STARLINK-4612,1 53750U 22107BC  22277.58334491  .00002421  00000-0  50597-4 0  9998,2 53750  53.2176 128.0304 0001367 116.1224 303.7084 15.49884246  1308,6795.201,92.91,417.995,416.137,0.0
53750.0,STARLINK-4612,PAYLOAD,2022-10-04 16:00:00,15.49884786,0.0001335,53.2178,127.6328,116.3194,48.7396,2.7521e-05,1.111e-05,0.0,0 STARLINK-4612,1 53750U 22107BC  22277.66667824  .00001111  00000-0  27521-4 0  9992,2 53750  53.2178 127.6328 0001335 116.3194  48.7396 15.49884786  4757,6795.2,92.91,417.972,416.158,0.0
53750.0,STARLINK-4612,PAYLOAD,2022-10-04 22:00:00,15.49903711,0.0001273,53.2138,126.4405,113.1127,7.5348,0.00047247,0.00026472,0.0,0 STARLINK-4612,1 53750U 22107BC  22277.91667824  .00026472  00000-0  47247-3 0  9993,2 53750  53.2138 126.4405 0001273 113.1127   7.5348 15.49903711  4792,6795.144,92.909,417.875,416.144,0.0
53750.0,STARLINK-4612,PAYLOAD,2022-10-05 14:00:01,15.49996068,0.000148,53.2144,123.2515,126.5223,116.0958,-0.0020269,-0.00114276,0.0,0 STARLINK-4612,1 53750U 22107BC  22278.58335648 -.00114276  00000-0 -20269-2 0  9999,2 53750  53.2144 123.2515 0001480 126.5223 116.0958 15.49996068  1305,6794.875,92.903,417.745,415.734,0.0
53750.0,STARLINK-4612,PAYLOAD,2022-10-05 22:00:00,15.498695199999998,0.0001633,53.216,121.6606,130.6993,172.9331,-0.011816,-0.0062016,0.0,0 STARLINK-4612,1 53750U 22107BC  22278.91667824 -.00620160  00000-0 -11816-1 0  9991,2 53750  53.2160 121.6606 0001633 130.6993 172.9331 15.49869520  4947,6795.244000000002,92.911,418.219,416.0,0.0
53750.0,STARLINK-4612,PAYLOAD,2022-10-06 06:00:00,15.49407546,9.16e-05,53.2168,120.0662,120.1245,244.1966,-0.019072,-0.00973981,0.0,0 STARLINK-4612,1 53750U 22107BC  22279.25001157 -.00973981  00000-0 -19072-1 0  9994,2 53750  53.2168 120.0662 0000916 120.1245 244.1966 15.49407546  4994,6796.595,92.939,419.083,417.838,0.0
53750.0,STARLINK-4612,PAYLOAD,2022-10-06 14:00:01,15.48660437,0.0001176,53.2168,118.4741,113.2112,311.0558,-0.022867,-0.01138095,0.0,0 STARLINK-4612,1 53750U 22107BC  22279.58334491 -.01138095  00000-0 -22867-1 0  9996,2 53750  53.2168 118.4741 0001176 113.2112 311.0558 15.48660437  1300,6798.781,92.984,421.445,419.846,0.0
53750.0,STARLINK-4612,PAYLOAD,2022-10-06 22:42:55,15.47770401,0.0001308,53.2175,116.7451,116.47,172.8416,-0.0250169999999999,-0.01200731,0.0,0 STARLINK-4612,1 53750U 22107BC  22279.94646991 -.01200731  00000-0 -25017-1 0  9994,2 53750  53.2175 116.7451 0001308 116.4700 172.8416 15.47770401  1300,6801.387,93.037,424.142,422.362,0.0
53750.0,STARLINK-4612,PAYLOAD,2022-10-07 00:00:00,15.47629032,0.0001348,53.2174,116.4901,111.312,116.4873,-0.024996,-0.0119441,0.0,0 STARLINK-4612,1 53750U 22107BC  22280.00001157 -.01194410  00000-0 -24996-1 0  9993,2 53750  53.2174 116.4901 0001348 111.3120 116.4873 15.47629032  5117,6801.801,93.046,424.583,422.749,0.0
53750.0,STARLINK-4612,PAYLOAD,2022-10-07 14:00:01,15.46149904,0.0001449,53.2168,113.7127,113.5723,124.4867,-0.02702,-0.01223418,0.0,0 STARLINK-4612,1 53750U 22107BC  22280.58334491 -.01223418  00000-0 -27020-1 0  9998,2 53750  53.2168 113.7127 0001449 113.5723 124.4867 15.46149904  5201,6806.138000000001,93.135,428.99,427.017,0.0
53750.0,STARLINK-4612,PAYLOAD,2022-10-07 22:00:00,15.45253938,0.0001491,53.2173,112.1317,128.0456,165.91099999999997,-0.026549,-0.01170443,0.0,0 STARLINK-4612,1 53750U 22107BC  22280.91667824 -.01170443  00000-0 -26549-1 0  9998,2 53750  53.2173 112.1317 0001491 128.0456 165.9110 15.45253938  1302,6808.769,93.189,431.649,429.619,0.0
53750.0,STARLINK-4612,PAYLOAD,2022-10-08 14:00:01,15.43561386,0.0001184,53.217,108.9698,107.7082,294.9089,-0.02891,-0.0119981,0.0,0 STARLINK-4612,1 53750U 22107BC  22281.58334491 -.01199810  00000-0 -28910-1 0  9996,2 53750  53.2170 108.9698 0001184 107.7082 294.9089 15.43561386  5367,6813.745,93.291,436.417,434.804,0.0
53750.0,STARLINK-4612,PAYLOAD,2022-10-08 22:00:00,15.42703886,0.0001284999999999,53.2173,107.3947,118.3007,337.1055,-0.0297449999999999,-0.01199143,0.0,0 STARLINK-4612,1 53750U 22107BC  22281.91667824 -.01199143  00000-0 -29745-1 0  9998,2 53750  53.2173 107.3947 0001285 118.3007 337.1055 15.42703886  1302,6816.27,93.343,439.011,437.259,0.0
53750.0,STARLINK-4612,PAYLOAD,2022-10-09 06:00:00,15.41845374,0.0001314,53.2173,105.8182,109.0304,38.1375,-0.030562,-0.01197106,0.0,0 STARLINK-4612,1 53750U 22107BC  22282.25001157 -.01197106  00000-0 -30562-1 0  9993,2 53750  53.2173 105.8182 0001314 109.0304  38.1375 15.41845374  5468,6818.8,93.395,441.561,439.769,0.0
53750.0,STARLINK-4612,PAYLOAD,2022-10-09 14:00:01,15.40992458,0.0001385999999999,53.217,104.2453,108.9557,88.94,-0.031602,-0.01202424,0.0,0 STARLINK-4612,1 53750U 22107BC  22282.58334491 -.01202424  00000-0 -31602-1 0  9995,2 53750  53.2170 104.2453 0001386 108.9557  88.9400 15.40992458  1302,6821.316,93.446,444.126,442.236,0.0
53750.0,STARLINK-4612,PAYLOAD,2022-10-09 22:00:00,15.40129782,0.0001341,53.2175,102.6762,105.112,142.4849,-0.032274,-0.01193975,0.0,0 STARLINK-4612,1 53750U 22107BC  22282.91667824 -.01193975  00000-0 -32274-1 0  9997,2 53750  53.2175 102.6762 0001341 105.1120 142.4849 15.40129782  1303,6823.863,93.499,446.643,444.81300000000016,0.0
53750.0,STARLINK-4612,PAYLOAD,2022-10-10 14:00:01,15.38418178,0.0001193999999999,53.2176,99.5391,113.0116,230.8951,-0.03428,-0.01197971,0.0,0 STARLINK-4612,1 53750U 22107BC  22283.58334491 -.01197971  00000-0 -34280-1 0  9991,2 53750  53.2176  99.5391 0001194 113.0116 230.8951 15.38418178  1308,6828.9230000000025,93.603,451.604,449.973,0.0
53750.0,STARLINK-4612,PAYLOAD,2022-10-10 22:00:01,15.37558316,0.0001189999999999,53.2174,97.976,117.2619,273.3189,-0.035127,-0.01193854,0.0,0 STARLINK-4612,1 53750U 22107BC  22283.91668981 -.01193854  00000-0 -35127-1 0  9999,2 53750  53.2174  97.9760 0001190 117.2619 273.3189 15.37558316  1301,6831.469,93.655,454.147,452.521,0.0
53750.0,STARLINK-4612,PAYLOAD,2022-10-11 06:00:00,15.36701869,0.0001142,53.2175,96.4116,102.2539,333.8436,-0.036156,-0.0119488,0.0,0 STARLINK-4612,1 53750U 22107BC  22284.25001157 -.01194880  00000-0 -36156-1 0  9996,2 53750  53.2175  96.4116 0001142 102.2539 333.8436 15.36701869  5777,6834.007,93.707,456.653,455.092,0.0
53750.0,STARLINK-4612,PAYLOAD,2022-10-11 14:00:01,15.35845764,0.0001274999999999,53.2175,94.8512,100.4163,20.2306,-0.0372199999999999,-0.01196276,0.0,0 STARLINK-4612,1 53750U 22107BC  22284.58334491 -.01196276  00000-0 -37220-1 0  9996,2 53750  53.2175  94.8512 0001275 100.4163  20.2306 15.35845764  1309,6836.545999999999,93.759,459.283,457.54,0.0
53750.0,STARLINK-4612,PAYLOAD,2022-10-11 22:00:00,15.349967499999998,0.0001449,53.2169,93.294,117.1505,47.0111,-0.0385939999999999,-0.01206021,0.0,0 STARLINK-4612,1 53750U 22107BC  22284.91667824 -.01206021  00000-0 -38594-1 0  9997,2 53750  53.2169  93.2940 0001449 117.1505  47.0111 15.34996750  1300,6839.066999999999,93.811,461.923,459.941,0.0
53750.0,STARLINK-4612,PAYLOAD,2022-10-12 06:00:00,15.34129896,0.000137,53.2174,91.7357,104.8603,101.7971,-0.039213,-0.01193043,0.0,0 STARLINK-4612,1 53750U 22107BC  22285.25001157 -.01193043  00000-0 -39213-1 0  9994,2 53750  53.2174  91.7357 0001370 104.8603 101.7971 15.34129896  5929,6841.643,93.864,464.445,462.571,0.0
53750.0,STARLINK-4612,PAYLOAD,2022-10-12 14:00:01,15.33273028,0.0001388,53.2174,90.1817,107.3304,140.7864,-0.040311,-0.01193371,0.0,0 STARLINK-4612,1 53750U 22107BC  22285.58334491 -.01193371  00000-0 -40311-1 0  9995,2 53750  53.2174  90.1817 0001388 107.3304 140.7864 15.33273028  1306,6844.191999999999,93.917,467.007,465.107,0.0
53750.0,STARLINK-4612,PAYLOAD,2022-10-12 22:00:00,15.32413962,0.0001259,53.2173,88.6305,105.9248,182.6216,-0.041282,-0.01189615,0.0,0 STARLINK-4612,1 53750U 22107BC  22285.91667824 -.01189615  00000-0 -41282-1 0  9995,2 53750  53.2173  88.6305 0001259 105.9248 182.6216 15.32413962  1305,6846.75,93.969,469.477,467.753,0.0
53750.0,STARLINK-4612,PAYLOAD,2022-10-13 14:00:01,15.3070259,0.0001217,53.2175,85.5303,114.6373,251.6785,-0.043764,-0.0121111,0.0,0 STARLINK-4612,1 53750U 22107BC  22286.58334491 -.01211110  00000-0 -43764-1 0  9993,2 53750  53.2175  85.5303 0001217 114.6373 251.6785 15.30702590  1305,6851.852,94.074,474.551,472.883,0.0
53750.0,STARLINK-4612,PAYLOAD,2022-10-13 20:00:01,15.30058672,0.0001323,53.2175,84.3715,113.1902,191.2904,-0.04457,-0.01209091,0.0,0 STARLINK-4612,1 53750U 22107BC  22286.83335648 -.01209091  00000-0 -44570-1 0  9997,2 53750  53.2175  84.3715 0001323 113.1902 191.2904 15.30058672  6165,6853.774,94.114,476.546,474.732,0.0
53750.0,STARLINK-4612,PAYLOAD,2022-10-13 22:00:00,15.29843023,0.0001135,53.2173,83.9851,106.5795,297.0762,-0.044766,-0.01206469,0.0,0 STARLINK-4612,1 53750U 22107BC  22286.91667824 -.01206469  00000-0 -44766-1 0  9993,2 53750  53.2173  83.9851 0001135 106.5795 297.0762 15.29843023  1304,6854.418000000002,94.127,477.061,475.505,0.0
53750.0,STARLINK-4612,PAYLOAD,2022-10-14 14:00:01,15.28130479,0.000128,53.2174,80.8972,92.9717,22.274,-0.047344,-0.01209887,0.0,0 STARLINK-4612,1 53750U 22107BC  22287.58334491 -.01209887  00000-0 -47344-1 0  9990,2 53750  53.2174  80.8972 0001280  92.9717  22.2740 15.28130479  1305,6859.538000000001,94.233,482.281,480.525,0.0
53750.0,STARLINK-4612,PAYLOAD,2022-10-14 16:00:00,15.27913938,0.0001405,53.2173,80.5124,97.0897,116.8156,-0.047505,-0.01206287,0.0,0 STARLINK-4612,1 53750U 22107BC  22287.66667824 -.01206287  00000-0 -47505-1 0  9998,2 53750  53.2173  80.5124 0001405  97.0897 116.8156 15.27913938  6296,6860.186,94.246,483.015,481.087,0.0
53750.0,STARLINK-4612,PAYLOAD,2022-10-14 22:00:00,15.27270766,0.0001303,53.2173,79.3578,90.5821,58.9136,-0.048393,-0.01204936,0.0,0 STARLINK-4612,1 53750U 22107BC  22287.91667824 -.01204936  00000-0 -48393-1 0  9991,2 53750  53.2173  79.3578 0001303  90.5821  58.9136 15.27270766  1303,6862.111999999999,94.286,484.871,483.083,0.0
53750.0,STARLINK-4612,PAYLOAD,2022-10-15 14:00:01,15.25557065,0.0001395,53.2175,76.2823,87.6919,127.2138,-0.0510329999999999,-0.0120602,0.0,0 STARLINK-4612,1 53750U 22107BC  22288.58334491 -.01206020  00000-0 -51033-1 0  9997,2 53750  53.2175  76.2823 0001395  87.6919 127.2138 15.25557065  1300,6867.25,94.392,490.073,488.157,0.0
53750.0,STARLINK-4612,PAYLOAD,2022-10-15 22:00:01,15.24700561,0.0001341,53.2172,74.7487,102.3755,143.7527,-0.0523929999999999,-0.01206489,0.0,0 STARLINK-4612,1 53750U 22107BC  22288.91668981 -.01206489  00000-0 -52393-1 0  9997,2 53750  53.2172  74.7487 0001341 102.3755 143.7527 15.24700561  1305,6869.821999999999,94.445,492.608,490.765,0.0
53750.0,STARLINK-4612,PAYLOAD,2022-10-16 06:00:00,15.23841711,0.0001298,53.2174,73.2145,103.7699,172.4264,-0.0536419999999999,-0.01203986,0.0,0 STARLINK-4612,1 53750U 22107BC  22289.25001157 -.01203986  00000-0 -53642-1 0  9998,2 53750  53.2174  73.2145 0001298 103.7699 172.4264 15.23841711  6534,6872.403,94.498,495.16,493.376,0.0
53750.0,STARLINK-4612,PAYLOAD,2022-10-16 14:00:01,15.22985832,0.0001242999999999,53.2174,71.6854,87.1025,218.1923,-0.055117,-0.01205681,0.0,0 STARLINK-4612,1 53750U 22107BC  22289.58334491 -.01205681  00000-0 -55117-1 0  9997,2 53750  53.2174  71.6854 0001243  87.1025 218.1923 15.22985832  1303,6874.977,94.551,497.697,495.98800000000006,0.0
53750.0,STARLINK-4612,PAYLOAD,2022-10-16 22:00:00,15.22130033,0.0001145,53.2172,70.1576,92.5272,240.8364,-0.056625,-0.01207366,0.0,0 STARLINK-4612,1 53750U 22107BC  22289.91667824 -.01207366  00000-0 -56625-1 0  9990,2 53750  53.2172  70.1576 0001145  92.5272 240.8364 15.22130033  6638,6877.554,94.604,500.206,498.631,0.0
53750.0,STARLINK-4612,PAYLOAD,2022-10-17 14:00:01,15.20415167,0.0001190999999999,53.2174,67.1066,76.8331,309.5807,-0.059534,-0.01206783,0.0,0 STARLINK-4612,1 53750U 22107BC  22290.58334491 -.01206783  00000-0 -59534-1 0  9990,2 53750  53.2174  67.1066 0001191  76.8331 309.5807 15.20415167  1308,6882.724,94.711,505.409,503.77,0.0
53750.0,STARLINK-4612,PAYLOAD,2022-10-17 22:00:00,15.19564351,0.0001238,53.217,65.5845,69.3962,341.9943,-0.061505,-0.01215296,0.0,0 STARLINK-4612,1 53750U 22107BC  22290.91667824 -.01215296  00000-0 -61505-1 0  9996,2 53750  53.2170  65.5845 0001238  69.3962 341.9943 15.19564351  6797,6885.293000000002,94.764,508.011,506.306,0.0
53750.0,STARLINK-4612,PAYLOAD,2022-10-18 14:00:01,15.17843005,0.0001418,53.2173,62.5458,62.9497,35.3137,-0.064111,-0.01205783,0.0,0 STARLINK-4612,1 53750U 22107BC  22291.58334491 -.01205783  00000-0 -64111-1 0  9997,2 53750  53.2173  62.5458 0001418  62.9497  35.3137 15.17843005  1304,6890.498000000001,94.871,513.34,511.386,0.0
53750.0,STARLINK-4612,PAYLOAD,2022-10-18 22:00:00,15.16989959,0.0001391,53.217,61.0296,67.9849,52.1662,-0.0660029999999999,-0.01210718,0.0,0 STARLINK-4612,1 53750U 22107BC  22291.91667824 -.01210718  00000-0 -66003-1 0  9999,2 53750  53.2170  61.0296 0001391  67.9849  52.1662 15.16989959  1309,6893.081,94.925,515.905,513.987,0.0
53750.0,STARLINK-4612,PAYLOAD,2022-10-19 14:00:01,15.15270054,0.0001512,53.2173,58.003,67.3988,93.4445,-0.068875,-0.01203285,0.0,0 STARLINK-4612,1 53750U 22107BC  22292.58334491 -.01203285  00000-0 -68875-1 0  9994,2 53750  53.2173  58.0030 0001512  67.3988  93.4445 15.15270054  1302,6898.295999999999,95.033,521.2040000000002,519.118,0.0
53750.0,STARLINK-4612,PAYLOAD,2022-10-19 22:00:00,15.14413827,0.0001415,53.2172,56.4927,78.1756,101.4668,-0.070623,-0.01204027,0.0,0 STARLINK-4612,1 53750U 22107BC  22292.91667824 -.01204027  00000-0 -70623-1 0  9999,2 53750  53.2172  56.4927 0001415  78.1756 101.4668 15.14413827  7098,6900.896,95.086,523.737,521.784,0.0
53750.0,STARLINK-4612,PAYLOAD,2022-10-20 14:00:01,15.12697639,0.0001526,53.2173,53.4781,68.8532,145.2994,-0.0739549999999999,-0.01201384,0.0,0 STARLINK-4612,1 53750U 22107BC  22293.58334491 -.01201384  00000-0 -73955-1 0  9998,2 53750  53.2173  53.4781 0001526  68.8532 145.2994 15.12697639  7197,6906.114000000001,95.194,529.033,526.925,0.0
53750.0,STARLINK-4612,PAYLOAD,2022-10-20 22:00:00,15.11842844,0.0001460999999999,53.2171,51.9736,68.5222,161.3393,-0.075987,-0.01204812,0.0,0 STARLINK-4612,1 53750U 22107BC  22293.91667824 -.01204812  00000-0 -75987-1 0  9990,2 53750  53.2171  51.9736 0001461  68.5222 161.3393 15.11842844  1307,6908.717,95.248,531.591,529.573,0.0
53750.0,STARLINK-4612,PAYLOAD,2022-10-21 14:00:01,15.10103868,0.0001529,53.2173,48.9711,75.9345,182.2621,-0.076069,-0.01153419,0.0,0 STARLINK-4612,1 53750U 22107BC  22294.58334491 -.01153419  00000-0 -76069-1 0  9993,2 53750  53.2173  48.9711 0001529  75.9345 182.2621 15.10103868  7342,6914.02,95.358,536.942,534.828,0.0
53750.0,STARLINK-4612,PAYLOAD,2022-10-21 22:00:00,15.09214348,0.0001554999999999,53.217,47.4722,71.2794,199.516,-0.033996,-0.00514715,0.0,0 STARLINK-4612,1 53750U 22107BC  22294.91667824 -.00514715  00000-0 -33996-1 0  9990,2 53750  53.2170  47.4722 0001555  71.2794 199.5160 15.09214348  7399,6916.736,95.414,539.677,537.526,0.0
53750.0,STARLINK-4612,PAYLOAD,2022-10-22 06:00:00,15.0883612,0.0001363,53.2173,45.9743,75.33800000000002,207.2701,2.4643e-05,1.04e-06,0.0,0 STARLINK-4612,1 53750U 22107BC  22295.25001157  .00000104  00000-0  24643-4 0  9991,2 53750  53.2173  45.9743 0001363  75.3380 207.2701 15.08836120  7442,6917.892,95.438,540.7,538.814,0.0
53750.0,STARLINK-4612,PAYLOAD,2022-10-22 14:00:01,15.08859888,0.0001373,53.218,44.477,65.9018,228.154,7.4063e-05,8.92e-06,0.0,0 STARLINK-4612,1 53750U 22107BC  22295.58334491  .00000892  00000-0  74063-4 0  9992,2 53750  53.2180  44.4770 0001373  65.9018 228.1540 15.08859888  7492,6917.82,95.436,540.634,538.735,0.0
53750.0,STARLINK-4612,PAYLOAD,2022-10-22 22:00:00,15.08904303,0.0001375,53.2179,42.9802,64.3906,241.2886,-0.0037034999999999,-0.00058851,0.0,0 STARLINK-4612,1 53750U 22107BC  22295.91667824 -.00058851  00000-0 -37035-2 0  9994,2 53750  53.2179  42.9802 0001375  64.3906 241.2886 15.08904303  1306,6917.684,95.433,540.5,538.5980000000002,0.0
53750.0,STARLINK-4612,PAYLOAD,2022-10-23 08:00:01,15.08889164,0.0001443999999999,53.2184,41.1089,74.7995,335.4982,-0.0014549,-0.00023399,0.0,0 STARLINK-4612,1 53750U 22107BC  22296.33335648 -.00023399  00000-0 -14549-2 0  9991,2 53750  53.2184  41.1089 0001444  74.7995 335.4982 15.08889164  7610,6917.73,95.434,540.594,538.596,0.0
53750.0,STARLINK-4612,PAYLOAD,2022-10-23 14:00:01,15.08851145,0.0001545,53.2183,39.988,68.3224,260.6377,0.00033883,5.11e-05,0.0,0 STARLINK-4612,1 53750U 22107BC  22296.58334491  .00005110  00000-0  33883-3 0  9995,2 53750  53.2183  39.9880 0001545  68.3224 260.6377 15.08851145  1304,6917.846,95.437,540.78,538.643,0.0
53750.0,STARLINK-4612,PAYLOAD,2022-10-23 22:00:00,15.08894266,0.0001373,53.218,38.4911,66.965,273.5955,-0.0069562,-0.00109479,0.0,0 STARLINK-4612,1 53750U 22107BC  22296.91667824 -.00109479  00000-0 -69562-2 0  9998,2 53750  53.2180  38.4911 0001373  66.9650 273.5955 15.08894266  1302,6917.715,95.434,540.529,538.63,0.0
53750.0,STARLINK-4612,PAYLOAD,2022-10-24 06:00:00,15.08815619,0.0001250999999999,53.2183,36.9938,74.7148,277.4667,-0.0023594,-0.00037617,0.0,0 STARLINK-4612,1 53750U 22107BC  22297.25001157 -.00037617  00000-0 -23594-2 0  9996,2 53750  53.2183  36.9938 0001251  74.7148 277.4667 15.08815619  7754,6917.955,95.439,540.685,538.9540000000002,0.0
53750.0,STARLINK-4612,PAYLOAD,2022-10-24 14:00:01,15.08770699,0.0001351,53.2182,35.4995,65.3704,298.3586,0.0030844,0.00049049,0.0,0 STARLINK-4612,1 53750U 22107BC  22297.58334491  .00049049  00000-0  30844-2 0  9998,2 53750  53.2182  35.4995 0001351  65.3704 298.3586 15.08770699  1300,6918.092,95.442,540.8919999999998,539.023,0.0
53750.0,STARLINK-4612,PAYLOAD,2022-10-24 22:00:00,15.08823115,0.0001308,53.2178,34.0025,65.3398,309.9164,0.0011970999999999,0.00018806,0.0,0 STARLINK-4612,1 53750U 22107BC  22297.91667824  .00018806  00000-0  11971-2 0  9991,2 53750  53.2178  34.0025 0001308  65.3398 309.9164 15.08823115  1308,6917.932,95.439,540.702,538.8919999999998,0.0
53750.0,STARLINK-4612,PAYLOAD,2022-10-25 14:00:01,15.08830557,0.0001333,53.2179,31.011,63.7858,334.6619,-0.00012535,-2.282e-05,0.0,0 STARLINK-4612,1 53750U 22107BC  22298.58334491 -.00002282  00000-0 -12535-3 0  9997,2 53750  53.2179  31.0110 0001333  63.7858 334.6619 15.08830557  1300,6917.909000000002,95.438,540.696,538.852,0.0
53750.0,STARLINK-4612,PAYLOAD,2022-10-25 22:00:01,15.08852039,0.0001252,53.2176,29.5138,63.3435,346.7468,-0.0014456,-0.00023228,0.0,0 STARLINK-4612,1 53750U 22107BC  22298.91668981 -.00023228  00000-0 -14456-2 0  9994,2 53750  53.2176  29.5138 0001252  63.3435 346.7468 15.08852039  8005,6917.844,95.437,540.575,538.842,0.0
53750.0,STARLINK-4612,PAYLOAD,2022-10-26 14:00:01,15.08851346,0.0001391,53.2177,26.5223,61.1662,12.0668,0.00036604,5.544e-05,0.0,0 STARLINK-4612,1 53750U 22107BC  22299.58334491  .00005544  00000-0  36604-3 0  9993,2 53750  53.2177  26.5223 0001391  61.1662  12.0668 15.08851346  8106,6917.846,95.437,540.673,538.748,0.0
53750.0,STARLINK-4612,PAYLOAD,2022-10-26 22:00:00,15.08871383,0.0001361999999999,53.2176,25.0249,62.5962,22.2483,-0.0032928,-0.00052357,0.0,0 STARLINK-4612,1 53750U 22107BC  22299.91667824 -.00052357  00000-0 -32928-2 0  9999,2 53750  53.2176  25.0249 0001362  62.5962  22.2483 15.08871383  1309,6917.784000000002,95.436,540.592,538.707,0.0
53750.0,STARLINK-4612,PAYLOAD,2022-10-27 14:00:01,15.08858731,0.0001506999999999,53.2178,22.0332,60.0232,48.1046,-0.0012565,-0.0002024,0.0,0 STARLINK-4612,1 53750U 22107BC  22300.58335648 -.00020240  00000-0 -12565-2 0  9992,2 53750  53.2178  22.0332 0001507  60.0232  48.1046 15.08858731  8250,6917.823,95.436,540.731,538.646,0.0
53750.0,STARLINK-4612,PAYLOAD,2022-10-27 22:00:00,15.08855254,0.0001384,53.2178,20.5357,60.2728,59.4063,-0.0008493999999999,-0.00013786,0.0,0 STARLINK-4612,1 53750U 22107BC  22300.91667824 -.00013786  00000-0 -84940-3 0  9997,2 53750  53.2178  20.5357 0001384  60.2728  59.4063 15.08855254  1305,6917.834,95.437,540.656,538.741,0.0
53750.0,STARLINK-4612,PAYLOAD,2022-10-28 08:00:01,15.08863566,0.0001457,53.218,18.6651,64.8345,159.4209,-0.0017889,-0.00028664,0.0,0 STARLINK-4612,1 53750U 22107BC  22301.33335648 -.00028664  00000-0 -17889-2 0  9998,2 53750  53.2180  18.6651 0001457  64.8345 159.4209 15.08863566  8360,6917.808000000001,95.436,540.681,538.665,0.0
53750.0,STARLINK-4612,PAYLOAD,2022-10-28 14:00:01,15.0884305,0.0001574,53.218,17.544,58.3375,84.6291,0.00014061,1.951e-05,0.0,0 STARLINK-4612,1 53750U 22107BC  22301.58335648  .00001951  00000-0  14061-3 0  9993,2 53750  53.2180  17.5440 0001574  58.3375  84.6291 15.08843050  1308,6917.871,95.437,540.825,538.6469999999998,0.0
53750.0,STARLINK-4612,PAYLOAD,2022-10-28 22:00:01,15.08853883,0.0001446,53.218,16.0464,60.1075,94.4612,-0.0022601999999999,-0.00036093,0.0,0 STARLINK-4612,1 53750U 22107BC  22301.91668981 -.00036093  00000-0 -22602-2 0  9995,2 53750  53.2180  16.0464 0001446  60.1075  94.4612 15.08853883  1305,6917.8380000000025,95.437,540.703,538.703,0.0
53750.0,STARLINK-4612,PAYLOAD,2022-10-29 08:00:01,15.08845256,0.0001541,53.2182,14.175999999999998,63.624,195.3803,3.5989000000000004e-05,2.85e-06,0.0,0 STARLINK-4612,1 53750U 22107BC  22302.33334491  .00000285  00000-0  35989-4 0  9994,2 53750  53.2182  14.1760 0001541  63.6240 195.3803 15.08845256  8511,6917.864000000001,95.437,540.795,538.663,0.0
53750.0,STARLINK-4612,PAYLOAD,2022-10-29 12:00:00,15.08844258,0.000165,53.2181,13.4287,59.8881,24.9188,0.00093295,0.00014593,0.0,0 STARLINK-4612,1 53750U 22107BC  22302.50001157  .00014593  00000-0  93295-3 0  9993,2 53750  53.2181  13.4287 0001650  59.8881  24.9188 15.08844258  1309,6917.8669999999975,95.437,540.874,538.591,0.0
53750.0,STARLINK-4612,PAYLOAD,2022-10-29 22:00:01,15.08881643,0.000157,53.2182,11.557,62.15600000000001,127.2289,-0.0024973,-0.00039858,0.0,0 STARLINK-4612,1 53750U 22107BC  22302.91668981 -.00039858  00000-0 -24973-2 0  9991,2 53750  53.2182  11.5570 0001570  62.1560 127.2289 15.08881643  1304,6917.753000000002,95.435,540.7040000000002,538.5319999999998,0.0
53750.0,STARLINK-4612,PAYLOAD,2022-10-30 00:00:00,15.08852304,0.0001545,53.2183,11.1826,63.7976,218.4421,0.00072816,0.00011324,0.0,0 STARLINK-4612,1 53750U 22107BC  22303.00001157  .00011324  00000-0  72816-3 0  9994,2 53750  53.2183  11.1826 0001545  63.7976 218.4421 15.08852304  8619,6917.843000000003,95.437,540.7769999999998,538.639,0.0
53750.0,STARLINK-4612,PAYLOAD,2022-10-30 14:00:01,15.08808072,0.0001525,53.2183,8.5656,54.3224,158.2327,0.00024373,3.59e-05,0.0,0 STARLINK-4612,1 53750U 22107BC  22303.58334491  .00003590  00000-0  24373-3 0  9998,2 53750  53.2183   8.5656 0001525  54.3224 158.2327 15.08808072  1308,6917.978,95.44,540.898,538.788,0.0
53750.0,STARLINK-4612,PAYLOAD,2022-10-30 22:00:01,15.08812298,0.0001367,53.2182,7.0676,58.664,165.5156,-0.0019757999999999,-0.00031571,0.0,0 STARLINK-4612,1 53750U 22107BC  22303.91668981 -.00031571  00000-0 -19758-2 0  9991,2 53750  53.2182   7.0676 0001367  58.6640 165.5156 15.08812298  1302,6917.965,95.439,540.776,538.884,0.0
53750.0,STARLINK-4612,PAYLOAD,2022-10-31 14:00:01,15.08790352,0.0001561,53.2181,4.0767,55.1297,192.0913,0.0036001999999999,0.00057398,0.0,0 STARLINK-4612,1 53750U 22107BC  22304.58334491  .00057398  00000-0  36002-2 0  9995,2 53750  53.2181   4.0767 0001561  55.1297 192.0913 15.08790352  1307,6918.031999999997,95.441,540.977,538.817,0.0
53750.0,STARLINK-4612,PAYLOAD,2022-10-31 22:00:01,15.08829166,0.000143,53.218,2.5787,60.9944,197.8554,0.0010703,0.00016782,0.0,0 STARLINK-4612,1 53750U 22107BC  22304.91668981  .00016782  00000-0  10703-2 0  9998,2 53750  53.2180   2.5787 0001430  60.9944 197.8554 15.08829166  1309,6917.9140000000025,95.438,540.768,538.789,0.0
53750.0,STARLINK-4612,PAYLOAD,2022-11-01 14:00:01,15.08813403,0.0001668,53.2178,359.5878,58.0597,223.9258,0.0037358,0.00059627,0.0,0 STARLINK-4612,1 53750U 22107BC  22305.58334491  .00059627  00000-0  37358-2 0  9998,2 53750  53.2178 359.5878 0001668  58.0597 223.9258 15.08813403  1306,6917.962,95.439,540.981,538.673,0.0
53750.0,STARLINK-4612,PAYLOAD,2022-11-01 22:00:00,15.08850562,0.0001504,53.2177,358.0898,63.0961,230.4833,-0.0014937,-0.00023988,0.0,0 STARLINK-4612,1 53750U 22107BC  22305.91667824 -.00023988  00000-0 -14937-2 0  9995,2 53750  53.2177 358.0898 0001504  63.0961 230.4833 15.08850562  9050,6917.848000000001,95.437,540.754,538.673,0.0
53750.0,STARLINK-4612,PAYLOAD,2022-11-02 14:00:01,15.08804968,0.0001739,53.2173,355.0991,57.5633,259.2053,0.0039676,0.00063364,0.0,0 STARLINK-4612,1 53750U 22107BC  22306.58334491  .00063364  00000-0  39676-2 0  9997,2 53750  53.2173 355.0991 0001739  57.5633 259.2053 15.08804968  1303,6917.986999999999,95.44,541.056,538.649,0.0
53750.0,STARLINK-4612,PAYLOAD,2022-11-02 22:00:00,15.08838356,0.0001565999999999,53.2174,353.6008,62.9262,265.4167,-0.00089796,-0.0001455,0.0,0 STARLINK-4612,1 53750U 22107BC  22306.91667824 -.00014550  00000-0 -89796-3 0  9997,2 53750  53.2174 353.6008 0001566  62.9262 265.4167 15.08838356  9203,6917.885,95.438,540.8340000000002,538.6669999999998,0.0
53750.0,STARLINK-4612,PAYLOAD,2022-11-03 14:00:01,15.08841825,0.0001655,53.2173,350.6098,55.37,296.1741,0.0025122,0.00039923,0.0,0 STARLINK-4612,1 53750U 22107BC  22307.58334491  .00039923  00000-0  25122-2 0  9993,2 53750  53.2173 350.6098 0001655  55.3700 296.1741 15.08841825  9316,6917.875,95.437,540.885,538.595,0.0
53750.0,STARLINK-4612,PAYLOAD,2022-11-03 22:00:00,15.08844968,0.0001525,53.2174,349.1117,60.5536,302.6140000000001,0.00045459,6.955e-05,0.0,0 STARLINK-4612,1 53750U 22107BC  22307.91667824  .00006955  00000-0  45459-3 0  9994,2 53750  53.2174 349.1117 0001525  60.5536 302.6140 15.08844968  1301,6917.865,95.437,540.785,538.675,0.0
53750.0,STARLINK-4612,PAYLOAD,2022-11-04 06:00:00,15.08870388,0.0001604,53.2178,347.6162,60.2361,314.532,-0.0040327,-0.00063952,0.0,0 STARLINK-4612,1 53750U 22107BC  22308.25001157 -.00063952  00000-0 -40327-2 0  9993,2 53750  53.2178 347.6162 0001604  60.2361 314.5320 15.08870388  9416,6917.788000000001,95.436,540.762,538.543,0.0
53750.0,STARLINK-4612,PAYLOAD,2022-11-04 14:00:01,15.08878513,0.0001624,53.2174,346.1212,53.9754,332.3878,-0.010272,-0.00160321,0.0,0 STARLINK-4612,1 53750U 22107BC  22308.58334491 -.00160321  00000-0 -10272-1 0  9992,2 53750  53.2174 346.1212 0001624  53.9754 332.3878 15.08878513  1303,6917.763000000001,95.435,540.751,538.504,0.0
53750.0,STARLINK-4612,PAYLOAD,2022-11-04 22:00:01,15.08822272,0.0001398,53.2176,344.6224,56.2462,341.8119,-0.00054213,-8.901e-05,0.0,0 STARLINK-4612,1 53750U 22107BC  22308.91668981 -.00008901  00000-0 -54213-3 0  9993,2 53750  53.2176 344.6224 0001398  56.2462 341.8119 15.08822272  9516,6917.935,95.439,540.7669999999998,538.832,0.0
53750.0,STARLINK-4612,PAYLOAD,2022-11-05 14:00:01,15.08780479,0.0001636999999999,53.2175,341.6315,49.9246,11.2535,0.003305,0.00052618,0.0,0 STARLINK-4612,1 53750U 22107BC  22309.58335648  .00052618  00000-0  33050-2 0  9995,2 53750  53.2175 341.6315 0001637  49.9246  11.2535 15.08780479  1309,6918.062,95.441,541.06,538.795,0.0
53750.0,STARLINK-4612,PAYLOAD,2022-11-05 22:00:01,15.08795123,0.0001489,53.2178,340.1335,57.4908,15.2458,0.0035275,0.00056231,0.0,0 STARLINK-4612,1 53750U 22107BC  22309.91668981  .00056231  00000-0  35275-2 0  9997,2 53750  53.2178 340.1335 0001489  57.4908  15.2458 15.08795123  1302,6918.018,95.44,540.913,538.852,0.0
53750.0,STARLINK-4612,PAYLOAD,2022-11-06 06:00:00,15.08845771,0.0001612,53.2178,338.6381,56.8739,27.3582,-0.00083844,-0.00013609,0.0,0 STARLINK-4612,1 53750U 22107BC  22310.25001157 -.00013609  00000-0 -83844-3 0  9992,2 53750  53.2178 338.6381 0001612  56.8739  27.3582 15.08845771  9718,6917.863,95.437,540.8430000000002,538.613,0.0
53750.0,STARLINK-4612,PAYLOAD,2022-11-06 14:00:01,15.08835622,0.0001675,53.2175,337.1425,50.2222,45.6053,0.0020359,0.00032258,0.0,0 STARLINK-4612,1 53750U 22107BC  22310.58334491  .00032258  00000-0  20359-2 0  9998,2 53750  53.2175 337.1425 0001675  50.2222  45.6053 15.08835622  1309,6917.894,95.438,540.918,538.6,0.0
53750.0,STARLINK-4612,PAYLOAD,2022-11-07 08:00:01,15.0882228,0.0001696,53.2175,333.7753,55.5832,156.339,6.0681e-05,6.77e-06,0.0,0 STARLINK-4612,1 53750U 22107BC  22311.33334491  .00000677  00000-0  60681-4 0  9996,2 53750  53.2175 333.7753 0001696  55.5832 156.3390 15.08822280  9873,6917.935,95.439,540.9730000000002,538.626,0.0
53750.0,STARLINK-4612,PAYLOAD,2022-11-07 22:00:00,15.08829995,0.0001591,53.2172,331.1551,61.3212,80.8764,0.001873,0.00029638,0.0,0 STARLINK-4612,1 53750U 22107BC  22311.91667824  .00029638  00000-0  18730-2 0  9993,2 53750  53.2172 331.1551 0001591  61.3212  80.8764 15.08829995  1305,6917.911,95.438,540.877,538.675,0.0
53750.0,STARLINK-4612,PAYLOAD,2022-11-08 00:00:02,15.08856477,0.0001625,53.2172,330.7808,64.17699999999999,170.9878,0.0012779999999999,0.00020119,0.0,0 STARLINK-4612,1 53750U 22107BC  22312.00002315  .00020119  00000-0  12780-2 0  9996,2 53750  53.2172 330.7808 0001625  64.1770 170.9878 15.08856477  9976,6917.83,95.437,540.819,538.571,0.0
53750.0,STARLINK-4612,PAYLOAD,2022-11-08 14:00:01,15.08862207,0.0001813,53.2167,328.1637,57.5118,107.9258,0.0020303,0.00032192,0.0,0 STARLINK-4612,1 53750U 22107BC  22312.58334491  .00032192  00000-0  20303-2 0  9996,2 53750  53.2167 328.1637 0001813  57.5118 107.9258 15.08862207  1301,6917.813,95.436,540.932,538.423,0.0
53750.0,STARLINK-4612,PAYLOAD,2022-11-08 22:00:00,15.08870256,0.0001557,53.2167,326.6655,63.5757,113.5008,-0.001049,-0.00016958,0.0,0 STARLINK-4612,1 53750U 22107BC  22312.91667824 -.00016958  00000-0 -10490-2 0  9992,2 53750  53.2167 326.6655 0001557  63.5757 113.5008 15.08870256 10113,6917.788000000001,95.436,540.73,538.576,0.0
53750.0,STARLINK-4612,PAYLOAD,2022-11-09 14:00:01,15.08795513,0.0001435,53.2163,323.6741,49.6863,150.5911,0.0011885,0.00018655,0.0,0 STARLINK-4612,1 53750U 22107BC  22313.58334491  .00018655  00000-0  11885-2 0  9990,2 53750  53.2163 323.6741 0001435  49.6863 150.5911 15.08795513  1307,6918.016,95.44,540.874,538.889,0.0
53750.0,STARLINK-4612,PAYLOAD,2022-11-09 22:00:01,15.08785507,0.000131,53.2163,322.1761,58.3808,153.5131,0.0034132,0.00054371,0.0,0 STARLINK-4612,1 53750U 22107BC  22313.91668981  .00054371  00000-0  34132-2 0  9996,2 53750  53.2163 322.1761 0001310  58.3808 153.5131 15.08785507 10265,6918.047,95.441,540.818,539.006,0.0
53750.0,STARLINK-4612,PAYLOAD,2022-11-10 14:00:01,15.08834959,0.0001496,53.2162,319.1849,50.8604,184.0915,0.00018108,2.595e-05,0.0,0 STARLINK-4612,1 53750U 22107BC  22314.58334491  .00002595  00000-0  18108-3 0  9993,2 53750  53.2162 319.1849 0001496  50.8604 184.0915 15.08834959  1303,6917.896,95.438,540.7959999999998,538.726,0.0
53750.0,STARLINK-4612,PAYLOAD,2022-11-10 16:00:00,15.08847881,0.0001471,53.2163,318.8103,52.6582,275.1874,-0.0014364,-0.0002308,0.0,0 STARLINK-4612,1 53750U 22107BC  22314.66667824 -.00023080  00000-0 -14364-2 0  9994,2 53750  53.2163 318.8103 0001471  52.6582 275.1874 15.08847881 10372,6917.856,95.437,540.739,538.7040000000002,0.0
53750.0,STARLINK-4612,PAYLOAD,2022-11-10 22:00:00,15.08824655,0.0001426999999999,53.2163,317.6868,59.8187,186.7281,0.0024743,0.00039294,0.0,0 STARLINK-4612,1 53750U 22107BC  22314.91667824  .00039294  00000-0  24743-2 0  9996,2 53750  53.2163 317.6868 0001427  59.8187 186.7281 15.08824655  1304,6917.927,95.439,540.779,538.805,0.0
53750.0,STARLINK-4612,PAYLOAD,2022-11-11 14:00:01,15.08846764,0.0001653,53.2164,314.6955,53.9629,215.7632,-0.00045076,-7.456e-05,0.0,0 STARLINK-4612,1 53750U 22107BC  22315.58334491 -.00007456  00000-0 -45076-3 0  9991,2 53750  53.2164 314.6955 0001653  53.9629 215.7632 15.08846764  1304,6917.86,95.437,540.868,538.581,0.0
53750.0,STARLINK-4612,PAYLOAD,2022-11-11 16:00:01,15.0885878,0.0001622,53.2166,314.3208,55.524,307.1617,-0.0021441,-0.00034267,0.0,0 STARLINK-4612,1 53750U 22107BC  22315.66668981 -.00034267  00000-0 -21441-2 0  9993,2 53750  53.2166 314.3208 0001622  55.5240 307.1617 15.08858780 10532,6917.823,95.436,540.81,538.566,0.0
53750.0,STARLINK-4612,PAYLOAD,2022-11-11 22:00:00,15.08834002,0.0001539,53.2167,313.1975,60.7933,220.5415,0.00098616,0.00015439,0.0,0 STARLINK-4612,1 53750U 22107BC  22315.91667824  .00015439  00000-0  98616-3 0  9993,2 53750  53.2167 313.1975 0001539  60.7933 220.5415 15.08834002  1305,6917.899,95.438,540.828,538.6990000000002,0.0
53750.0,STARLINK-4612,PAYLOAD,2022-11-12 08:00:01,15.08835217,0.0001710999999999,53.217,311.329,54.3993,331.4342,0.0016825,0.00026587,0.0,0 STARLINK-4612,1 53750U 22107BC  22316.33334491  .00026587  00000-0  16825-2 0  9998,2 53750  53.2170 311.3290 0001711  54.3993 331.4342 15.08835217 10632,6917.895,95.438,540.944,538.576,0.0
53750.0,STARLINK-4612,PAYLOAD,2022-11-12 14:00:01,15.0888043,0.0001617,53.217,310.2062,52.5634,251.9607,-0.0031572,-0.0005024,0.0,0 STARLINK-4612,1 53750U 22107BC  22316.58334491 -.00050240  00000-0 -31572-2 0  9996,2 53750  53.2170 310.2062 0001617  52.5634 251.9607 15.08880430  1305,6917.757,95.435,540.74,538.503,0.0
53750.0,STARLINK-4612,PAYLOAD,2022-11-12 22:00:00,15.08835345,0.000154,53.2173,308.7083,60.0978,256.0531,0.00032103,4.824e-05,0.0,0 STARLINK-4612,1 53750U 22107BC  22316.91667824  .00004824  00000-0  32103-3 0  9999,2 53750  53.2173 308.7083 0001540  60.0978 256.0531 15.08835345 10715,6917.895,95.438,540.825,538.694,0.0
53750.0,STARLINK-4612,PAYLOAD,2022-11-13 14:00:01,15.08841018,0.0001663,53.2174,305.717,53.2979,286.0209,-0.0027945,-0.0004449,0.0,0 STARLINK-4612,1 53750U 22107BC  22317.58334491 -.00044490  00000-0 -27945-2 0  9996,2 53750  53.2174 305.7170 0001663  53.2979 286.0209 15.08841018  1305,6917.877,95.437,540.893,538.592,0.0
53750.0,STARLINK-4612,PAYLOAD,2022-11-13 22:00:00,15.08803794,0.0001549,53.2177,304.2194,61.0361,289.8641,0.0033003,0.00052576,0.0,0 STARLINK-4612,1 53750U 22107BC  22317.91667824  .00052576  00000-0  33003-2 0  9996,2 53750  53.2177 304.2194 0001549  61.0361 289.8641 15.08803794  1303,6917.991,95.44,540.928,538.784,0.0
53750.0,STARLINK-4612,PAYLOAD,2022-11-14 14:00:01,15.08875184,0.0001616,53.2175,301.2279,53.5374,320.5213,-0.004105,-0.00065092,0.0,0 STARLINK-4612,1 53750U 22107BC  22318.58334491 -.00065092  00000-0 -41050-2 0  9991,2 53750  53.2175 301.2279 0001616  53.5374 320.5213 15.08875184  1307,6917.773,95.435,540.756,538.52,0.0
53750.0,STARLINK-4612,PAYLOAD,2022-11-14 22:00:00,15.08814618,0.0001471,53.2178,299.7307,61.11600000000001,324.5552,0.0029118,0.00046326,0.0,0 STARLINK-4612,1 53750U 22107BC  22318.91667824  .00046326  00000-0  29118-2 0  9995,2 53750  53.2178 299.7307 0001471  61.1160 324.5552 15.08814618  1305,6917.958000000001,95.439,540.841,538.805,0.0
53750.0,STARLINK-4612,PAYLOAD,2022-11-15 08:00:01,15.08836003,0.000159,53.2177,297.8622,52.5609,77.6608,0.00055071,8.486e-05,0.0,0 STARLINK-4612,1 53750U 22107BC  22319.33335648  .00008486  00000-0  55071-3 0  9991,2 53750  53.2177 297.8622 0001590  52.5609  77.6608 15.08836003 11083,6917.893,95.438,540.8580000000002,538.658,0.0
53750.0,STARLINK-4612,PAYLOAD,2022-11-15 14:00:01,15.08854953,0.0001483,53.2173,296.7391,53.6266,355.226,-0.002802,-0.00044624,0.0,0 STARLINK-4612,1 53750U 22107BC  22319.58334491 -.00044624  00000-0 -28020-2 0  9992,2 53750  53.2173 296.7391 0001483  53.6266 355.2260 15.08854953  1309,6917.835,95.437,540.726,538.674,0.0
53750.0,STARLINK-4612,PAYLOAD,2022-11-15 22:00:00,15.08825607,0.0001368,53.2174,295.2419,61.4464,359.0,0.0025235,0.00040086,0.0,0 STARLINK-4612,1 53750U 22107BC  22319.91667824  .00040086  00000-0  25235-2 0  9999,2 53750  53.2174 295.2419 0001368  61.4464 359.0000 15.08825607  1302,6917.924,95.438,540.736,538.8430000000002,0.0
53750.0,STARLINK-4612,PAYLOAD,2022-11-16 14:00:01,15.08852659,0.0001473,53.2169,292.2501,51.3703,32.3235,-0.0030921,-0.0004918,0.0,0 STARLINK-4612,1 53750U 22107BC  22320.58335648 -.00049180  00000-0 -30921-2 0  9994,2 53750  53.2169 292.2501 0001473  51.3703  32.3235 15.08852659 11271,6917.842,95.437,540.726,538.688,0.0
53750.0,STARLINK-4612,PAYLOAD,2022-11-16 22:00:08,15.08813632,0.0001529,53.2171,290.7519,58.7155,36.9469,0.0022784,0.00036133,0.0,0 STARLINK-4612,1 53750U 22107BC  22320.91675926  .00036133  00000-0  22784-2 0  9997,2 53750  53.2171 290.7519 0001529  58.7155  36.9469 15.08813632  1300,6917.9609999999975,95.439,540.884,538.768,0.0
53750.0,STARLINK-4612,PAYLOAD,2022-11-17 06:00:00,15.0884527,0.0001655,53.2165,289.2586,58.3789,48.4122,-0.00019717,-3.425e-05,0.0,0 STARLINK-4612,1 53750U 22107BC  22321.25001157 -.00003425  00000-0 -19717-3 0  9997,2 53750  53.2165 289.2586 0001655  58.3789  48.4122 15.08845270 11374,6917.864000000001,95.437,540.874,538.5840000000002,0.0
53750.0,STARLINK-4612,PAYLOAD,2022-11-17 14:00:01,15.08855213,0.0001527,53.2161,287.7611,58.6922,59.7016,-0.0025781,-0.00041102,0.0,0 STARLINK-4612,1 53750U 22107BC  22321.58334491 -.00041102  00000-0 -25781-2 0  9994,2 53750  53.2161 287.7611 0001527  58.6922  59.7016 15.08855213  1309,6917.834,95.437,540.755,538.643,0.0
53750.0,STARLINK-4612,PAYLOAD,2022-11-17 22:00:00,15.08833862,0.0001495,53.217,286.2631,55.1942,74.7939,0.00033736,5.084e-05,0.0,0 STARLINK-4612,1 53750U 22107BC  22321.91667824  .00005084  00000-0  33736-3 0  9997,2 53750  53.2170 286.2631 0001495  55.1942  74.7939 15.08833862  1300,6917.899,95.438,540.798,538.73,0.0
53750.0,STARLINK-4612,PAYLOAD,2022-11-18 14:00:01,15.0884235,0.000167,53.2159,283.2718,61.008,92.1394,-0.0011675,-0.00018822,0.0,0 STARLINK-4612,1 53750U 22107BC  22322.58334491 -.00018822  00000-0 -11675-2 0  9995,2 53750  53.2159 283.2718 0001670  61.0080  92.1394 15.08842350 11575,6917.873000000001,95.437,540.893,538.5830000000002,0.0
53750.0,STARLINK-4612,PAYLOAD,2022-11-18 22:00:00,15.08841754,0.0001701,53.2162,281.7748,66.7873,97.9457,0.0011064,0.00017365,0.0,0 STARLINK-4612,1 53750U 22107BC  22322.91667824  .00017365  00000-0  11064-2 0  9992,2 53750  53.2162 281.7748 0001701  66.7873  97.9457 15.08841754  1302,6917.875,95.437,540.9169999999998,538.563,0.0
53750.0,STARLINK-4612,PAYLOAD,2022-11-19 08:00:01,15.08844576,0.0001788,53.2161,279.9061,57.4752,211.7701,0.0014133,0.00022279,0.0,0 STARLINK-4612,1 53750U 22107BC  22323.33334491  .00022279  00000-0  14133-2 0  9990,2 53750  53.2161 279.9061 0001788  57.4752 211.7701 15.08844576 11681,6917.866,95.437,540.9680000000002,538.494,0.0
53750.0,STARLINK-4612,PAYLOAD,2022-11-19 14:00:01,15.08858493,0.0001654,53.2162,278.7822,60.0897,127.864,-0.0018071,-0.00028948,0.0,0 STARLINK-4612,1 53750U 22107BC  22323.58334491 -.00028948  00000-0 -18071-2 0  9993,2 53750  53.2162 278.7822 0001654  60.0897 127.8640 15.08858493  1306,6917.824000000001,95.436,540.8330000000002,538.545,0.0
53750.0,STARLINK-4612,PAYLOAD,2022-11-19 22:00:00,15.08854044,0.0001653,53.2165,277.2854,64.8665,134.6844,0.00072221,0.00011229,0.0,0 STARLINK-4612,1 53750U 22107BC  22323.91667824  .00011229  00000-0  72221-3 0  9999,2 53750  53.2165 277.2854 0001653  64.8665 134.6844 15.08854044  1302,6917.837,95.437,540.846,538.559,0.0
53750.0,STARLINK-4612,PAYLOAD,2022-11-20 14:00:01,15.08835414,0.0001523,53.2168,274.2926,56.4375,166.3312,-0.0016813,-0.00026943,0.0,0 STARLINK-4612,1 53750U 22107BC  22324.58334491 -.00026943  00000-0 -16813-2 0  9999,2 53750  53.2168 274.2926 0001523  56.4375 166.3312 15.08835414 11878,6917.894,95.438,540.813,538.706,0.0
53750.0,STARLINK-4612,PAYLOAD,2022-11-20 22:00:00,15.08835236,0.000153,53.2171,272.796,61.7923,172.5493,0.00055739,8.593e-05,0.0,0 STARLINK-4612,1 53750U 22107BC  22324.91667824  .00008593  00000-0  55739-3 0  9995,2 53750  53.2171 272.7960 0001530  61.7923 172.5493 15.08835236  1307,6917.895,95.438,540.818,538.702,0.0
53750.0,STARLINK-4612,PAYLOAD,2022-11-21 08:00:01,15.08829364,0.0001626999999999,53.217,270.927,51.4237,287.4008,0.0013969,0.00022007,0.0,0 STARLINK-4612,1 53750U 22107BC  22325.33334491  .00022007  00000-0  13969-2 0  9997,2 53750  53.2170 270.9270 0001627  51.4237 287.4008 15.08829364 11990,6917.913000000001,95.438,540.903,538.6519999999998,0.0
53750.0,STARLINK-4612,PAYLOAD,2022-11-21 14:00:01,15.08847119,0.0001479,53.2174,269.8033,55.9572,201.5648,-0.0021391,-0.00034177,0.0,0 STARLINK-4612,1 53750U 22107BC  22325.58334491 -.00034177  00000-0 -21391-2 0  9995,2 53750  53.2174 269.8033 0001479  55.9572 201.5648 15.08847119  1303,6917.859,95.437,540.747,538.7,0.0
53750.0,STARLINK-4612,PAYLOAD,2022-11-21 22:00:00,15.08839776,0.0001458,53.2176,268.3068,59.7367,209.3652,0.00024414,3.6e-05,0.0,0 STARLINK-4612,1 53750U 22107BC  22325.91667824  .00003600  00000-0  24414-3 0  9996,2 53750  53.2176 268.3068 0001458  59.7367 209.3652 15.08839776  1309,6917.880999999999,95.438,540.755,538.737,0.0
53750.0,STARLINK-4612,PAYLOAD,2022-11-22 14:00:01,15.08849388,0.0001539,53.2176,265.314,58.5399,233.8206,-0.0022004,-0.00035146,0.0,0 STARLINK-4612,1 53750U 22107BC  22326.58335648 -.00035146  00000-0 -22004-2 0  9990,2 53750  53.2176 265.3140 0001539  58.5399 233.8206 15.08849388  1306,6917.852,95.437,540.781,538.6519999999998,0.0
53750.0,STARLINK-4612,PAYLOAD,2022-11-22 22:00:00,15.088421599999998,0.0001587,53.2178,263.8178,62.9526,240.9271,-0.00035284,-5.899e-05,0.0,0 STARLINK-4612,1 53750U 22107BC  22326.91667824 -.00005899  00000-0 -35284-3 0  9998,2 53750  53.2178 263.8178 0001587  62.9526 240.9271 15.08842160  1308,6917.874,95.437,540.837,538.641,0.0
53750.0,STARLINK-4612,PAYLOAD,2022-11-23 08:00:01,15.08841657,0.0001654,53.2173,261.9487,53.7203,354.65,-0.00054335,-8.925e-05,0.0,0 STARLINK-4612,1 53750U 22107BC  22327.33334491 -.00008925  00000-0 -54335-3 0  9997,2 53750  53.2173 261.9487 0001654  53.7203 354.6500 15.08841657 12298,6917.875,95.437,540.885,538.596,0.0
53750.0,STARLINK-4612,PAYLOAD,2022-11-23 14:00:01,15.0882315,0.000151,53.2175,260.8251,60.2619,266.811,-8.2889e-05,-1.606e-05,0.0,0 STARLINK-4612,1 53750U 22107BC  22327.58334491 -.00001606  00000-0 -82889-4 0  9999,2 53750  53.2175 260.8251 0001510  60.2619 266.8110 15.08823150  1301,6917.932,95.439,540.842,538.752,0.0
53750.0,STARLINK-4612,PAYLOAD,2022-11-23 22:00:00,15.08841145,0.0001516,53.2176,259.3292,62.0966,276.5417,-0.00095035,-0.00015381,0.0,0 STARLINK-4612,1 53750U 22107BC  22327.91667824 -.00015381  00000-0 -95035-3 0  9996,2 53750  53.2176 259.3292 0001516  62.0966 276.5417 15.08841145  1303,6917.877,95.437,540.7909999999998,538.693,0.0
53750.0,STARLINK-4612,PAYLOAD,2022-11-24 14:00:01,15.08831843,0.0001531999999999,53.217,256.3364,61.6588,300.1636,0.0012239,0.0001924,0.0,0 STARLINK-4612,1 53750U 22107BC  22328.58334491  .00019240  00000-0  12239-2 0  9991,2 53750  53.2170 256.3364 0001532  61.6588 300.1636 15.08831843  1308,6917.905,95.438,540.83,538.71,0.0
53750.0,STARLINK-4612,PAYLOAD,2022-11-24 22:00:00,15.08874003,0.0001557,53.217,254.8407,62.4432,310.9642,-0.0028824,-0.00045912,0.0,0 STARLINK-4612,1 53750U 22107BC  22328.91667824 -.00045912  00000-0 -28824-2 0  9991,2 53750  53.2170 254.8407 0001557  62.4432 310.9642 15.08874003  1304,6917.776,95.435,540.719,538.564,0.0
53750.0,STARLINK-4612,PAYLOAD,2022-11-25 14:00:01,15.08825737,0.0001495,53.2165,251.8476,60.5956,336.0254,0.0019494,0.00030861,0.0,0 STARLINK-4612,1 53750U 22107BC  22329.58334491  .00030861  00000-0  19494-2 0  9994,2 53750  53.2165 251.8476 0001495  60.5956 336.0254 15.08825737 12638,6917.924,95.438,540.823,538.755,0.0
53750.0,STARLINK-4612,PAYLOAD,2022-11-25 22:00:00,15.08869059,0.0001585,53.2164,250.3519,61.1609,347.0486,-0.00098717,-0.00015977,0.0,0 STARLINK-4612,1 53750U 22107BC  22329.91667824 -.00015977  00000-0 -98717-3 0  9999,2 53750  53.2164 250.3519 0001585  61.1609 347.0486 15.08869059  1307,6917.792,95.436,540.753,538.56,0.0
53750.0,STARLINK-4612,PAYLOAD,2022-11-26 14:00:01,15.08841989,0.0001515,53.2162,247.3585,58.682,12.7833,0.00092624,0.00014485,0.0,0 STARLINK-4612,1 53750U 22107BC  22330.58334491  .00014485  00000-0  92624-3 0  9997,2 53750  53.2162 247.3585 0001515  58.6820  12.7833 15.08841989 12781,6917.874,95.437,540.7869999999998,538.691,0.0
53750.0,STARLINK-4612,PAYLOAD,2022-11-26 22:00:00,15.08863396,0.0001675,53.2161,245.8629,59.768,23.298,-0.0041604999999999,-0.00065939,0.0,0 STARLINK-4612,1 53750U 22107BC  22330.91667824 -.00065939  00000-0 -41605-2 0  9997,2 53750  53.2161 245.8629 0001675  59.7680  23.2980 15.08863396  1307,6917.809,95.436,540.8330000000002,538.515,0.0
53750.0,STARLINK-4612,PAYLOAD,2022-11-27 06:00:00,15.08798168,0.0001739,53.2159,244.3676,52.6849,41.9831,0.0027053,0.0004298,0.0,0 STARLINK-4612,1 53750U 22107BC  22331.25001157  .00042980  00000-0  27053-2 0  9996,2 53750  53.2159 244.3676 0001739  52.6849  41.9831 15.08798168 12881,6918.0080000000025,95.44,541.076,538.67,0.0
53750.0,STARLINK-4612,PAYLOAD,2022-11-27 14:00:01,15.08801598,0.0001605,53.2161,242.8695,58.8933,47.3441,0.0027107,0.00043071,0.0,0 STARLINK-4612,1 53750U 22107BC  22331.58334491  .00043071  00000-0  27107-2 0  9994,2 53750  53.2161 242.8695 0001605  58.8933  47.3441 15.08801598  1306,6917.998000000001,95.44,540.9730000000002,538.752,0.0
53750.0,STARLINK-4612,PAYLOAD,2022-11-27 22:00:00,15.08847606,0.0001730999999999,53.2161,241.3739,58.4846,59.3155,-0.0016299,-0.0002614,0.0,0 STARLINK-4612,1 53750U 22107BC  22331.91667824 -.00026140  00000-0 -16299-2 0  9990,2 53750  53.2161 241.3739 0001731  58.4846  59.3155 15.08847606  1303,6917.857,95.437,540.92,538.525,0.0
53750.0,STARLINK-4612,PAYLOAD,2022-11-28 00:00:00,15.08844212,0.0001773,53.216,241.0003,56.3616,154.3385,-0.0017500999999999,-0.00028036,0.0,0 STARLINK-4612,1 53750U 22107BC  22332.00001157 -.00028036  00000-0 -17501-2 0  9995,2 53750  53.2160 241.0003 0001773  56.3616 154.3385 15.08844212 12999,6917.868,95.437,540.9590000000002,538.506,0.0
53750.0,STARLINK-4612,PAYLOAD,2022-11-28 14:00:01,15.08807812,0.000159,53.2162,238.3803,57.8208,83.1696,0.003126,0.0004977,0.0,0 STARLINK-4612,1 53750U 22107BC  22332.58334491  .00049770  00000-0  31260-2 0  9992,2 53750  53.2162 238.3803 0001590  57.8208  83.1696 15.08807812 13088,6917.979,95.44,540.944,538.744,0.0
53750.0,STARLINK-4612,PAYLOAD,2022-11-28 22:00:01,15.08851233,0.0001716,53.2163,236.8848,57.0749,95.5511,-0.0011139,-0.00017978,0.0,0 STARLINK-4612,1 53750U 22107BC  22332.91668981 -.00017978  00000-0 -11139-2 0  9993,2 53750  53.2163 236.8848 0001716  57.0749  95.5511 15.08851233  1304,6917.846,95.437,540.898,538.524,0.0
53750.0,STARLINK-4612,PAYLOAD,2022-11-29 06:00:00,15.08853137,0.0001766,53.2161,235.3891,51.5441,112.6194,-0.0010351,-0.0001673,0.0,0 STARLINK-4612,1 53750U 22107BC  22333.25001157 -.00016730  00000-0 -10351-2 0  9997,2 53750  53.2161 235.3891 0001766  51.5441 112.6194 15.08853137 13189,6917.84,95.437,540.927,538.484,0.0
53750.0,STARLINK-4612,PAYLOAD,2022-11-29 14:00:01,15.08822789,0.0001599,53.2163,233.891,58.3528,117.4844,8.839e-05,1.118e-05,0.0,0 STARLINK-4612,1 53750U 22107BC  22333.58335648  .00001118  00000-0  88390-4 0  9990,2 53750  53.2163 233.8910 0001599  58.3528 117.4844 15.08822789  1306,6917.933000000001,95.439,540.904,538.692,0.0
53750.0,STARLINK-4612,PAYLOAD,2022-11-29 22:00:00,15.08822636,0.0001764999999999,53.2164,232.3957,58.2572,129.0949,-0.00099158,-0.00016027,0.0,0 STARLINK-4612,1 53750U 22107BC  22333.91667824 -.00016027  00000-0 -99158-3 0  9991,2 53750  53.2164 232.3957 0001765  58.2572 129.0949 15.08822636  1301,6917.933000000001,95.439,541.019,538.577,0.0
53750.0,STARLINK-4612,PAYLOAD,2022-11-30 14:00:01,15.08807295,0.0001655,53.2163,229.4015,62.5879,147.976,0.0031454,0.00050082,0.0,0 STARLINK-4612,1 53750U 22107BC  22334.58335648  .00050082  00000-0  31454-2 0  9992,2 53750  53.2163 229.4015 0001655  62.5879 147.9760 15.08807295 13383,6917.98,95.44,540.99,538.7,0.0
53750.0,STARLINK-4612,PAYLOAD,2022-11-30 22:00:00,15.08852544,0.0001736,53.217,227.9059,62.7475,159.3302,-0.0016092,-0.00025816,0.0,0 STARLINK-4612,1 53750U 22107BC  22334.91667824 -.00025816  00000-0 -16092-2 0  9993,2 53750  53.2170 227.9059 0001736  62.7475 159.3302 15.08852544  1301,6917.842,95.437,540.908,538.506,0.0
53750.0,STARLINK-4612,PAYLOAD,2022-12-01 06:00:00,15.088568099999998,0.0001773,53.216,226.4106,55.9709,177.6924,-0.0028923,-0.00046047,0.0,0 STARLINK-4612,1 53750U 22107BC  22335.25001157 -.00046047  00000-0 -28923-2 0  9997,2 53750  53.2160 226.4106 0001773  55.9709 177.6924 15.08856810 13487,6917.829000000002,95.436,540.9209999999998,538.467,0.0
53750.0,STARLINK-4612,PAYLOAD,2022-12-01 14:00:01,15.08808001,0.0001598,53.216,224.9127,62.5621,182.7234,0.0033571,0.00053499,0.0,0 STARLINK-4612,1 53750U 22107BC  22335.58334491  .00053499  00000-0  33571-2 0  9995,2 53750  53.2160 224.9127 0001598  62.5621 182.7234 15.08808001  1303,6917.978,95.44,540.9490000000002,538.738,0.0
53750.0,STARLINK-4612,PAYLOAD,2022-12-01 22:00:00,15.08846038,0.0001718,53.2161,223.4179,59.1354,197.726,-0.00061803,-0.00010112,0.0,0 STARLINK-4612,1 53750U 22107BC  22335.91667824 -.00010112  00000-0 -61803-3 0  9998,2 53750  53.2161 223.4179 0001718  59.1354 197.7260 15.08846038 13584,6917.861999999999,95.437,540.915,538.538,0.0
53750.0,STARLINK-4612,PAYLOAD,2022-12-02 14:00:01,15.08806692,0.0001556,53.2158,220.4236,62.1428,217.9254,0.0026713,0.00042443,0.0,0 STARLINK-4612,1 53750U 22107BC  22336.58334491  .00042443  00000-0  26713-2 0  9993,2 53750  53.2158 220.4236 0001556  62.1428 217.9254 15.08806692  1304,6917.982,95.44,540.924,538.771,0.0
53750.0,STARLINK-4612,PAYLOAD,2022-12-02 22:00:00,15.08836654,0.0001695,53.2158,218.9288,58.1418,233.4998,-0.00076003,-0.00012363,0.0,0 STARLINK-4612,1 53750U 22107BC  22336.91667824 -.00012363  00000-0 -76003-3 0  9997,2 53750  53.2158 218.9288 0001695  58.1418 233.4998 15.08836654  1300,6917.891,95.438,540.928,538.5830000000002,0.0
53750.0,STARLINK-4612,PAYLOAD,2022-12-03 00:00:00,15.08828431,0.0001749,53.2159,218.5551,57.0302,327.5098,0.00040592,6.176e-05,0.0,0 STARLINK-4612,1 53750U 22107BC  22337.00001157  .00006176  00000-0  40592-3 0  9996,2 53750  53.2159 218.5551 0001749  57.0302 327.5098 15.08828431 13752,6917.916,95.438,540.991,538.571,0.0
53750.0,STARLINK-4612,PAYLOAD,2022-12-03 14:00:01,15.08833589,0.0001689,53.2156,215.9345,63.6009,251.2265,0.00046105,7.056e-05,0.0,0 STARLINK-4612,1 53750U 22107BC  22337.58334491  .00007056  00000-0  46105-3 0  9993,2 53750  53.2156 215.9345 0001689  63.6009 251.2265 15.08833589  1308,6917.9,95.438,540.933,538.597,0.0
53750.0,STARLINK-4612,PAYLOAD,2022-12-03 22:00:00,15.08830314,0.0001904,53.2157,214.4398,60.2463,266.1752,-0.00066927,-0.00010921,0.0,0 STARLINK-4612,1 53750U 22107BC  22337.91667824 -.00010921  00000-0 -66927-3 0  9990,2 53750  53.2157 214.4398 0001904  60.2463 266.1752 15.08830314  1307,6917.91,95.438,541.092,538.4580000000002,0.0
53750.0,STARLINK-4612,PAYLOAD,2022-12-04 06:00:00,15.08846072,0.0001894,53.2156,212.9433,57.7612,280.2349,-0.0011181,-0.00018042,0.0,0 STARLINK-4612,1 53750U 22107BC  22338.25001157 -.00018042  00000-0 -11181-2 0  9992,2 53750  53.2156 212.9433 0001894  57.7612 280.2349 15.08846072 13933,6917.861999999999,95.437,541.0369999999998,538.4169999999998,0.0
53750.0,STARLINK-4612,PAYLOAD,2022-12-04 14:00:01,15.08819858,0.0001848,53.2158,211.4455,65.0737,284.5217,0.0031657,0.00050427,0.0,0 STARLINK-4612,1 53750U 22107BC  22338.58334491  .00050427  00000-0  31657-2 0  9999,2 53750  53.2158 211.4455 0001848  65.0737 284.5217 15.08819858  1303,6917.941999999999,95.439,541.085,538.529,0.0
53750.0,STARLINK-4612,PAYLOAD,2022-12-04 22:00:00,15.08855005,0.0001988,53.2158,209.9508,60.1871,301.001,-0.00063505,-0.00010385,0.0,0 STARLINK-4612,1 53750U 22107BC  22338.91667824 -.00010385  00000-0 -63505-3 0  9994,2 53750  53.2158 209.9508 0001988  60.1871 301.0010 15.08855005  1304,6917.835,95.437,541.075,538.3240000000002,0.0
53750.0,STARLINK-4612,PAYLOAD,2022-12-05 14:00:01,15.08822238,0.0001821,53.216,206.9563,64.0665,320.405,0.0029897,0.00047592,0.0,0 STARLINK-4612,1 53750U 22107BC  22339.58335648  .00047592  00000-0  29897-2 0  9997,2 53750  53.2160 206.9563 0001821  64.0665 320.4050 15.08822238  1306,6917.935,95.439,541.059,538.54,0.0
53750.0,STARLINK-4612,PAYLOAD,2022-12-05 20:15:07,15.08846023,0.0002052,53.2162,205.7883,64.0621,296.0582,0.00018291,2.625e-05,0.0,0 STARLINK-4612,1 53750U 22107BC  22339.84383721  .00002625  00000-0  18291-3 0  9996,2 53750  53.2162 205.7883 0002052  64.0621 296.0582 15.08846023 14972,6917.861999999999,95.437,541.1469999999998,538.307,0.0
53750.0,STARLINK-4612,PAYLOAD,2022-12-06 02:36:39,15.08850449,0.0001943,53.2161,204.5984,63.7995,296.3197,0.00021221,3.092e-05,0.0,0 STARLINK-4612,1 53750U 22107BC  22340.10879438  .00003092  00000-0  21221-3 0  9998,2 53750  53.2161 204.5984 0001943  63.7995 296.3197 15.08850449 14228,6917.848000000001,95.437,541.058,538.369,0.0
53750.0,STARLINK-4612,PAYLOAD,2022-12-06 20:05:54,15.08827661,0.0001817,53.216,201.3269,72.4345,287.6846,-0.0002661,-4.519e-05,0.0,0 STARLINK-4612,1 53750U 22107BC  22340.83744177 -.00004519  00000-0 -26610-3 0  9993,2 53750  53.2160 201.3269 0001817  72.4345 287.6846 15.08827661 15128,6917.918000000002,95.438,541.04,538.526,0.0
53750.0,STARLINK-4612,PAYLOAD,2022-12-06 21:41:18,15.08825127,0.0001794,53.2161,201.0298,70.9127,289.2059,-0.00022998,-3.945e-05,0.0,0 STARLINK-4612,1 53750U 22107BC  22340.90368562 -.00003945  00000-0 -22998-3 0  9998,2 53750  53.2161 201.0298 0001794  70.9127 289.2059 15.08825127 14345,6917.926,95.438,541.0319999999998,538.55,0.0
53750.0,STARLINK-4612,PAYLOAD,2022-12-07 19:56:43,15.08830179,0.000171,53.2165,196.8672,61.1182,298.9981,5.8387e-06,-1.95e-06,0.0,0 STARLINK-4612,1 53750U 22107BC  22341.83105325 -.00000195  00000-0  58387-5 0  9993,2 53750  53.2165 196.8672 0001710  61.1182 298.9981 15.08830179 15274,6917.91,95.438,540.9580000000002,538.592,0.0
53750.0,STARLINK-4612,PAYLOAD,2022-12-08 02:18:15,15.088368300000004,0.0001674,53.2167,195.6774,61.8572,298.2589,4.2694e-05,3.91e-06,0.0,0 STARLINK-4612,1 53750U 22107BC  22342.09600899  .00000391  00000-0  42694-4 0  9998,2 53750  53.2167 195.6774 0001674  61.8572 298.2589 15.08836830 14529,6917.89,95.438,540.913,538.597,0.0
53750.0,STARLINK-4612,PAYLOAD,2022-12-08 07:04:24,15.08838673,0.000172,53.2168,194.7852,59.9461,300.1701,5.7265e-05,6.23e-06,0.0,0 STARLINK-4612,1 53750U 22107BC  22342.29472820  .00000623  00000-0  57265-4 0  9999,2 53750  53.2168 194.7852 0001720  59.9461 300.1701 15.08838673 15341,6917.884,95.438,540.939,538.56,0.0
53750.0,STARLINK-4612,PAYLOAD,2022-12-08 21:22:52,15.08844203,0.0001529,53.2171,192.1094,54.5445,305.569,0.00010896,1.447e-05,0.0,0 STARLINK-4612,1 53750U 22107BC  22342.89088629  .00001447  00000-0  10896-3 0  9998,2 53750  53.2171 192.1094 0001529  54.5445 305.5690 15.08844203 15437,6917.868,95.437,540.79,538.675,0.0
53750.0,STARLINK-4612,PAYLOAD,2022-12-09 06:55:12,15.08832143,0.0001742,53.2158,190.3267,62.2572,297.8596,0.00015253,2.14e-05,0.0,0 STARLINK-4612,1 53750U 22107BC  22343.28833592  .00002140  00000-0  15253-3 0  9992,2 53750  53.2158 190.3267 0001742  62.2572 297.8596 15.08832143 15492,6917.904,95.438,540.975,538.564,0.0
53750.0,STARLINK-4612,PAYLOAD,2022-12-09 19:38:16,15.0885278,0.0001061,53.2159,187.9475,79.1229,280.9882,-2.5701e-05,-6.97e-06,0.0,0 STARLINK-4612,1 53750U 22107BC  22343.81824451 -.00000697  00000-0 -25701-4 0  9992,2 53750  53.2159 187.9475 0001061  79.1229 280.9882 15.08852780 14787,6917.840999999999,95.437,540.44,538.972,0.0
53750.0,STARLINK-4612,PAYLOAD,2022-12-09 21:13:40,15.08819921,0.0001101,53.2158,187.6502,60.7132,299.397,-0.00050518,-8.314e-05,0.0,0 STARLINK-4612,1 53750U 22107BC  22343.88450003 -.00008314  00000-0 -50518-3 0  9994,2 53750  53.2158 187.6502 0001101  60.7132 299.3970 15.08819921 14791,6917.941999999999,95.439,540.568,539.045,0.0
53750.0,STARLINK-4612,PAYLOAD,2022-12-10 13:07:31,15.08834695,9.990000000000004e-05,53.216,184.6772,37.5441,322.5621,0.00030299,4.537e-05,0.0,0 STARLINK-4612,1 53750U 22107BC  22344.54689530  .00004537  00000-0  30299-3 0  9992,2 53750  53.2160 184.6772 0000999  37.5441 322.5621 15.08834695 14897,6917.897,95.438,540.453,539.071,0.0
53750.0,STARLINK-4612,PAYLOAD,2022-12-10 19:29:03,15.08846466,0.0001768,53.2158,183.4861,62.0216,298.0955,0.0001002999999999,1.309e-05,0.0,0 STARLINK-4612,1 53750U 22107BC  22344.81185116  .00001309  00000-0  10030-3 0  9998,2 53750  53.2158 183.4861 0001768  62.0216 298.0955 15.08846466 14939,6917.861,95.437,540.9490000000002,538.503,0.0
53750.0,STARLINK-4612,PAYLOAD,2022-12-10 22:39:50,15.08847363,0.0001789,53.2157,182.8908,62.25,297.8674,0.00011053,1.472e-05,0.0,0 STARLINK-4612,1 53750U 22107BC  22344.94433062  .00001472  00000-0  11053-3 0  9995,2 53750  53.2157 182.8908 0001789  62.2500 297.8674 15.08847363 15746,6917.858,95.437,540.96,538.485,0.0
53750.0,STARLINK-4612,PAYLOAD,2022-12-11 19:19:51,15.08838639,0.0001615,53.2156,179.0254,61.6649,298.4506,2.4815e-05,1.07e-06,0.0,0 STARLINK-4612,1 53750U 22107BC  22345.80545241  .00000107  00000-0  24815-4 0  9999,2 53750  53.2156 179.0254 0001615  61.6649 298.4506 15.08838639 15086,6917.885,95.438,540.867,538.632,0.0
53750.0,STARLINK-4612,PAYLOAD,2022-12-12 12:49:05,15.08845354,0.000162,53.2156,175.75400000000005,61.2348,298.8807,3.825e-05,3.21e-06,0.0,0 STARLINK-4612,1 53750U 22107BC  22346.53408822  .00000321  00000-0  38250-4 0  9999,2 53750  53.2156 175.7540 0001620  61.2348 298.8807 15.08845354 15984,6917.864000000001,95.437,540.85,538.6080000000002,0.0
53750.0,STARLINK-4612,PAYLOAD,2022-12-12 19:10:37,15.088456099999998,0.0001754999999999,53.2169,174.5646,62.6583,297.4588,3.1004e-05,2.05e-06,0.0,0 STARLINK-4612,1 53750U 22107BC  22346.79904822  .00000205  00000-0  31004-4 0  9999,2 53750  53.2169 174.5646 0001755  62.6583 297.4588 15.08845610 16029,6917.863,95.437,540.942,538.514,0.0
53750.0,STARLINK-4612,PAYLOAD,2022-12-12 22:21:23,15.08846589,0.0001754999999999,53.2168,173.9696,62.29,297.827,3.5111e-05,2.71e-06,0.0,0 STARLINK-4612,1 53750U 22107BC  22346.93152679  .00000271  00000-0  35111-4 0  9996,2 53750  53.2168 173.9696 0001755  62.2900 297.8270 15.08846589 15257,6917.86,95.437,540.939,538.511,0.0
53750.0,STARLINK-4612,PAYLOAD,2022-12-13 12:39:51,15.08844203,0.0001705,53.2166,171.2934,61.3839,298.7324,0.00013548,1.869e-05,0.0,0 STARLINK-4612,1 53750U 22107BC  22347.52768198  .00001869  00000-0  13548-3 0  9994,2 53750  53.2166 171.2934 0001705  61.3839 298.7324 15.08844203 16136,6917.868,95.437,540.9119999999998,538.553,0.0
53750.0,STARLINK-4612,PAYLOAD,2022-12-13 19:01:25,15.0883371,0.0001655,53.2166,170.1044,60.8404,299.2753,4.5228e-05,4.32e-06,0.0,0 STARLINK-4612,1 53750U 22107BC  22347.79265111  .00000432  00000-0  45228-4 0  9996,2 53750  53.2166 170.1044 0001655  60.8404 299.2753 15.08833710 15381,6917.9,95.438,540.91,538.62,0.0
53750.0,STARLINK-4612,PAYLOAD,2022-12-13 20:36:48,15.08831841,0.0001661,53.2167,169.8068,61.5126,298.6033,2.6979e-05,1.41e-06,0.0,0 STARLINK-4612,1 53750U 22107BC  22347.85889321  .00000141  00000-0  26979-4 0  9997,2 53750  53.2167 169.8068 0001661  61.5126 298.6033 15.08831841 16185,6917.905,95.438,540.919,538.621,0.0
53750.0,STARLINK-4612,PAYLOAD,2022-12-14 12:30:39,15.08835014,0.0001692,53.2167,166.8332,62.3727,297.7437,2.0069e-05,3.1e-07,0.0,0 STARLINK-4612,1 53750U 22107BC  22348.52129390  .00000031  00000-0  20069-4 0  9997,2 53750  53.2167 166.8332 0001692  62.3727 297.7437 15.08835014 16281,6917.896,95.438,540.931,538.59,0.0
53750.0,STARLINK-4612,PAYLOAD,2022-12-14 18:52:12,15.08836932,0.0001706999999999,53.2166,165.6439,62.0351,298.0814,3.5582e-05,2.78e-06,0.0,0 STARLINK-4612,1 53750U 22107BC  22348.78625298  .00000278  00000-0  35582-4 0  9992,2 53750  53.2166 165.6439 0001707  62.0351 298.0814 15.08836932 16320,6917.89,95.438,540.936,538.5740000000002,0.0
53750.0,STARLINK-4612,PAYLOAD,2022-12-15 04:24:30,15.0884119,0.0001740999999999,53.2167,163.8598,61.7331,298.3836,5.4744e-05,5.83e-06,0.0,0 STARLINK-4612,1 53750U 22107BC  22349.18369076  .00000583  00000-0  54744-4 0  9996,2 53750  53.2167 163.8598 0001741  61.7331 298.3836 15.08841190 15596,6917.877,95.437,540.946,538.5369999999998,0.0
53750.0,STARLINK-4612,PAYLOAD,2022-12-15 12:21:26,15.08842299,0.0001729,53.216,162.3726,62.1913,297.9255,6.0952e-05,6.82e-06,0.0,0 STARLINK-4612,1 53750U 22107BC  22349.51488917  .00000682  00000-0  60952-4 0  9997,2 53750  53.2160 162.3726 0001729  62.1913 297.9255 15.08842299 16438,6917.873000000001,95.437,540.934,538.5419999999998,0.0
53750.0,STARLINK-4612,PAYLOAD,2022-12-15 20:18:21,15.088459699999998,0.0001739,53.2161,160.8861,62.9299,297.1871,0.00012668,1.729e-05,0.0,0 STARLINK-4612,1 53750U 22107BC  22349.84608718  .00001729  00000-0  12668-3 0  9999,2 53750  53.2161 160.8861 0001739  62.9299 297.1871 15.08845970 16488,6917.861999999999,95.437,540.93,538.524,0.0
53750.0,STARLINK-4612,PAYLOAD,2022-12-16 12:12:13,15.08841994,0.0001685,53.2161,157.9124,62.3982,297.7181,0.00011505,1.544e-05,0.0,0 STARLINK-4612,1 53750U 22107BC  22350.50848819  .00001544  00000-0  11505-3 0  9996,2 53750  53.2161 157.9124 0001685  62.3982 297.7181 15.08841994 15795,6917.874,95.437,540.905,538.5740000000002,0.0
53750.0,STARLINK-4612,PAYLOAD,2022-12-16 20:09:09,15.0883855,0.0001701,53.2162,156.4256,61.2613,298.855,3.0168000000000013e-05,1.92e-06,0.0,0 STARLINK-4612,1 53750U 22107BC  22350.83968958  .00000192  00000-0  30168-4 0  9994,2 53750  53.2162 156.4256 0001701  61.2613 298.8550 15.08838550 16634,6917.885,95.438,540.927,538.573,0.0
53750.0,STARLINK-4612,PAYLOAD,2022-12-17 12:03:00,15.08844561,0.0001686999999999,53.2163,153.4518,61.9827,298.1336,7.204600000000001e-05,8.59e-06,0.0,0 STARLINK-4612,1 53750U 22107BC  22351.50208577  .00000859  00000-0  72046-4 0  9994,2 53750  53.2163 153.4518 0001687  61.9827 298.1336 15.08844561 16735,6917.866,95.437,540.898,538.564,0.0
53750.0,STARLINK-4612,PAYLOAD,2022-12-17 16:49:09,15.08846289,0.000169,53.2164,152.5597,61.8775,298.2388,7.0593e-05,8.36e-06,0.0,0 STARLINK-4612,1 53750U 22107BC  22351.70080426  .00000836  00000-0  70593-4 0  9997,2 53750  53.2164 152.5597 0001690  61.8775 298.2388 15.08846289 15970,6917.861,95.437,540.895,538.557,0.0
53750.0,STARLINK-4612,PAYLOAD,2022-12-17 19:59:55,15.08848884,0.0001668,53.2172,151.9648,61.4192,298.6967,0.00010157,1.329e-05,0.0,0 STARLINK-4612,1 53750U 22107BC  22351.83328379  .00001329  00000-0  10157-3 0  9990,2 53750  53.2172 151.9648 0001668  61.4192 298.6967 15.08848884 16783,6917.853,95.437,540.872,538.564,0.0
53750.0,STARLINK-4612,PAYLOAD,2022-12-18 03:56:52,15.08840375,0.0001675,53.2173,150.4782,60.4695,299.6464,-1.6116e-05,-5.45e-06,0.0,0 STARLINK-4612,1 53750U 22107BC  22352.16449172 -.00000545  00000-0 -16116-4 0  9995,2 53750  53.2173 150.4782 0001675  60.4695 299.6464 15.08840375 16041,6917.879,95.438,540.903,538.585,0.0
53750.0,STARLINK-4612,PAYLOAD,2022-12-18 10:18:24,15.08840346,0.000166,53.2177,149.2891,59.5266,300.589,-1.4644e-06,-3.11e-06,0.0,0 STARLINK-4612,1 53750U 22107BC  22352.42945105 -.00000311  00000-0 -14644-5 0  9997,2 53750  53.2177 149.2891 0001660  59.5266 300.5890 15.08840346 16873,6917.879,95.438,540.893,538.596,0.0
53750.0,STARLINK-4612,PAYLOAD,2022-12-18 19:50:43,15.08838427,0.0001599,53.2171,147.5044,58.9393,301.1756,8.2549e-05,1.026e-05,0.0,0 STARLINK-4612,1 53750U 22107BC  22352.82689048  .00001026  00000-0  82549-4 0  9992,2 53750  53.2171 147.5044 0001599  58.9393 301.1756 15.08838427 16935,6917.885,95.438,540.856,538.644,0.0
53750.0,STARLINK-4612,PAYLOAD,2022-12-19 18:06:05,15.08857654,0.0001609,53.2172,143.3416,58.69600000000001,301.4190000000001,0.00017837,2.553e-05,0.0,0 STARLINK-4612,1 53750U 22107BC  22353.75423437  .00002553  00000-0  17837-3 0  9996,2 53750  53.2172 143.3416 0001609  58.6960 301.4190 15.08857654 17076,6917.826,95.436,540.805,538.578,0.0
53750.0,STARLINK-4612,PAYLOAD,2022-12-20 03:38:25,15.08848185,0.0001593,53.2151,141.5584,53.6163,306.4975,0.0001011,1.322e-05,0.0,0 STARLINK-4612,1 53750U 22107BC  22354.15168133  .00001322  00000-0  10110-3 0  9990,2 53750  53.2151 141.5584 0001593  53.6163 306.4975 15.08848185 17133,6917.855,95.437,540.822,538.618,0.0
53750.0,STARLINK-4612,PAYLOAD,2022-12-21 11:26:08,15.08839268,0.0001631,53.2174,135.611,52.6069,307.5071,-5.3087e-05,-1.133e-05,0.0,0 STARLINK-4612,1 53750U 22107BC  22355.47648756 -.00001133  00000-0 -53087-4 0  9993,2 53750  53.2174 135.6110 0001631  52.6069 307.5071 15.08839268 16549,6917.8830000000025,95.438,540.876,538.619,0.0
53750.0,STARLINK-4612,PAYLOAD,2022-12-22 04:55:22,15.08870421,0.0001831,53.2173,132.3387,48.3769,311.7379,-0.00066655,-0.0001089,0.0,0 STARLINK-4612,1 53750U 22107BC  22356.20512060 -.00010890  00000-0 -66655-3 0  9997,2 53750  53.2173 132.3387 0001831  48.3769 311.7379 15.08870421 16655,6917.7869999999975,95.436,540.919,538.386,0.0
53750.0,STARLINK-4612,PAYLOAD,2022-12-22 11:16:55,15.08836692,0.0001766,53.2171,131.1493,58.2412,301.8752,-6.5677e-05,-1.333e-05,0.0,0 STARLINK-4612,1 53750U 22107BC  22356.47009122 -.00001333  00000-0 -65677-4 0  9992,2 53750  53.2171 131.1493 0001766  58.2412 301.8752 15.08836692 16691,6917.891,95.438,540.977,538.534,0.0
53750.0,STARLINK-4612,PAYLOAD,2022-12-22 16:03:05,15.08837478,0.0001702,53.2172,130.2577,52.1779,307.9367,-1.1752e-05,-4.75e-06,0.0,0 STARLINK-4612,1 53750U 22107BC  22356.66880923 -.00000475  00000-0 -11752-4 0  9990,2 53750  53.2172 130.2577 0001702  52.1779 307.9367 15.08837478 17518,6917.888000000001,95.438,540.931,538.576,0.0
53750.0,STARLINK-4612,PAYLOAD,2022-12-23 11:07:43,15.08826191,0.0001716,53.2172,126.6893,54.9386,305.1767,3.4268000000000005e-05,2.57e-06,0.0,0 STARLINK-4612,1 53750U 22107BC  22357.46369871  .00000257  00000-0  34268-4 0  9996,2 53750  53.2172 126.6893 0001716  54.9386 305.1767 15.08826191 16846,6917.9230000000025,95.438,540.975,538.6,0.0
53750.0,STARLINK-4612,PAYLOAD,2022-12-23 15:53:52,15.08832678,0.0001778,53.2173,125.7977,53.9367,306.1789,8.2552e-05,1.026e-05,0.0,0 STARLINK-4612,1 53750U 22107BC  22357.66241458  .00001026  00000-0  82552-4 0  9992,2 53750  53.2173 125.7977 0001778  53.9367 306.1789 15.08832678 17669,6917.903,95.438,540.998,538.538,0.0
53750.0,STARLINK-4612,PAYLOAD,2022-12-24 04:36:57,15.08840249,0.0001839,53.2169,123.4198,51.7517,308.3640000000001,0.00017689,2.528e-05,0.0,0 STARLINK-4612,1 53750U 22107BC  22358.19232871  .00002528  00000-0  17689-3 0  9996,2 53750  53.2169 123.4198 0001839  51.7517 308.3640 15.08840249 16959,6917.88,95.438,541.0169999999998,538.472,0.0
53750.0,STARLINK-4612,PAYLOAD,2022-12-24 10:58:30,15.08831496,0.0001781,53.217,122.2297,52.7136,307.4019,6.7982e-05,7.94e-06,0.0,0 STARLINK-4612,1 53750U 22107BC  22358.45729793  .00000794  00000-0  67982-4 0  9994,2 53750  53.2170 122.2297 0001781  52.7136 307.4019 15.08831496 16990,6917.906,95.438,541.003,538.539,0.0
53750.0,STARLINK-4612,PAYLOAD,2022-12-25 07:38:30,15.08837512,0.0001902,53.2169,118.3645,51.2147,308.9015,6.2127e-05,7.01e-06,0.0,0 STARLINK-4612,1 53750U 22107BC  22359.31841412  .00000701  00000-0  62127-4 0  9997,2 53750  53.2169 118.3645 0001902  51.2147 308.9015 15.08837512 17125,6917.888000000001,95.438,541.069,538.437,0.0
53750.0,STARLINK-4612,PAYLOAD,2022-12-25 10:49:18,15.08826907,0.0001769,53.2175,117.7686,47.9516,312.1626,-9.6535e-06,-4.42e-06,0.0,0 STARLINK-4612,1 53750U 22107BC  22359.45090325 -.00000442  00000-0 -96535-5 0  9996,2 53750  53.2175 117.7686 0001769  47.9516 312.1626 15.08826907 17146,6917.92,95.438,541.009,538.562,0.0
53750.0,STARLINK-4612,PAYLOAD,2022-12-25 15:35:27,15.08827893,0.0001773,53.2177,116.8766,46.6393,313.4747,-4.8799e-05,-1.064e-05,0.0,0 STARLINK-4612,1 53750U 22107BC  22359.64962530 -.00001064  00000-0 -48799-4 0  9992,2 53750  53.2177 116.8766 0001773  46.6393 313.4747 15.08827893 17964,6917.917,95.438,541.009,538.556,0.0
53750.0,STARLINK-4612,PAYLOAD,2022-12-26 01:07:46,15.0883547,0.0001675999999999,53.2174,115.0924,47.7339,312.3795,-5.6979e-05,-1.195e-05,0.0,0 STARLINK-4612,1 53750U 22107BC  22360.04706105 -.00001195  00000-0 -56979-4 0  9996,2 53750  53.2174 115.0924 0001676  47.7339 312.3795 15.08835470 17233,6917.894,95.438,540.919,538.6,0.0
53750.0,STARLINK-4612,PAYLOAD,2022-12-26 13:50:50,15.08837595,0.0001652,53.218,112.7144,43.365,316.7472,3.691e-05,2.99e-06,0.0,0 STARLINK-4612,1 53750U 22107BC  22360.57697882  .00000299  00000-0  36910-4 0  9990,2 53750  53.2180 112.7144 0001652  43.3650 316.7472 15.08837595 18107,6917.888000000001,95.438,540.896,538.61,0.0
53750.0,STARLINK-4612,PAYLOAD,2022-12-27 10:30:51,15.08842637,0.0001743,53.2177,108.8479,49.3924,310.722,0.00010514,1.386e-05,0.0,0 STARLINK-4612,1 53750U 22107BC  22361.43809230  .00001386  00000-0  10514-3 0  9997,2 53750  53.2177 108.8479 0001743  49.3924 310.7220 15.08842637 17445,6917.871999999999,95.437,540.943,538.5319999999998,0.0
53750.0,STARLINK-4612,PAYLOAD,2022-12-28 13:32:24,15.0883842,0.0001728,53.2172,103.7933,47.1549,312.9588,-2.2899e-05,-6.52e-06,0.0,0 STARLINK-4612,1 53750U 22107BC  22362.56417134 -.00000652  00000-0 -22899-4 0  9997,2 53750  53.2172 103.7933 0001728  47.1549 312.9588 15.08838420 17616,6917.885,95.438,540.946,538.555,0.0
53750.0,STARLINK-4612,PAYLOAD,2022-12-29 07:01:39,15.08770391,6.73e-05,53.2171,100.5232,99.8035,260.3033,0.0006389999999999,9.877e-05,0.0,0 STARLINK-4612,1 53750U 22107BC  22363.29281964  .00009877  00000-0  63900-3 0  9991,2 53750  53.2171 100.5232 0000673  99.8035 260.3033 15.08770391 17729,6918.093000000003,95.442,540.424,539.493,0.0
53750.0,STARLINK-4612,PAYLOAD,2022-12-29 13:23:14,15.08816286,0.0001668,53.2176,99.333,19.7895,340.3162,-0.0003308999999999,-5.547e-05,0.0,0 STARLINK-4612,1 53750U 22107BC  22363.55780093 -.00005547  00000-0 -33090-3 0  9996,2 53750  53.2176  99.3330 0001668  19.7895 340.3162 15.08816286 18556,6917.953,95.439,540.972,538.664,0.0
53750.0,STARLINK-4612,PAYLOAD,2022-12-30 05:17:04,15.0882027,0.0001525,53.2171,96.3612,25.6102,334.4965,2.4769e-06,-2.49e-06,0.0,0 STARLINK-4612,1 53750U 22107BC  22364.22019035 -.00000249  00000-0  24769-5 0  9990,2 53750  53.2171  96.3612 0001525  25.6102 334.4965 15.08820270 17866,6917.941,95.439,540.861,538.751,0.0
53750.0,STARLINK-4612,PAYLOAD,2022-12-30 13:13:58,15.08840655,0.0001885,53.2172,94.8735,41.1175,318.9959,0.00016059,2.269e-05,0.0,0 STARLINK-4612,1 53750U 22107BC  22364.55137554  .00002269  00000-0  16059-3 0  9997,2 53750  53.2172  94.8735 0001885  41.1175 318.9959 15.08840655 17913,6917.878000000002,95.438,541.047,538.439,0.0
53750.0,STARLINK-4612,PAYLOAD,2022-12-31 06:43:12,15.08840644,0.0001781,53.2177,91.6042,48.74100000000001,311.3736,0.00041233,6.28e-05,0.0,0 STARLINK-4612,1 53750U 22107BC  22365.28000513  .00006280  00000-0  41233-3 0  9991,2 53750  53.2177  91.6042 0001781  48.7410 311.3736 15.08840644 18025,6917.878000000002,95.438,540.975,538.511,0.0
53750.0,STARLINK-4612,PAYLOAD,2022-12-31 13:04:45,15.08835759,0.0001826,53.2199,90.4142,43.9578,316.1559,0.00032618,4.906e-05,0.0,0 STARLINK-4612,1 53750U 22107BC  22365.54497180  .00004906  00000-0  32618-3 0  9990,2 53750  53.2199  90.4142 0001826  43.9578 316.1559 15.08835759 18060,6917.893,95.438,541.0219999999998,538.495,0.0
53750.0,STARLINK-4612,PAYLOAD,2023-01-01 06:34:01,15.08833333,0.0001911,53.2187,87.1414,37.4742,322.6383,-0.00013702,-2.468e-05,0.0,0 STARLINK-4612,1 53750U 22107BC  23001.27362992 -.00002468  00000-0 -13702-3 0  9996,2 53750  53.2187  87.1414 0001911  37.4742 322.6383 15.08833333 18173,6917.901,95.438,541.0880000000002,538.444,0.0
53750.0,STARLINK-4612,PAYLOAD,2023-01-01 14:30:58,15.08819697,0.0001947,53.2184,85.6547,36.0872,324.0251,-0.0002429,-4.15e-05,0.0,0 STARLINK-4612,1 53750U 22107BC  23001.60484409 -.00004150  00000-0 -24290-3 0  9995,2 53750  53.2184  85.6547 0001947  36.0872 324.0251 15.08819697 18221,6917.941999999999,95.439,541.154,538.461,0.0
53750.0,STARLINK-4612,PAYLOAD,2023-01-01 22:27:53,15.08829789,0.0001831999999999,53.2189,84.1704,40.6551,319.4578,-0.00026974,-4.577e-05,0.0,0 STARLINK-4612,1 53750U 22107BC  23001.93604123 -.00004577  00000-0 -26974-3 0  9992,2 53750  53.2189  84.1704 0001832  40.6551 319.4578 15.08829789 18271,6917.9119999999975,95.438,541.044,538.509,0.0
53750.0,STARLINK-4612,PAYLOAD,2023-01-02 06:24:49,15.08833854,0.0001909999999999,53.2186,82.6818,35.3306,324.7812,-0.00014851,-2.651e-05,0.0,0 STARLINK-4612,1 53750U 22107BC  23002.26723572 -.00002651  00000-0 -14851-3 0  9991,2 53750  53.2186  82.6818 0001910  35.3306 324.7812 15.08833854 18327,6917.899,95.438,541.085,538.443,0.0
53750.0,STARLINK-4612,PAYLOAD,2023-01-02 14:21:44,15.08833769,0.0001849,53.2181,81.1953,35.3929,324.7186,-6.444899999999999e-05,-1.314e-05,0.0,0 STARLINK-4612,1 53750U 22107BC  23002.59843428 -.00001314  00000-0 -64449-4 0  9994,2 53750  53.2181  81.1953 0001849  35.3929 324.7186 15.08833769 19160,6917.899,95.438,541.044,538.485,0.0
53750.0,STARLINK-4612,PAYLOAD,2023-01-02 22:18:39,15.08842894,0.0001982,53.2189,79.7083,36.9835,323.1294,2.6188e-05,1.29e-06,0.0,0 STARLINK-4612,1 53750U 22107BC  23002.92962628  .00000129  00000-0  26188-4 0  9994,2 53750  53.2189  79.7083 0001982  36.9835 323.1294 15.08842894 18426,6917.871999999999,95.437,541.1080000000002,538.365,0.0
53750.0,STARLINK-4612,PAYLOAD,2023-01-03 11:01:45,15.08844075,0.0001981,53.2184,77.3293,33.6418,326.47,-5.1528e-05,-1.108e-05,0.0,0 STARLINK-4612,1 53750U 22107BC  23003.45954878 -.00001108  00000-0 -51528-4 0  9997,2 53750  53.2184  77.3293 0001981  33.6418 326.4700 15.08844075 19295,6917.868,95.437,541.1030000000002,538.363,0.0
53750.0,STARLINK-4612,PAYLOAD,2023-01-03 14:12:31,15.08833032,0.0001968,53.2183,76.7343,38.2019,321.9112,0.00014276,1.984e-05,0.0,0 STARLINK-4612,1 53750U 22107BC  23003.59203306  .00001984  00000-0  14276-3 0  9993,2 53750  53.2183  76.7343 0001968  38.2019 321.9112 15.08833032 18529,6917.901999999999,95.438,541.128,538.405,0.0
53750.0,STARLINK-4612,PAYLOAD,2023-01-04 10:52:32,15.0884329,0.0002109,53.2182,72.8685,41.3628,318.7524,0.00018429,2.646e-05,0.0,0 STARLINK-4612,1 53750U 22107BC  23004.45314883  .00002646  00000-0  18429-3 0  9992,2 53750  53.2182  72.8685 0002109  41.3628 318.7524 15.08843290 18655,6917.87,95.437,541.194,538.276,0.0
53750.0,STARLINK-4612,PAYLOAD,2023-01-05 04:21:45,15.08854132,0.0001954,53.2182,69.5962,43.2113,316.9033,0.00015021,2.104e-05,0.0,0 STARLINK-4612,1 53750U 22107BC  23005.18177650  .00002104  00000-0  15021-3 0  9996,2 53750  53.2182  69.5962 0001954  43.2113 316.9033 15.08854132 18767,6917.837,95.437,541.054,538.35,0.0
53750.0,STARLINK-4612,PAYLOAD,2023-01-05 13:54:03,15.08858137,0.0002214,53.2176,67.8138,39.8306,320.2848,0.00015667,2.207e-05,0.0,0 STARLINK-4612,1 53750U 22107BC  23005.57921009  .00002207  00000-0  15667-3 0  9994,2 53750  53.2176  67.8138 0002214  39.8306 320.2848 15.08858137 19617,6917.825,95.436,541.222,538.158,0.0
53750.0,STARLINK-4612,PAYLOAD,2023-01-06 13:44:53,15.08822223,0.0002108,53.2181,63.3537,36.1641,323.9494,-0.00029985,-5.055e-05,0.0,0 STARLINK-4612,1 53750U 22107BC  23006.57284341 -.00005055  00000-0 -29985-3 0  9990,2 53750  53.2181  63.3537 0002108  36.1641 323.9494 15.08822223 18973,6917.935,95.439,541.258,538.341,0.0
53750.0,STARLINK-4612,PAYLOAD,2023-01-07 04:03:21,15.08833366,0.0002018,53.2187,60.6773,37.7935,322.3199,-0.00016331,-2.886e-05,0.0,0 STARLINK-4612,1 53750U 22107BC  23007.16899605 -.00002886  00000-0 -16331-3 0  9991,2 53750  53.2187  60.6773 0002018  37.7935 322.3199 15.08833366 19060,6917.901,95.438,541.1619999999998,538.37,0.0
53750.0,STARLINK-4612,PAYLOAD,2023-01-07 19:57:12,15.08832764,0.0002229,53.2182,57.7029,31.0438,329.0685,-9.269e-05,-1.763e-05,0.0,0 STARLINK-4612,1 53750U 22107BC  23007.83139481 -.00001763  00000-0 -92690-4 0  9990,2 53750  53.2182  57.7029 0002229  31.0438 329.0685 15.08832764 19958,6917.903,95.438,541.31,538.226,0.0
53750.0,STARLINK-4612,PAYLOAD,2023-01-08 03:54:09,15.08808986,0.0001984,53.2188,56.2171,34.6658,325.4463,0.00016626,2.357e-05,0.0,0 STARLINK-4612,1 53750U 22107BC  23008.16260659  .00002357  00000-0  16626-3 0  9991,2 53750  53.2188  56.2171 0001984  34.6658 325.4463 15.08808986 19218,6917.975,95.44,541.2130000000002,538.4680000000002,0.0
53750.0,STARLINK-4612,PAYLOAD,2023-01-08 10:15:41,15.08816734,0.0002022,53.218,55.028,35.0725,325.04,0.00016509,2.339e-05,0.0,0 STARLINK-4612,1 53750U 22107BC  23008.42756641  .00002339  00000-0  16509-3 0  9991,2 53750  53.2180  55.0280 0002022  35.0725 325.0400 15.08816734 20042,6917.951999999998,95.439,541.215,538.418,0.0
53750.0,STARLINK-4612,PAYLOAD,2023-01-08 19:48:00,15.08824141,0.0002364,53.2187,53.2429,38.523,321.593,0.00023313,3.422e-05,0.0,0 STARLINK-4612,1 53750U 22107BC  23008.82500521  .00003422  00000-0  23313-3 0  9994,2 53750  53.2187  53.2429 0002364  38.5230 321.5930 15.08824141 19310,6917.929,95.439,541.429,538.158,0.0
53750.0,STARLINK-4612,PAYLOAD,2023-01-09 03:44:55,15.08842487,0.000222,53.2192,51.7565,38.5345,321.5806,0.00012344,1.677e-05,0.0,0 STARLINK-4612,1 53750U 22107BC  23009.15619994  .00001677  00000-0  12344-3 0  9998,2 53750  53.2192  51.7565 0002220  38.5345 321.5806 15.08842487 19368,6917.873000000001,95.437,541.274,538.202,0.0
53750.0,STARLINK-4612,PAYLOAD,2023-01-10 08:21:52,15.08839666,0.000218,53.2193,46.4045,36.6584,323.4557,0.00019894,2.879e-05,0.0,0 STARLINK-4612,1 53750U 22107BC  23010.34852200  .00002879  00000-0  19894-3 0  9992,2 53750  53.2193  46.4045 0002180  36.6584 323.4557 15.08839666 19541,6917.880999999999,95.438,541.255,538.238,0.0
53750.0,STARLINK-4612,PAYLOAD,2023-01-10 11:32:38,15.08845781,0.0002203,53.2187,45.8093,33.4079,326.7051,0.00016978,2.415e-05,0.0,0 STARLINK-4612,1 53750U 22107BC  23010.48099804  .00002415  00000-0  16978-3 0  9996,2 53750  53.2187  45.8093 0002203  33.4079 326.7051 15.08845781 20351,6917.863,95.437,541.252,538.2040000000002,0.0
53750.0,STARLINK-4612,PAYLOAD,2023-01-10 19:29:34,15.08836963,0.0002519,53.2191,44.3229,44.4377,315.6817,-2.5292e-05,-6.91e-06,0.0,0 STARLINK-4612,1 53750U 22107BC  23010.81220946 -.00000691  00000-0 -25292-4 0  9992,2 53750  53.2191  44.3229 0002519  44.4377 315.6817 15.08836963 19610,6917.89,95.438,541.497,538.012,0.0
53750.0,STARLINK-4612,PAYLOAD,2023-01-11 08:12:39,15.08834872,0.0002026,53.2181,41.9432,35.6572,324.4555,9.9324e-07,-2.72e-06,0.0,0 STARLINK-4612,1 53750U 22107BC  23011.34212955 -.00000272  00000-0  99324-6 0  9995,2 53750  53.2181  41.9432 0002026  35.6572 324.4555 15.08834872 20481,6917.896,95.438,541.163,538.359,0.0
53750.0,STARLINK-4612,PAYLOAD,2023-01-11 19:20:21,15.08841632,0.0002113,53.2178,39.8614,38.8505,321.2638,5.074600000000001e-05,5.2e-06,0.0,0 STARLINK-4612,1 53750U 22107BC  23011.80580442  .00000520  00000-0  50746-4 0  9993,2 53750  53.2178  39.8614 0002113  38.8505 321.2638 15.08841632 19761,6917.875,95.437,541.202,538.279,0.0
53750.0,STARLINK-4612,PAYLOAD,2023-01-12 08:03:26,15.08840114,0.0002134,53.2179,37.4825,40.8612,319.254,3.8418e-05,3.23e-06,0.0,0 STARLINK-4612,1 53750U 22107BC  23012.33572654  .00000323  00000-0  38418-4 0  9991,2 53750  53.2179  37.4825 0002134  40.8612 319.2540 15.08840114 20636,6917.88,95.438,541.221,538.269,0.0
53750.0,STARLINK-4612,PAYLOAD,2023-01-13 01:32:41,15.08832984,0.0001992,53.2166,34.2123,48.1291,311.9871,0.0001456,2.029e-05,0.0,0 STARLINK-4612,1 53750U 22107BC  23013.06437373  .00002029  00000-0  14560-3 0  9996,2 53750  53.2166  34.2123 0001992  48.1291 311.9871 15.08832984 19958,6917.901999999999,95.438,541.145,538.389,0.0
53750.0,STARLINK-4612,PAYLOAD,2023-01-13 07:54:13,15.08839772,0.0001858,53.2183,33.0219,49.2995,310.8158,0.00013633,1.882e-05,0.0,0 STARLINK-4612,1 53750U 22107BC  23013.32932823  .00001882  00000-0  13633-3 0  9991,2 53750  53.2183  33.0219 0001858  49.2995 310.8158 15.08839772 19996,6917.880999999999,95.438,541.031,538.461,0.0
53750.0,STARLINK-4612,PAYLOAD,2023-01-14 17:17:20,15.08836061,0.0001876999999999,53.218,26.7786,54.9129,305.2039,7.2488e-05,8.66e-06,0.0,0 STARLINK-4612,1 53750U 22107BC  23014.72037509  .00000866  00000-0  72488-4 0  9998,2 53750  53.2180  26.7786 0001877  54.9129 305.2039 15.08836061 20204,6917.892,95.438,541.056,538.4590000000001,0.0
53750.0,STARLINK-4612,PAYLOAD,2023-01-15 07:35:48,15.08845893,0.0002159,53.22,24.1026,73.5317,286.5912,0.00011188,1.493e-05,0.0,0 STARLINK-4612,1 53750U 22107BC  23015.31653029  .00001493  00000-0  11188-3 0  9991,2 53750  53.2200  24.1026 0002159  73.5317 286.5912 15.08845893 20299,6917.861999999999,95.437,541.221,538.234,0.0
53750.0,STARLINK-4612,PAYLOAD,2023-01-15 17:08:07,15.08840134,0.0001848,53.2194,22.3223,75.7576,284.3621,2.97e-05,1.85e-06,0.0,0 STARLINK-4612,1 53750U 22107BC  23015.71397557  .00000185  00000-0  29700-4 0  9993,2 53750  53.2194  22.3223 0001848  75.7576 284.3621 15.08840134 20358,6917.88,95.438,541.023,538.467,0.0
53750.0,STARLINK-4612,PAYLOAD,2023-01-16 07:26:34,15.08854186,0.000171,53.2195,19.6474,91.1406,268.9782,0.00022241,3.255e-05,0.0,0 STARLINK-4612,1 53750U 22107BC  23016.31012437  .00003255  00000-0  22241-3 0  9994,2 53750  53.2195  19.6474 0001710  91.1406 268.9782 15.08854186 20446,6917.837,95.437,540.885,538.519,0.0
53750.0,STARLINK-4612,PAYLOAD,2023-01-16 09:01:57,15.08862704,0.0001551999999999,53.2177,19.3443,74.8134,285.303,0.00030573,4.584e-05,0.0,0 STARLINK-4612,1 53750U 22107BC  23016.37635852  .00004584  00000-0  30573-3 0  9995,2 53750  53.2177  19.3443 0001552  74.8134 285.3030 15.08862704 20454,6917.811,95.436,540.75,538.602,0.0
53750.0,STARLINK-4612,PAYLOAD,2023-01-16 16:58:54,15.08831992,0.0001443999999999,53.2186,17.8574,83.5237,276.5919,-0.00010142,-1.901e-05,0.0,0 STARLINK-4612,1 53750U 22107BC  23016.70757334 -.00001901  00000-0 -10142-3 0  9994,2 53750  53.2186  17.8574 0001444  83.5237 276.5919 15.08831992 20502,6917.905,95.438,540.769,538.771,0.0
53750.0,STARLINK-4612,PAYLOAD,2023-01-17 00:55:52,15.08811338,0.0001458,53.2195,16.3711,90.0517,270.0642,-7.7092e-05,-1.514e-05,0.0,0 STARLINK-4612,1 53750U 22107BC  23017.03879783 -.00001514  00000-0 -77092-4 0  9992,2 53750  53.2195  16.3711 0001458  90.0517 270.0642 15.08811338 20557,6917.968000000001,95.439,540.842,538.8240000000001,0.0
53750.0,STARLINK-4612,PAYLOAD,2023-01-17 05:42:01,15.08820434,0.0001541,53.2195,15.4797,90.6146,269.5023,-0.00014796,-2.641e-05,0.0,0 STARLINK-4612,1 53750U 22107BC  23017.23751680 -.00002641  00000-0 -14796-3 0  9992,2 53750  53.2195  15.4797 0001541  90.6146 269.5023 15.08820434 20584,6917.94,95.439,540.871,538.739,0.0
53750.0,STARLINK-4612,PAYLOAD,2023-01-17 16:49:43,15.08828051,0.0001733,53.221,13.3976,89.3936,270.7255,-2.9741e-05,-7.61e-06,0.0,0 STARLINK-4612,1 53750U 22107BC  23017.70119357 -.00000761  00000-0 -29741-4 0  9991,2 53750  53.2210  13.3976 0001733  89.3936 270.7255 15.08828051 21443,6917.917,95.438,540.981,538.5830000000001,0.0
53750.0,STARLINK-4612,PAYLOAD,2023-01-18 00:46:38,15.08832141,0.0001710999999999,53.2198,11.9104,94.7475,265.3712,9.8952e-06,-1.31e-06,0.0,0 STARLINK-4612,1 53750U 22107BC  23018.03238804 -.00000131  00000-0  98952-5 0  9998,2 53750  53.2198  11.9104 0001711  94.7475 265.3712 15.08832141 20700,6917.904,95.438,540.953,538.586,0.0
53750.0,STARLINK-4612,PAYLOAD,2023-01-18 08:43:33,15.08850657,0.0001575999999999,53.2183,10.424,100.8096,259.3074,0.00049723,7.637e-05,0.0,0 STARLINK-4612,1 53750U 22107BC  23018.36358324  .00007637  00000-0  49723-3 0  9991,2 53750  53.2183  10.4240 0001576 100.8096 259.3074 15.08850657 20757,6917.848000000001,95.437,540.803,538.623,0.0
53750.0,STARLINK-4612,PAYLOAD,2023-01-18 16:40:29,15.08844505,0.000157,53.2179,8.9345,111.925,248.1909,0.00059786,9.241e-05,0.0,0 STARLINK-4612,1 53750U 22107BC  23018.69478682  .00009241  00000-0  59786-3 0  9990,2 53750  53.2179   8.9345 0001570 111.9250 248.1909 15.08844505 20803,6917.866999999999,95.437,540.818,538.646,0.0
53750.0,STARLINK-4612,PAYLOAD,2023-01-19 05:23:33,15.08868871,0.0001373,53.2179,6.5581,106.0737,254.0407,0.00088396,0.00013819,0.0,0 STARLINK-4612,1 53750U 22107BC  23019.22469618  .00013819  00000-0  88396-3 0  9994,2 53750  53.2179   6.5581 0001373 106.0737 254.0407 15.08868871 20884,6917.792,95.436,540.607,538.707,0.0
53750.0,STARLINK-4612,PAYLOAD,2023-01-19 08:34:19,15.08884132,0.0001426,53.2165,5.9622,108.9499,251.1648,0.0010804,0.00016969,0.0,0 STARLINK-4612,1 53750U 22107BC  23019.35717015  .00016969  00000-0  10804-2 0  9992,2 53750  53.2165   5.9622 0001426 108.9499 251.1648 15.08884132 20909,6917.745,95.435,540.597,538.624,0.0
53750.0,STARLINK-4612,PAYLOAD,2023-01-19 16:31:15,15.08853005,0.0002525999999999,53.2177,4.4762,86.6063,273.5218,0.00024488,3.612e-05,0.0,0 STARLINK-4612,1 53750U 22107BC  23019.68837909  .00003612  00000-0  24488-3 0  9998,2 53750  53.2177   4.4762 0002526  86.6063 273.5218 15.08853005 20953,6917.840999999999,95.437,541.453,537.9580000000001,0.0
53750.0,STARLINK-4612,PAYLOAD,2023-01-20 08:25:08,15.08830014,0.0003411,53.2191,1.5014,87.6427,272.4956,0.00075902,0.0001181,0.0,0 STARLINK-4612,1 53750U 22107BC  23020.35078846  .00011810  00000-0  75902-3 0  9997,2 53750  53.2191   1.5014 0003411  87.6427 272.4956 15.08830014 21050,6917.911,95.438,542.136,537.4159999999999,0.0
53750.0,STARLINK-4612,PAYLOAD,2023-01-22 04:55:54,15.08861606,9.14e-05,53.2172,353.1757,87.0359,273.0738,0.00087206,0.00013626,0.0,0 STARLINK-4612,1 53750U 22107BC  23022.20549743  .00013626  00000-0  87206-3 0  9999,2 53750  53.2172 353.1757 0000914  87.0359 273.0738 15.08861606 21339,6917.814,95.436,540.312,539.047,0.0
53750.0,STARLINK-4612,PAYLOAD,2023-01-22 14:28:14,15.08838657,0.0002455,53.2192,351.3924,73.0782,287.048,0.0016982,0.00026842,0.0,0 STARLINK-4612,1 53750U 22107BC  23022.60294165  .00026842  00000-0  16982-2 0  9994,2 53750  53.2192 351.3924 0002455  73.0782 287.0480 15.08838657 21399,6917.884,95.438,541.448,538.0509999999999,0.0
53750.0,STARLINK-4612,PAYLOAD,2023-01-23 06:22:06,15.08825762,0.0001213,53.219,348.4197,71.0341,289.0783,0.0017179,0.00027147,0.0,0 STARLINK-4612,1 53750U 22107BC  23023.26535024  .00027147  00000-0  17179-2 0  9997,2 53750  53.2190 348.4197 0001213  71.0341 289.0783 15.08825762 21498,6917.924,95.438,540.628,538.95,0.0
53750.0,STARLINK-4612,PAYLOAD,2023-01-23 14:19:02,15.08832597,0.0001482,53.219,346.9319,79.5856,280.5303,0.0011674,0.00018336,0.0,0 STARLINK-4612,1 53750U 22107BC  23023.59655462  .00018336  00000-0  11674-2 0  9996,2 53750  53.2190 346.9319 0001482  79.5856 280.5303 15.08832597 21543,6917.903,95.438,540.793,538.743,0.0
53750.0,STARLINK-4612,PAYLOAD,2023-01-24 07:48:16,15.08868726,0.0001463,53.2185,343.6615,77.327,282.7886,0.0017079999999999,0.00027021,0.0,0 STARLINK-4612,1 53750U 22107BC  23024.32518948  .00027021  00000-0  17080-2 0  9993,2 53750  53.2185 343.6615 0001463  77.3270 282.7886 15.08868726 21650,6917.793000000001,95.436,540.67,538.646,0.0
53750.0,STARLINK-4612,PAYLOAD,2023-01-25 06:03:40,15.08858283,8.92e-05,53.2179,339.4995,123.6797,236.4281,0.0012959,0.00020407,0.0,0 STARLINK-4612,1 53750U 22107BC  23025.25254641  .00020407  00000-0  12959-2 0  9994,2 53750  53.2179 339.4995 0000892 123.6797 236.4281 15.08858283 21798,6917.825,95.436,540.307,539.072,0.0
53750.0,STARLINK-4612,PAYLOAD,2023-01-25 14:00:36,15.08828827,0.0001699,53.2179,338.0118,77.9014,282.2169,0.0015299,0.00024137,0.0,0 STARLINK-4612,1 53750U 22107BC  23025.58375317  .00024137  00000-0  15299-2 0  9998,2 53750  53.2179 338.0118 0001699  77.9014 282.2169 15.08828827 21840,6917.915,95.438,540.955,538.604,0.0
53750.0,STARLINK-4612,PAYLOAD,2023-01-26 02:43:41,15.08847503,7.01e-05,53.2181,335.6334,81.1945,278.9127,0.0015540999999999,0.00024537,0.0,0 STARLINK-4612,1 53750U 22107BC  23026.11367204  .00024537  00000-0  15541-2 0  9998,2 53750  53.2181 335.6334 0000701  81.1945 278.9127 15.08847503 22714,6917.857,95.437,540.207,539.238,0.0
53750.0,STARLINK-4612,PAYLOAD,2023-01-27 05:45:13,15.08863672,8.46e-05,53.2161,330.5779,76.4642,283.6445,0.00084017,0.00013117,0.0,0 STARLINK-4612,1 53750U 22107BC  23027.23974481  .00013117  00000-0  84017-3 0  9990,2 53750  53.2161 330.5779 0000846  76.4642 283.6445 15.08863672 22092,6917.808000000001,95.436,540.258,539.0880000000001,0.0
53750.0,STARLINK-4612,PAYLOAD,2023-01-28 05:36:01,15.08841431,0.0001167999999999,53.2172,326.1174,81.8514,278.261,0.00039867,6.063e-05,0.0,0 STARLINK-4612,1 53750U 22107BC  23028.23335140  .00006063  00000-0  39867-3 0  9999,2 53750  53.2172 326.1174 0001168  81.8514 278.2610 15.08841431 22240,6917.876,95.437,540.549,538.933,0.0
53750.0,STARLINK-4612,PAYLOAD,2023-01-29 19:45:17,15.08836383,0.0001344,53.218,318.9804,88.9956,271.119,-4.9622e-05,-1.077e-05,0.0,0 STARLINK-4612,1 53750U 22107BC  23029.82311448 -.00001077  00000-0 -49622-4 0  9993,2 53750  53.2180 318.9804 0001344  88.9956 271.1190 15.08836383 23271,6917.891,95.438,540.686,538.827,0.0
53750.0,STARLINK-4612,PAYLOAD,2023-01-30 05:17:35,15.08843671,0.0001285,53.2178,317.1964,77.47,282.6436,0.00018049,2.586e-05,0.0,0 STARLINK-4612,1 53750U 22107BC  23030.22055306  .00002586  00000-0  18049-3 0  9999,2 53750  53.2178 317.1964 0001285  77.4700 282.6436 15.08843671 22547,6917.869,95.437,540.623,538.845,0.0
53750.0,STARLINK-4612,PAYLOAD,2023-01-31 05:08:22,15.08849165,0.0001252,53.2177,312.7365,80.2348,279.8786,0.00020721,3.012e-05,0.0,0 STARLINK-4612,1 53750U 22107BC  23031.21415004  .00003012  00000-0  20721-3 0  9999,2 53750  53.2177 312.7365 0001252  80.2348 279.8786 15.08849165 23480,6917.852,95.437,540.583,538.851,0.0
53750.0,STARLINK-4612,PAYLOAD,2023-01-31 19:26:50,15.08842086,0.0001229,53.2175,310.0603,85.0391,275.0741,5.5683e-05,5.98e-06,0.0,0 STARLINK-4612,1 53750U 22107BC  23031.81031188  .00000598  00000-0  55683-4 0  9994,2 53750  53.2175 310.0603 0001229  85.0391 275.0741 15.08842086 22785,6917.874,95.437,540.589,538.889,0.0
53750.0,STARLINK-4612,PAYLOAD,2023-02-01 03:23:45,15.08856337,0.0001379,53.2177,308.5733,85.4276,274.6873,0.00027237,4.051e-05,0.0,0 STARLINK-4612,1 53750U 22107BC  23032.14150416  .00004051  00000-0  27237-3 0  9998,2 53750  53.2177 308.5733 0001379  85.4276 274.6873 15.08856337 22836,6917.83,95.437,540.649,538.741,0.0
53750.0,STARLINK-4612,PAYLOAD,2023-02-02 03:14:33,15.08838132,0.0001233,53.2172,304.1132,79.6427,280.4704,-2.4156e-05,-6.72e-06,0.0,0 STARLINK-4612,1 53750U 22107BC  23033.13511249 -.00000672  00000-0 -24156-4 0  9998,2 53750  53.2172 304.1132 0001233  79.6427 280.4704 15.08838132 22985,6917.886,95.438,540.604,538.898,0.0
53750.0,STARLINK-4612,PAYLOAD,2023-02-03 03:05:20,15.08853258,0.0001183,53.2165,299.6534,81.6704,278.4422,0.0003206,4.82e-05,0.0,0 STARLINK-4612,1 53750U 22107BC  23034.12870733  .00004820  00000-0  32060-3 0  9993,2 53750  53.2165 299.6534 0001183  81.6704 278.4422 15.08853258 23134,6917.84,95.437,540.523,538.886,0.0
53750.0,STARLINK-4612,PAYLOAD,2023-02-03 17:23:49,15.0884148,0.0001816,53.2156,296.9777,87.2374,272.8826,0.00019578,2.829e-05,0.0,0 STARLINK-4612,1 53750U 22107BC  23034.72487519  .00002829  00000-0  19578-3 0  9991,2 53750  53.2156 296.9777 0001816  87.2374 272.8826 15.08841480 23221,6917.876,95.437,540.997,538.485,0.0
53750.0,STARLINK-4612,PAYLOAD,2023-02-04 02:56:07,15.08846569,0.0001257,53.2161,295.1939,87.8967,272.2169,0.00027637,4.114e-05,0.0,0 STARLINK-4612,1 53750U 22107BC  23035.12231227  .00004114  00000-0  27637-3 0  9993,2 53750  53.2161 295.1939 0001257  87.8967 272.2169 15.08846569 24072,6917.86,95.437,540.595,538.856,0.0
53750.0,STARLINK-4612,PAYLOAD,2023-02-04 22:00:45,15.08837655,0.0001314,53.2158,291.6249,92.8408,267.2735,3.7405e-05,3.07e-06,0.0,0 STARLINK-4612,1 53750U 22107BC  23035.91719684  .00000307  00000-0  37405-4 0  9993,2 53750  53.2158 291.6249 0001314  92.8408 267.2735 15.08837655 23408,6917.888,95.438,540.662,538.844,0.0
53750.0,STARLINK-4612,PAYLOAD,2023-02-05 02:46:55,15.08841847,0.0001344,53.2157,290.7333,88.5784,271.5362,6.4081e-05,7.32e-06,0.0,0 STARLINK-4612,1 53750U 22107BC  23036.11591566  .00000732  00000-0  64081-4 0  9995,2 53750  53.2157 290.7333 0001344  88.5784 271.5362 15.08841847 24226,6917.875,95.437,540.67,538.81,0.0
53750.0,STARLINK-4612,PAYLOAD,2023-02-05 21:51:33,15.08839409,0.0001158,53.2162,287.1641,88.9524,271.1601,0.0001254,1.708e-05,0.0,0 STARLINK-4612,1 53750U 22107BC  23036.91079934  .00001708  00000-0  12540-3 0  9999,2 53750  53.2162 287.1641 0001158  88.9524 271.1601 15.08839409 24349,6917.882,95.438,540.548,538.946,0.0
53750.0,STARLINK-4612,PAYLOAD,2023-02-06 02:37:42,15.08844959,0.0001201,53.2163,286.2729,89.5376,270.5753,0.00020829,3.029e-05,0.0,0 STARLINK-4612,1 53750U 22107BC  23037.10951698  .00003029  00000-0  20829-3 0  9994,2 53750  53.2163 286.2729 0001201  89.5376 270.5753 15.08844959 23580,6917.865,95.437,540.561,538.899,0.0
53750.0,STARLINK-4612,PAYLOAD,2023-02-06 20:06:56,15.08845566,0.000113,53.2163,283.0008,88.3597,271.7524,0.00018383,2.639e-05,0.0,0 STARLINK-4612,1 53750U 22107BC  23037.83815720  .00002639  00000-0  18383-3 0  9997,2 53750  53.2163 283.0008 0001130  88.3597 271.7524 15.08845566 24482,6917.863,95.437,540.51,538.947,0.0
53750.0,STARLINK-4612,PAYLOAD,2023-02-07 02:28:28,15.08859574,0.0001088,53.2158,281.8116,88.0944,272.0173,0.00044785,6.851e-05,0.0,0 STARLINK-4612,1 53750U 22107BC  23038.10311138  .00006851  00000-0  44785-3 0  9997,2 53750  53.2158 281.8116 0001088  88.0944 272.0173 15.08859574 24520,6917.821,95.436,540.438,538.933,0.0
53750.0,STARLINK-4612,PAYLOAD,2023-02-07 21:33:06,15.08844673,0.0001096,53.216,278.2418,88.2523,271.8594,0.00010598,1.399e-05,0.0,0 STARLINK-4612,1 53750U 22107BC  23038.89799541  .00001399  00000-0  10598-3 0  9998,2 53750  53.2160 278.2418 0001096  88.2523 271.8594 15.08844673 24643,6917.866,95.437,540.489,538.973,0.0
53750.0,STARLINK-4612,PAYLOAD,2023-02-07 23:08:29,15.08844131,0.0001116,53.2163,277.9438,83.5703,276.5416,0.00011747,1.582e-05,0.0,0 STARLINK-4612,1 53750U 22107BC  23038.96423567  .00001582  00000-0  11747-3 0  9999,2 53750  53.2163 277.9438 0001116  83.5703 276.5416 15.08844131 23862,6917.868,95.437,540.505,538.961,0.0
53750.0,STARLINK-4612,PAYLOAD,2023-02-08 19:48:31,15.08832011,0.0001588,53.2164,274.0807,70.1903,289.9261,-9.5387e-06,-4.4e-06,0.0,0 STARLINK-4612,1 53750U 22107BC  23039.82536575 -.00000440  00000-0 -95387-5 0  9997,2 53750  53.2164 274.0807 0001588  70.1903 289.9261 15.08832011 23992,6917.905,95.438,540.868,538.671,0.0
53750.0,STARLINK-4612,PAYLOAD,2023-02-08 21:23:54,15.08833623,0.0001353,53.216,273.7843,77.2977,282.8167,4.325e-05,4e-06,0.0,0 STARLINK-4612,1 53750U 22107BC  23039.89160468  .00000400  00000-0  43250-4 0  9993,2 53750  53.2160 273.7843 0001353  77.2977 282.8167 15.08833623 24799,6917.9,95.438,540.701,538.829,0.0
53750.0,STARLINK-4612,PAYLOAD,2023-02-09 10:06:59,15.08835321,0.0001274,53.2154,271.4033,127.2045,232.9064,0.00030743,4.608e-05,0.0,0 STARLINK-4612,1 53750U 22107BC  23040.42152394  .00004608  00000-0  30743-3 0  9999,2 53750  53.2154 271.4033 0001274 127.2045 232.9064 15.08835321 24870,6917.895,95.438,540.641,538.878,0.0
53750.0,STARLINK-4612,PAYLOAD,2023-02-09 21:14:41,15.08849479,0.0001218,53.2151,269.3221,88.4293,271.6839,0.00053998,8.319e-05,0.0,0 STARLINK-4612,1 53750U 22107BC  23040.88520356  .00008319  00000-0  53998-3 0  9996,2 53750  53.2151 269.3221 0001218  88.4293 271.6839 15.08849479 24940,6917.851,95.437,540.559,538.874,0.0
53750.0,STARLINK-4612,PAYLOAD,2023-02-10 00:25:27,15.08860703,0.00013,53.2149,268.7275,83.3815,276.7325,0.00083058,0.00012963,0.0,0 STARLINK-4612,1 53750U 22107BC  23041.01768038  .00012963  00000-0  83058-3 0  9993,2 53750  53.2149 268.7275 0001300  83.3815 276.7325 15.08860703 24179,6917.817,95.436,540.581,538.783,0.0
53750.0,STARLINK-4612,PAYLOAD,2023-02-10 14:43:56,15.08840314,0.0001207,53.2154,266.0542,87.1424,272.9706,0.00014588,2.035e-05,0.0,0 STARLINK-4612,1 53750U 22107BC  23041.61384523  .00002035  00000-0  14588-3 0  9993,2 53750  53.2154 266.0542 0001207  87.1424 272.9706 15.08840314 24264,6917.879,95.438,540.579,538.909,0.0
53750.0,STARLINK-4612,PAYLOAD,2023-02-10 21:05:28,15.08844251,0.0001237,53.2147,264.862,85.6408,274.4726,0.00031449,4.721e-05,0.0,0 STARLINK-4612,1 53750U 22107BC  23041.87880521  .00004721  00000-0  31449-3 0  9999,2 53750  53.2147 264.8620 0001237  85.6408 274.4726 15.08844251 25092,6917.867,95.437,540.588,538.877,0.0
53750.0,STARLINK-4612,PAYLOAD,2023-02-11 20:56:15,15.08846356,9.7e-05,53.2162,260.4007,88.3689,271.7414,0.00032293,4.856e-05,0.0,0 STARLINK-4612,1 53750U 22107BC  23042.87240429  .00004856  00000-0  32293-3 0  9994,2 53750  53.2162 260.4007 0000970  88.3689 271.7414 15.08846356 24455,6917.861,95.437,540.397,539.055,0.0
53750.0,STARLINK-4612,PAYLOAD,2023-02-12 14:25:30,15.08836356,0.0001083,53.2154,257.1299,89.0346,271.077,8.3564e-05,1.042e-05,0.0,0 STARLINK-4612,1 53750U 22107BC  23043.60104869  .00001042  00000-0  83564-4 0  9995,2 53750  53.2154 257.1299 0001083  89.0346 271.0770 15.08836356 24565,6917.892,95.438,540.506,539.007,0.0
53750.0,STARLINK-4612,PAYLOAD,2023-02-13 14:16:17,15.08840474,0.0001116,53.2151,252.6696,73.9024,286.2091,-8.24e-07,-3.01e-06,0.0,0 STARLINK-4612,1 53750U 22107BC  23044.59464934 -.00000301  00000-0 -82400-6 0  9995,2 53750  53.2151 252.6696 0001116  73.9024 286.2091 15.08840474 25500,6917.879,95.438,540.516,538.972,0.0
53750.0,STARLINK-4612,PAYLOAD,2023-02-13 20:37:50,15.08844203,0.0001184,53.216,251.4789,76.0238,284.0885,0.00012318,1.673e-05,0.0,0 STARLINK-4612,1 53750U 22107BC  23044.85960649  .00001673  00000-0  12318-3 0  9997,2 53750  53.2160 251.4789 0001184  76.0238 284.0885 15.08844203 24753,6917.868,95.437,540.552,538.913,0.0
53750.0,STARLINK-4612,PAYLOAD,2023-02-14 14:07:04,15.08837351,0.0001171,53.2149,248.2087,80.5362,279.5763,0.0001253,1.707e-05,0.0,0 STARLINK-4612,1 53750U 22107BC  23045.58825060  .00001707  00000-0  12530-3 0  9999,2 53750  53.2149 248.2087 0001171  80.5362 279.5763 15.08837351 25659,6917.888,95.438,540.564,538.943,0.0
53750.0,STARLINK-4612,PAYLOAD,2023-02-15 12:22:28,15.08841733,0.0001202,53.2151,244.0467,88.6242,271.4888,2.3744e-05,9e-07,0.0,0 STARLINK-4612,1 53750U 22107BC  23046.51560803  .00000090  00000-0  23744-4 0  9998,2 53750  53.2151 244.0467 0001202  88.6242 271.4888 15.08841733 25792,6917.875,95.437,540.572,538.909,0.0
53750.0,STARLINK-4612,PAYLOAD,2023-02-15 21:54:46,15.08853516,0.0001231,53.2143,242.2621,89.0601,271.0532,0.00020544,2.984e-05,0.0,0 STARLINK-4612,1 53750U 22107BC  23046.91304165  .00002984  00000-0  20544-3 0  9997,2 53750  53.2143 242.2621 0001231  89.0601 271.0532 15.08853516 25065,6917.839,95.437,540.556,538.852,0.0
53750.0,STARLINK-4612,PAYLOAD,2023-02-16 05:51:42,15.08844979,0.0001247,53.2143,240.7742,80.4146,279.6987,0.00013572,1.873e-05,0.0,0 STARLINK-4612,1 53750U 22107BC  23047.24424434  .00001873  00000-0  13572-3 0  9995,2 53750  53.2143 240.7742 0001247  80.4146 279.6987 15.08844979 25115,6917.865,95.437,540.593,538.868,0.0
53750.0,STARLINK-4612,PAYLOAD,2023-02-16 13:48:38,15.08833654,0.0001198,53.2143,239.2878,80.5539,279.5588,-1.8771e-05,-5.87e-06,0.0,0 STARLINK-4612,1 53750U 22107BC  23047.57545086 -.00000587  00000-0 -18771-4 0  9998,2 53750  53.2143 239.2878 0001198  80.5539 279.5588 15.08833654 25169,6917.9,95.438,540.594,538.936,0.0
53750.0,STARLINK-4612,PAYLOAD,2023-02-16 21:45:34,15.088421,0.0001395,53.2144,237.8004,77.8404,282.2744,5.1898e-05,5.38e-06,0.0,0 STARLINK-4612,1 53750U 22107BC  23047.90664721  .00000538  00000-0  51898-4 0  9994,2 53750  53.2144 237.8004 0001395  77.8404 282.2744 15.08842100 26009,6917.874,95.437,540.704,538.774,0.0
53750.0,STARLINK-4612,PAYLOAD,2023-02-17 12:04:02,15.08835964,0.0001191,53.2147,235.1244,80.1442,279.9685,4.8517e-05,4.84e-06,0.0,0 STARLINK-4612,1 53750U 22107BC  23048.50281093  .00000484  00000-0  48517-4 0  9992,2 53750  53.2147 235.1244 0001191  80.1442 279.9685 15.08835964 26098,6917.893,95.438,540.582,538.934,0.0
53750.0,STARLINK-4612,PAYLOAD,2023-02-17 18:25:35,15.08841552,0.0001154,53.215,233.9351,80.3533,279.7589,0.00013276,1.826e-05,0.0,0 STARLINK-4612,1 53750U 22107BC  23048.76776904  .00001826  00000-0  13276-3 0  9994,2 53750  53.2150 233.9351 0001154  80.3533 279.7589 15.08841552 25347,6917.876,95.437,540.539,538.942,0.0
53750.0,STARLINK-4612,PAYLOAD,2023-02-18 11:54:50,15.08827555,0.000118,53.2149,230.6637,83.1592,276.9535,0.0003637,5.503e-05,0.0,0 STARLINK-4612,1 53750U 22107BC  23049.49641828  .00005503  00000-0  36370-3 0  9997,2 53750  53.2149 230.6637 0001180  83.1592 276.9535 15.08827555 25450,6917.918,95.438,540.6,538.967,0.0
53750.0,STARLINK-4612,PAYLOAD,2023-02-18 13:30:13,15.08829522,0.0001223,53.215,230.3664,81.6376,278.4754,0.0002843,4.238e-05,0.0,0 STARLINK-4612,1 53750U 22107BC  23049.56265715  .00004238  00000-0  28430-3 0  9994,2 53750  53.2150 230.3664 0001223  81.6376 278.4754 15.08829522 26255,6917.912,95.438,540.623,538.931,0.0
53750.0,STARLINK-4612,PAYLOAD,2023-02-19 05:24:04,15.08840155,0.0001137,53.2164,227.3927,85.9498,274.1624,0.00014414,2.007e-05,0.0,0 STARLINK-4612,1 53750U 22107BC  23050.22505029  .00002007  00000-0  14414-3 0  9993,2 53750  53.2164 227.3927 0001137  85.9498 274.1624 15.08840155 25561,6917.88,95.438,540.531,538.958,0.0
53750.0,STARLINK-4612,PAYLOAD,2023-02-19 14:56:23,15.08839759,0.0001152,53.2163,225.6085,87.4642,272.6482,0.00012396,1.686e-05,0.0,0 STARLINK-4612,1 53750U 22107BC  23050.62249121  .00001686  00000-0  12396-3 0  9994,2 53750  53.2163 225.6085 0001152  87.4642 272.6482 15.08839759 26419,6917.881,95.438,540.543,538.949,0.0
53750.0,STARLINK-4612,PAYLOAD,2023-02-20 11:36:24,15.08837606,0.0001145,53.2163,221.743,85.3268,274.7855,0.00010961,1.457e-05,0.0,0 STARLINK-4612,1 53750U 22107BC  23051.48361341  .00001457  00000-0  10961-3 0  9990,2 53750  53.2163 221.7430 0001145  85.3268 274.7855 15.08837606 25755,6917.888,95.438,540.545,538.961,0.0
53750.0,STARLINK-4612,PAYLOAD,2023-02-21 14:37:57,15.08841213,0.0001092,53.2163,216.6876,89.5288,270.5829,6.9721e-05,8.22e-06,0.0,0 STARLINK-4612,1 53750U 22107BC  23052.60969084  .00000822  00000-0  69721-4 0  9997,2 53750  53.2163 216.6876 0001092  89.5288 270.5829 15.08841213 25924,6917.877,95.437,540.497,538.986,0.0
53750.0,STARLINK-4612,PAYLOAD,2023-02-21 17:48:43,15.08845931,0.0001097,53.2162,216.0928,89.4623,270.6495,0.00010687,1.414e-05,0.0,0 STARLINK-4612,1 53750U 22107BC  23052.74216662  .00001414  00000-0  10687-3 0  9993,2 53750  53.2162 216.0928 0001097  89.4623 270.6495 15.08845931 26733,6917.862,95.437,540.486,538.968,0.0
53750.0,STARLINK-4612,PAYLOAD,2023-02-22 12:53:21,15.08826603,0.0001146,53.2162,212.5251,92.4231,267.6893,7.407e-05,8.91e-06,0.0,0 STARLINK-4612,1 53750U 22107BC  23053.53705919  .00000891  00000-0  74070-4 0  9994,2 53750  53.2162 212.5251 0001146  92.4231 267.6893 15.08826603 26853,6917.921,95.438,540.579,538.994,0.0
53750.0,STARLINK-4612,PAYLOAD,2023-02-22 19:14:53,15.08839485,0.0001141,53.216,211.3353,84.9939,275.1183,6.2409e-05,7.06e-06,0.0,0 STARLINK-4612,1 53750U 22107BC  23053.80201232  .00000706  00000-0  62409-4 0  9991,2 53750  53.2160 211.3353 0001141  84.9939 275.1183 15.08839485 26103,6917.882,95.438,540.536,538.958,0.0
53750.0,STARLINK-4612,PAYLOAD,2023-02-23 12:44:08,15.08836837,0.000125,53.216,208.0643,82.9239,277.1896,-1.1927e-05,-4.78e-06,0.0,0 STARLINK-4612,1 53750U 22107BC  23054.53065843 -.00000478  00000-0 -11927-4 0  9995,2 53750  53.2160 208.0643 0001250  82.9239 277.1896 15.08836837 26213,6917.89,95.438,540.62,538.89,0.0
53750.0,STARLINK-4612,PAYLOAD,2023-02-23 19:05:40,15.08847645,0.0001137,53.2162,206.8743,81.6414,278.4707,6.6634e-05,7.73e-06,0.0,0 STARLINK-4612,1 53750U 22107BC  23054.79560880  .00000773  00000-0  66634-4 0  9995,2 53750  53.2162 206.8743 0001137  81.6414 278.4707 15.08847645 26255,6917.857,95.437,540.509,538.935,0.0
53750.0,STARLINK-4612,PAYLOAD,2023-02-24 03:02:36,15.08838478,0.0001156,53.2165,205.3863,86.4281,273.6843,3.886e-06,-2.26e-06,0.0,0 STARLINK-4612,1 53750U 22107BC  23055.12681699 -.00000226  00000-0  38860-5 0  9990,2 53750  53.2165 205.3863 0001156  86.4281 273.6843 15.08838478 26309,6917.885,95.438,540.55,538.95,0.0
53750.0,STARLINK-4612,PAYLOAD,2023-02-24 12:34:56,15.08831581,0.000131,53.216,203.6039,87.3191,272.7951,6.7184e-05,7.81e-06,0.0,0 STARLINK-4612,1 53750U 22107BC  23055.52426047  .00000781  00000-0  67184-4 0  9993,2 53750  53.2160 203.6039 0001310  87.3191 272.7951 15.08831581 27154,6917.906,95.438,540.677,538.865,0.0
53750.0,STARLINK-4612,PAYLOAD,2023-02-24 17:21:05,15.08837339,0.000122,53.2162,202.7118,84.2425,275.8706,8.7197e-05,1.1e-05,0.0,0 STARLINK-4612,1 53750U 22107BC  23055.72297703  .00001100  00000-0  87197-4 0  9992,2 53750  53.2162 202.7118 0001220  84.2425 275.8706 15.08837339 27182,6917.889,95.438,540.598,538.91,0.0
53750.0,STARLINK-4612,PAYLOAD,2023-02-25 12:25:43,15.08836008,0.000119,53.2164,199.1436,82.5784,277.5344,-3.3994e-05,-8.29e-06,0.0,0 STARLINK-4612,1 53750U 22107BC  23056.51786521 -.00000829  00000-0 -33994-4 0  9996,2 53750  53.2164 199.1436 0001190  82.5784 277.5344 15.08836008 26516,6917.893,95.438,540.581,538.934,0.0
53750.0,STARLINK-4612,PAYLOAD,2023-02-25 17:11:52,15.08839,0.0001183,53.2164,198.2514,83.6111,276.5015,5.7431e-06,-1.96e-06,0.0,0 STARLINK-4612,1 53750U 22107BC  23056.71658228 -.00000196  00000-0  57431-5 0  9999,2 53750  53.2164 198.2514 0001183  83.6111 276.5015 15.08839000 27331,6917.883,95.438,540.567,538.93,0.0
53750.0,STARLINK-4612,PAYLOAD,2023-02-26 02:44:10,15.08847461,0.0001161,53.217,196.4664,85.0322,275.0803,4.9287e-05,4.97e-06,0.0,0 STARLINK-4612,1 53750U 22107BC  23057.11401481  .00000497  00000-0  49287-4 0  9993,2 53750  53.2170 196.4664 0001161  85.0322 275.0803 15.08847461 26608,6917.858,95.437,540.526,538.919,0.0
53750.0,STARLINK-4612,PAYLOAD,2023-02-26 12:16:29,15.08847745,0.0001158,53.2162,194.6842,82.9138,277.1985,0.00017822,2.55e-05,0.0,0 STARLINK-4612,1 53750U 22107BC  23057.51145207  .00002550  00000-0  17822-3 0  9999,2 53750  53.2162 194.6842 0001158  82.9138 277.1985 15.08847745 27457,6917.857,95.437,540.523,538.921,0.0
53750.0,STARLINK-4612,PAYLOAD,2023-02-26 15:27:15,15.08854665,0.0001093,53.2162,194.0896,82.6968,277.4148,0.00022676,3.324e-05,0.0,0 STARLINK-4612,1 53750U 22107BC  23057.64392699  .00003324  00000-0  22676-3 0  9995,2 53750  53.2162 194.0896 0001093  82.6968 277.4148 15.08854665 26683,6917.836,95.437,540.457,538.944,0.0
53750.0,STARLINK-4612,PAYLOAD,2023-02-27 02:34:57,15.08852302,0.0001239,53.2172,192.0103,61.7238,298.3879,0.00017989,2.577e-05,0.0,0 STARLINK-4612,1 53750U 22107BC  23058.10760736  .00002577  00000-0  17989-3 0  9998,2 53750  53.2172 192.0103 0001239  61.7238 298.3879 15.08852302 26750,6917.843,95.437,540.565,538.851,0.0
53750.0,STARLINK-4612,PAYLOAD,2023-02-27 13:42:39,15.08852724,0.0001095,53.2176,189.9243,86.1741,273.9376,0.00023961,3.529e-05,0.0,0 STARLINK-4612,1 53750U 22107BC  23058.57128768  .00003529  00000-0  23961-3 0  9997,2 53750  53.2176 189.9243 0001095  86.1741 273.9376 15.08852724 27619,6917.841,95.437,540.464,538.949,0.0
53750.0,STARLINK-4612,PAYLOAD,2023-02-28 13:33:27,15.08841274,0.0001335,53.2151,185.4661,71.2384,288.8753,-3.715e-05,-8.79e-06,0.0,0 STARLINK-4612,1 53750U 22107BC  23059.56489672 -.00000879  00000-0 -37150-4 0  9994,2 53750  53.2151 185.4661 0001335  71.2384 288.8753 15.08841274 27760,6917.876,95.437,540.665,538.818,0.0
53750.0,STARLINK-4612,PAYLOAD,2023-02-28 15:08:50,15.08840999,0.0001479,53.2155,185.1702,48.3956,311.7163,-7.7136e-05,-1.515e-05,0.0,0 STARLINK-4612,1 53750U 22107BC  23059.63113598 -.00001515  00000-0 -77136-4 0  9999,2 53750  53.2155 185.1702 0001479  48.3956 311.7163 15.08840999 26983,6917.877,95.437,540.765,538.719,0.0
53750.0,STARLINK-4612,PAYLOAD,2023-03-01 11:48:52,15.08820387,0.000193,53.217,181.3016,62.4745,297.6443,-0.0001731,-3.041e-05,0.0,0 STARLINK-4612,1 53750U 22107BC  23060.49227330 -.00003041  00000-0 -17310-3 0  9998,2 53750  53.2170 181.3016 0001930  62.4745 297.6443 15.08820387 27119,6917.94,95.439,541.141,538.47,0.0
53750.0,STARLINK-4612,PAYLOAD,2023-03-01 13:24:15,15.08825988,0.0001222,53.2164,181.0023,74.0293,286.0834,-4.2634e-05,-9.66e-06,0.0,0 STARLINK-4612,1 53750U 22107BC  23060.55851088 -.00000966  00000-0 -42634-4 0  9999,2 53750  53.2164 181.0023 0001222  74.0293 286.0834 15.08825988 27914,6917.923,95.438,540.634,538.943,0.0
53750.0,STARLINK-4612,PAYLOAD,2023-03-02 00:31:57,15.08826979,0.000165,53.218,178.9273,63.7213,296.3949,2.2904e-05,7.6e-07,0.0,0 STARLINK-4612,1 53750U 22107BC  23061.02219504  .00000076  00000-0  22904-4 0  9991,2 53750  53.2180 178.9273 0001650  63.7213 296.3949 15.08826979 27198,6917.92,95.438,540.927,538.644,0.0
53750.0,STARLINK-4612,PAYLOAD,2023-03-02 18:01:11,15.08863625,0.0001434,53.2153,175.6531,58.0856,302.0275,0.001096,0.00017209,0.0,0 STARLINK-4612,1 53750U 22107BC  23061.75082791  .00017209  00000-0  10960-2 0  9990,2 53750  53.2153 175.6531 0001434  58.0856 302.0275 15.08863625 28095,6917.808,95.436,540.665,538.681,0.0
53750.0,STARLINK-4612,PAYLOAD,2023-03-03 06:44:16,15.08854424,0.0001578,53.2166,173.2713,119.54,240.575,0.00022083,3.23e-05,0.0,0 STARLINK-4612,1 53750U 22107BC  23062.28074245  .00003230  00000-0  22083-3 0  9993,2 53750  53.2166 173.2713 0001578 119.5400 240.5750 15.08854424 27384,6917.836,95.437,540.793,538.61,0.0
53750.0,STARLINK-4612,PAYLOAD,2023-03-03 11:30:25,15.08867319,0.000119,53.2164,172.3826,72.1266,287.9856,0.00069238,0.00010757,0.0,0 STARLINK-4612,1 53750U 22107BC  23062.47946095  .00010757  00000-0  69238-3 0  9990,2 53750  53.2164 172.3826 0001190  72.1266 287.9856 15.08867319 28202,6917.797,95.436,540.485,538.839,0.0
53750.0,STARLINK-4612,PAYLOAD,2023-03-04 11:21:12,15.08847686,0.0001248,53.2155,167.9206,92.4857,267.6278,0.0005697,8.792e-05,0.0,0 STARLINK-4612,1 53750U 22107BC  23063.47305854  .00008792  00000-0  56970-3 0  9998,2 53750  53.2155 167.9206 0001248  92.4857 267.6278 15.08847686 28353,6917.857,95.437,540.585,538.859,0.0
53750.0,STARLINK-4612,PAYLOAD,2023-03-04 12:56:35,15.08841483,0.0001257,53.2157,167.624,85.5234,274.5902,0.0028102,0.00044722,0.0,0 STARLINK-4612,1 53750U 22107BC  23063.53930225  .00044722  00000-0  28102-2 0  9999,2 53750  53.2157 167.6240 0001257  85.5234 274.5902 15.08841483 27575,6917.876,95.437,540.61,538.871,0.0
53750.0,STARLINK-4612,PAYLOAD,2023-03-04 14:31:58,15.08847503,0.0001337,53.2157,167.3262,86.0922,274.0223,0.0026602,0.00042312,0.0,0 STARLINK-4612,1 53750U 22107BC  23063.60554197  .00042312  00000-0  26602-2 0  9993,2 53750  53.2157 167.3262 0001337  86.0922 274.0223 15.08847503 28374,6917.857,95.437,540.647,538.798,0.0
53750.0,STARLINK-4612,PAYLOAD,2023-03-05 00:04:17,15.08837831,0.0001163,53.2179,165.5401,108.3269,251.785,0.00088458,0.00013817,0.0,0 STARLINK-4612,1 53750U 22107BC  23064.00298273  .00013817  00000-0  88458-3 0  9994,2 53750  53.2179 165.5401 0001163 108.3269 251.7850 15.08837831 27642,6917.887,95.438,540.557,538.947,0.0
53750.0,STARLINK-4612,PAYLOAD,2023-03-05 23:55:04,15.08852313,0.0001199,53.2196,161.0814,102.7622,257.3504,0.00081714,0.00012745,0.0,0 STARLINK-4612,1 53750U 22107BC  23064.99658186  .00012745  00000-0  81714-3 0  9992,2 53750  53.2196 161.0814 0001199 102.7622 257.3504 15.08852313 27796,6917.843,95.437,540.537,538.878,0.0
53750.0,STARLINK-4612,PAYLOAD,2023-03-06 11:02:45,15.08870691,0.0001154,53.2195,158.9995,104.3347,255.7774,0.00099158,0.00015541,0.0,0 STARLINK-4612,1 53750U 22107BC  23065.46025360  .00015541  00000-0  99158-3 0  9995,2 53750  53.2195 158.9995 0001154 104.3347 255.7774 15.08870691 28659,6917.787,95.436,540.45,538.853,0.0
53750.0,STARLINK-4612,PAYLOAD,2023-03-07 06:07:23,15.08852753,9.73e-05,53.2189,155.4308,130.764,229.3436,0.00039812,6.056e-05,0.0,0 STARLINK-4612,1 53750U 22107BC  23066.25513312  .00006056  00000-0  39812-3 0  9994,2 53750  53.2189 155.4308 0000973 130.7640 229.3436 15.08852753 27985,6917.841,95.437,540.38,539.033,0.0
53750.0,STARLINK-4612,PAYLOAD,2023-03-07 15:39:42,15.08845343,0.0001835,53.2189,153.6451,129.927,230.1884,0.00056011,8.639e-05,0.0,0 STARLINK-4612,1 53750U 22107BC  23066.65257392  .00008639  00000-0  56011-3 0  9990,2 53750  53.2189 153.6451 0001835 129.9270 230.1884 15.08845343 28043,6917.864,95.437,540.998,538.46,0.0
53750.0,STARLINK-4612,PAYLOAD,2023-03-08 15:30:30,15.08828664,0.0002507,53.2163,149.1816,124.1938,235.9292,0.00059184,9.141e-05,0.0,0 STARLINK-4612,1 53750U 22107BC  23067.64618998  .00009141  00000-0  59184-3 0  9996,2 53750  53.2163 149.1816 0002507 124.1938 235.9292 15.08828664 28194,6917.915,95.438,541.514,538.046,0.0
53750.0,STARLINK-4612,PAYLOAD,2023-03-08 21:52:03,15.08837729,0.0002339,53.2168,147.9931,125.1702,234.951,0.00055511,8.557e-05,0.0,0 STARLINK-4612,1 53750U 22107BC  23067.91115039  .00008557  00000-0  55511-3 0  9994,2 53750  53.2168 147.9931 0002339 125.1702 234.9510 15.08837729 29023,6917.887,95.438,541.37,538.134,0.0
53750.0,STARLINK-4612,PAYLOAD,2023-03-09 12:10:31,15.08866343,0.0001714,53.2166,145.3194,114.4728,245.6443,0.0013268,0.00020906,0.0,0 STARLINK-4612,1 53750U 22107BC  23068.50730602  .00020906  00000-0  13268-2 0  9993,2 53750  53.2166 145.3194 0001714 114.4728 245.6443 15.08866343 28329,6917.8,95.436,540.851,538.479,0.0
53750.0,STARLINK-4612,PAYLOAD,2023-03-09 21:42:49,15.08855744,0.0001823,53.2166,143.5344,103.8992,256.2203,0.00060307,9.327e-05,0.0,0 STARLINK-4612,1 53750U 22107BC  23068.90474468  .00009327  00000-0  60307-3 0  9993,2 53750  53.2166 143.5344 0001823 103.8992 256.2203 15.08855744 29171,6917.832,95.437,540.958,538.436,0.0
53750.0,STARLINK-4612,PAYLOAD,2023-03-10 05:39:45,15.08834766,0.0001221,53.2164,142.0483,117.9914,242.1202,-0.00031857,-5.354e-05,0.0,0 STARLINK-4612,1 53750U 22107BC  23069.23594457 -.00005354  00000-0 -31857-3 0  9997,2 53750  53.2164 142.0483 0001221 117.9914 242.1202 15.08834766 28431,6917.896,95.438,540.606,538.917,0.0
53750.0,STARLINK-4612,PAYLOAD,2023-03-10 10:25:54,15.08852584,0.0002048,53.2179,141.1643,126.6592,233.4588,0.00041033,6.251e-05,0.0,0 STARLINK-4612,1 53750U 22107BC  23069.43466245  .00006251  00000-0  41033-3 0  9994,2 53750  53.2179 141.1643 0002048 126.6592 233.4588 15.08852584 28463,6917.842,95.437,541.124,538.29,0.0
53750.0,STARLINK-4612,PAYLOAD,2023-03-10 21:33:36,15.08849811,0.0001709,53.2166,139.0776,84.9118,275.207,0.00036988,5.605e-05,0.0,0 STARLINK-4612,1 53750U 22107BC  23069.89834198  .00005605  00000-0  36988-3 0  9995,2 53750  53.2166 139.0776 0001709  84.9118 275.2070 15.08849811 29320,6917.85,95.437,540.898,538.533,0.0
53750.0,STARLINK-4612,PAYLOAD,2023-03-11 05:30:33,15.08815626,0.0001263,53.2157,137.5923,115.3565,244.7558,-0.00054198,-8.897e-05,0.0,0 STARLINK-4612,1 53750U 22107BC  23070.22954887 -.00008897  00000-0 -54198-3 0  9993,2 53750  53.2157 137.5923 0001263 115.3565 244.7558 15.08815626 28583,6917.955,95.439,540.694,538.946,0.0
53750.0,STARLINK-4612,PAYLOAD,2023-03-11 10:16:42,15.08820513,0.0001304,53.2161,136.7011,93.8014,266.3127,-0.00014726,-2.629e-05,0.0,0 STARLINK-4612,1 53750U 22107BC  23070.42827179 -.00002629  00000-0 -14726-3 0  9998,2 53750  53.2161 136.7011 0001304  93.8014 266.3127 15.08820513 29407,6917.94,95.439,540.707,538.903,0.0
53750.0,STARLINK-4612,PAYLOAD,2023-03-11 11:52:05,15.08822798,0.0001491,53.2159,136.4033,91.1795,268.9368,-3.2824e-05,-8.1e-06,0.0,0 STARLINK-4612,1 53750U 22107BC  23070.49451277 -.00000810  00000-0 -32824-4 0  9997,2 53750  53.2159 136.4033 0001491  91.1795 268.9368 15.08822798 28624,6917.933,95.439,540.829,538.767,0.0
53750.0,STARLINK-4612,PAYLOAD,2023-03-12 11:42:54,15.08831378,0.0001765,53.2162,131.9417,68.452,291.666,0.00049928,7.665e-05,0.0,0 STARLINK-4612,1 53750U 22107BC  23071.48812666  .00007665  00000-0  49928-3 0  9995,2 53750  53.2162 131.9417 0001765  68.4520 291.6660 15.08831378 29567,6917.907,95.438,540.993,538.551,0.0
53750.0,STARLINK-4612,PAYLOAD,2023-03-13 03:36:45,15.08848696,0.0001427,53.2159,128.9694,80.4987,279.6166,0.00065956,0.00010227,0.0,0 STARLINK-4612,1 53750U 22107BC  23072.15052330  .00010227  00000-0  65956-3 0  9991,2 53750  53.2159 128.9694 0001427  80.4987 279.6166 15.08848696 28873,6917.854,95.437,540.706,538.732,0.0
53750.0,STARLINK-4612,PAYLOAD,2023-03-14 03:27:32,15.08847563,0.0001363,53.2163,124.5081,78.8781,281.2364,0.00026571,3.944e-05,0.0,0 STARLINK-4612,1 53750U 22107BC  23073.14412050  .00003944  00000-0  26571-3 0  9998,2 53750  53.2163 124.5081 0001363  78.8781 281.2364 15.08847563 29021,6917.857,95.437,540.665,538.779,0.0
53750.0,STARLINK-4612,PAYLOAD,2023-03-14 09:49:04,15.0884608,0.0001238,53.2169,123.3166,89.501,270.6124,0.00012036,1.628e-05,0.0,0 STARLINK-4612,1 53750U 22107BC  23073.40908054  .00001628  00000-0  12036-3 0  9999,2 53750  53.2169 123.3166 0001238  89.5010 270.6124 15.08846080 29853,6917.862,95.437,540.583,538.87,0.0
53750.0,STARLINK-4612,PAYLOAD,2023-03-15 09:39:50,15.08865463,0.0001427,53.217,118.8573,88.4041,271.7115,0.00045241,6.924e-05,0.0,0 STARLINK-4612,1 53750U 22107BC  23074.40266770  .00006924  00000-0  45241-3 0  9990,2 53750  53.2170 118.8573 0001427  88.4041 271.7115 15.08865463 29216,6917.803,95.436,540.655,538.68,0.0
53750.0,STARLINK-4612,PAYLOAD,2023-03-16 03:09:05,15.0884349,0.0001391,53.2172,115.5839,109.7014,250.4128,2.3577e-05,8.7e-07,0.0,0 STARLINK-4612,1 53750U 22107BC  23075.13131222  .00000087  00000-0  23577-4 0  9997,2 53750  53.2172 115.5839 0001391 109.7014 250.4128 15.08843490 29320,6917.87,95.437,540.697,538.772,0.0
53750.0,STARLINK-4612,PAYLOAD,2023-03-16 12:41:24,15.08843928,0.000129,53.2173,113.8016,100.7981,259.3156,0.00031711,4.763e-05,0.0,0 STARLINK-4612,1 53750U 22107BC  23075.52875169  .00004763  00000-0  31711-3 0  9998,2 53750  53.2173 113.8016 0001290 100.7981 259.3156 15.08843928 30171,6917.868,95.437,540.626,538.841,0.0
53750.0,STARLINK-4612,PAYLOAD,2023-03-16 19:02:57,15.08833498,0.0001217,53.2163,112.6126,88.1493,271.9639,0.00012032,1.627e-05,0.0,0 STARLINK-4612,1 53750U 22107BC  23075.79371535  .00001627  00000-0  12032-3 0  9996,2 53750  53.2163 112.6126 0001217  88.1493 271.9639 15.08833498 29428,6917.9,95.438,540.607,538.923,0.0
53750.0,STARLINK-4612,PAYLOAD,2023-03-17 12:32:12,15.08833903,0.0001361,53.2162,109.3424,91.9339,268.1809,-0.00012711,-2.31e-05,0.0,0 STARLINK-4612,1 53750U 22107BC  23076.52236144 -.00002310  00000-0 -12711-3 0  9990,2 53750  53.2162 109.3424 0001361  91.9339 268.1809 15.08833903 30321,6917.899,95.438,540.706,538.822,0.0
53750.0,STARLINK-4612,PAYLOAD,2023-03-17 18:53:44,15.08837949,0.0001337,53.2168,108.1532,93.3564,266.7581,-6.0528e-05,-1.251e-05,0.0,0 STARLINK-4612,1 53750U 22107BC  23076.78731841 -.00001251  00000-0 -60528-4 0  9995,2 53750  53.2168 108.1532 0001337  93.3564 266.7581 15.08837949 30362,6917.887,95.438,540.677,538.827,0.0
53750.0,STARLINK-4612,PAYLOAD,2023-03-18 02:50:40,15.08839937,0.0001399,53.2161,106.6659,98.9729,261.1422,0.00028308,4.22e-05,0.0,0 STARLINK-4612,1 53750U 22107BC  23077.11852186  .00004220  00000-0  28308-3 0  9995,2 53750  53.2161 106.6659 0001399  98.9729 261.1422 15.08839937 29629,6917.881,95.438,540.713,538.778,0.0
53750.0,STARLINK-4612,PAYLOAD,2023-03-18 20:19:54,15.08845826,0.0001198,53.2165,103.3945,83.4991,276.6138,0.00026341,3.907e-05,0.0,0 STARLINK-4612,1 53750U 22107BC  23077.84715980  .00003907  00000-0  26341-3 0  9991,2 53750  53.2165 103.3945 0001198  83.4991 276.6138 15.08845826 30522,6917.863,95.437,540.556,538.899,0.0
53750.0,STARLINK-4612,PAYLOAD,2023-03-19 05:52:13,15.08839227,0.0001202,53.2161,101.6106,78.9099,281.2028,0.000151,2.116e-05,0.0,0 STARLINK-4612,1 53750U 22107BC  23078.24460317  .00002116  00000-0  15100-3 0  9999,2 53750  53.2161 101.6106 0001202  78.9099 281.2028 15.08839227 29797,6917.883,95.438,540.579,538.916,0.0
53750.0,STARLINK-4612,PAYLOAD,2023-03-19 09:02:59,15.08842986,0.0001337,53.2155,101.0157,80.9419,279.1724,0.00016435,2.329e-05,0.0,0 STARLINK-4612,1 53750U 22107BC  23078.37708157  .00002329  00000-0  16435-3 0  9998,2 53750  53.2155 101.0157 0001337  80.9419 279.1724 15.08842986 30605,6917.871,95.437,540.661,538.811,0.0
53750.0,STARLINK-4612,PAYLOAD,2023-03-19 18:35:18,15.08843103,0.0001413,53.216,99.2328,86.8868,273.2286,0.00011689,1.573e-05,0.0,0 STARLINK-4612,1 53750U 22107BC  23078.77452093  .00001573  00000-0  11689-3 0  9993,2 53750  53.2160  99.2328 0001413  86.8868 273.2286 15.08843103 30663,6917.871,95.437,540.713,538.758,0.0
53750.0,STARLINK-4612,PAYLOAD,2023-03-20 07:18:23,15.08845285,0.0001312,53.2159,96.8517,93.9811,266.1331,7.8412e-05,9.6e-06,0.0,0 STARLINK-4612,1 53750U 22107BC  23079.30443926  .00000960  00000-0  78412-4 0  9995,2 53750  53.2159  96.8517 0001312  93.9811 266.1331 15.08845285 29954,6917.864,95.437,540.637,538.822,0.0
53750.0,STARLINK-4612,PAYLOAD,2023-03-20 08:53:46,15.08846235,0.0001354,53.2157,96.5541,92.2979,267.8168,9.9672e-05,1.299e-05,0.0,0 STARLINK-4612,1 53750U 22107BC  23079.37067938  .00001299  00000-0  99672-4 0  9994,2 53750  53.2157  96.5541 0001354  92.2979 267.8168 15.08846235 30751,6917.861,95.437,540.663,538.79,0.0
53750.0,STARLINK-4612,PAYLOAD,2023-03-20 18:26:05,15.08846326,0.0001319,53.216,94.7704,97.8076,262.3065,-1.3246e-05,-4.99e-06,0.0,0 STARLINK-4612,1 53750U 22107BC  23079.76811857 -.00000499  00000-0 -13246-4 0  9990,2 53750  53.2160  94.7704 0001319  97.8076 262.3065 15.08846326 30810,6917.861,95.437,540.639,538.814,0.0
53750.0,STARLINK-4612,PAYLOAD,2023-03-21 07:09:10,15.08842172,0.0001478,53.2159,92.3913,96.1957,263.9203,0.00012825,1.754e-05,0.0,0 STARLINK-4612,1 53750U 22107BC  23080.29804273  .00001754  00000-0  12825-3 0  9998,2 53750  53.2159  92.3913 0001478  96.1957 263.9203 15.08842172 30108,6917.874,95.437,540.761,538.716,0.0
53750.0,STARLINK-4612,PAYLOAD,2023-03-21 10:19:56,15.08845177,0.0001459,53.2157,91.7954,101.6915,258.4241,0.00014152,1.965e-05,0.0,0 STARLINK-4612,1 53750U 22107BC  23080.43052046  .00001965  00000-0  14152-3 0  9996,2 53750  53.2157  91.7954 0001459 101.6915 258.4241 15.08845177 30917,6917.865,95.437,540.739,538.72,0.0
53750.0,STARLINK-4612,PAYLOAD,2023-03-21 18:16:53,15.08836751,0.0001496,53.2175,90.3076,98.5685,261.5477,4.8416e-05,4.83e-06,0.0,0 STARLINK-4612,1 53750U 22107BC  23080.76172540  .00000483  00000-0  48416-4 0  9999,2 53750  53.2175  90.3076 0001496  98.5685 261.5477 15.08836751 30965,6917.89,95.438,540.79,538.72,0.0
53750.0,STARLINK-4612,PAYLOAD,2023-03-22 06:59:58,15.08843972,0.0001342,53.2159,87.9302,98.3802,261.7342,0.0002127,3.099e-05,0.0,0 STARLINK-4612,1 53750U 22107BC  23081.29164374  .00003099  00000-0  21270-3 0  9998,2 53750  53.2159  87.9302 0001342  98.3802 261.7342 15.08843972 31046,6917.868,95.437,540.662,538.805,0.0
53750.0,STARLINK-4612,PAYLOAD,2023-03-23 05:15:22,15.08841203,0.0001381,53.2159,83.7652,105.0809,255.0336,0.00016654,2.364e-05,0.0,0 STARLINK-4612,1 53750U 22107BC  23082.21900568  .00002364  00000-0  16654-3 0  9998,2 53750  53.2159  83.7652 0001381 105.0809 255.0336 15.08841203 30395,6917.877,95.437,540.697,538.786,0.0
53750.0,STARLINK-4612,PAYLOAD,2023-03-23 06:50:45,15.08843803,0.000128,53.2162,83.472,99.9878,260.1258,0.00021341,3.111e-05,0.0,0 STARLINK-4612,1 53750U 22107BC  23082.28524531  .00003111  00000-0  21341-3 0  9997,2 53750  53.2162  83.4720 0001280  99.9878 260.1258 15.08843803 31194,6917.869,95.437,540.619,538.848,0.0
53750.0,STARLINK-4612,PAYLOAD,2023-03-24 06:41:31,15.08872815,0.000122,53.2166,79.0096,98.5307,261.5823,0.00096402,0.00015101,0.0,0 STARLINK-4612,1 53750U 22107BC  23083.27884052  .00015101  00000-0  96402-3 0  9996,2 53750  53.2166  79.0096 0001220  98.5307 261.5823 15.08872815 30558,6917.78,95.435,540.489,538.801,0.0
53750.0,STARLINK-4612,PAYLOAD,2023-03-24 13:03:03,15.08874287,0.0001316,53.2168,77.8203,101.1166,258.9974,0.0008167,0.00012746,0.0,0 STARLINK-4612,1 53750U 22107BC  23083.54379377  .00012746  00000-0  81670-3 0  9998,2 53750  53.2168  77.8203 0001316 101.1166 258.9974 15.08874287 31380,6917.776,95.435,540.551,538.73,0.0
53750.0,STARLINK-4612,PAYLOAD,2023-03-24 16:13:50,15.08826333,0.000118,53.2162,77.2275,103.3173,256.7951,-0.00053384,-8.771e-05,0.0,0 STARLINK-4612,1 53750U 22107BC  23083.67628420 -.00008771  00000-0 -53384-3 0  9994,2 53750  53.2162  77.2275 0001180 103.3173 256.7951 15.08826333 30613,6917.922,95.438,540.603,538.971,0.0
53750.0,STARLINK-4612,PAYLOAD,2023-03-25 06:32:19,15.08837447,0.0001057,53.2169,74.547,72.7897,287.321,9.8192e-05,1.275e-05,0.0,0 STARLINK-4612,1 53750U 22107BC  23084.27244453  .00001275  00000-0  98192-4 0  9998,2 53750  53.2169  74.5470 0001057  72.7897 287.3210 15.08837447 30708,6917.888,95.438,540.484,539.022,0.0
53750.0,STARLINK-4612,PAYLOAD,2023-03-25 16:04:38,15.08838254,9.8e-05,53.2172,72.7637,74.2064,285.9037,0.00062974,9.748e-05,0.0,0 STARLINK-4612,1 53750U 22107BC  23084.66988682  .00009748  00000-0  62974-3 0  9991,2 53750  53.2172  72.7637 0000980  74.2064 285.9037 15.08838254 31556,6917.886,95.438,540.429,539.073,0.0
53750.0,STARLINK-4612,PAYLOAD,2023-03-26 04:47:43,15.08834896,0.0001136,53.2182,70.3846,69.7957,290.3157,0.00032445,4.879e-05,0.0,0 STARLINK-4612,1 53750U 22107BC  23085.19981121  .00004879  00000-0  32445-3 0  9991,2 53750  53.2182  70.3846 0001136  69.7957 290.3157 15.08834896 30849,6917.896,95.438,540.547,538.975,0.0
53750.0,STARLINK-4612,PAYLOAD,2023-03-26 22:16:58,15.0884172,8.9e-05,53.219,67.1169,103.5953,256.5139,0.00044534,6.807e-05,0.0,0 STARLINK-4612,1 53750U 22107BC  23085.92845167  .00006807  00000-0  44534-3 0  9996,2 53750  53.2190  67.1169 0000890 103.5953 256.5139 15.08841720 31747,6917.875,95.437,540.356,539.124,0.0
53750.0,STARLINK-4612,PAYLOAD,2023-03-27 07:49:17,15.08846402,0.000111,53.2179,65.3318,86.4239,273.688,0.00045499,6.962e-05,0.0,0 STARLINK-4612,1 53750U 22107BC  23086.32589161  .00006962  00000-0  45499-3 0  9993,2 53750  53.2179  65.3318 0001110  86.4239 273.6880 15.08846402 31017,6917.861,95.437,540.494,538.958,0.0
53750.0,STARLINK-4612,PAYLOAD,2023-03-27 15:46:12,15.08845413,0.0001119,53.2186,63.8457,90.0627,270.0493,0.00030598,4.586e-05,0.0,0 STARLINK-4612,1 53750U 22107BC  23086.65709116  .00004586  00000-0  30598-3 0  9997,2 53750  53.2186  63.8457 0001119  90.0627 270.0493 15.08845413 31857,6917.864,95.437,540.503,538.955,0.0
53750.0,STARLINK-4612,PAYLOAD,2023-03-28 04:29:17,15.08847681,9.08e-05,53.2167,61.4663,97.3765,262.733,0.00026117,3.872e-05,0.0,0 STARLINK-4612,1 53750U 22107BC  23087.18700917  .00003872  00000-0  26117-3 0  9995,2 53750  53.2167  61.4663 0000908  97.3765 262.7330 15.08847681 31146,6917.857,95.437,540.35,539.094,0.0
53750.0,STARLINK-4612,PAYLOAD,2023-03-28 07:40:03,15.08851549,9.67e-05,53.2166,60.8708,96.1603,263.9499,0.00029629,4.432e-05,0.0,0 STARLINK-4612,1 53750U 22107BC  23087.31948734  .00004432  00000-0  29629-3 0  9995,2 53750  53.2166  60.8708 0000967  96.1603 263.9499 15.08851549 31957,6917.845,95.437,540.379,539.041,0.0
53750.0,STARLINK-4612,PAYLOAD,2023-03-28 15:36:59,15.08848744,8.54e-05,53.2177,59.3863,76.3839,283.7249,0.00022583,3.309e-05,0.0,0 STARLINK-4612,1 53750U 22107BC  23087.65068811  .00003309  00000-0  22583-3 0  9995,2 53750  53.2177  59.3863 0000854  76.3839 283.7249 15.08848744 32003,6917.854,95.437,540.309,539.128,0.0
53750.0,STARLINK-4612,PAYLOAD,2023-03-29 07:30:50,15.08851542,0.0001004,53.2177,56.4105,93.0192,267.0915,0.00032869,4.949e-05,0.0,0 STARLINK-4612,1 53750U 22107BC  23088.31308714  .00004949  00000-0  32869-3 0  9997,2 53750  53.2177  56.4105 0001004  93.0192 267.0915 15.08851542 31314,6917.845,95.437,540.405,539.016,0.0
53750.0,STARLINK-4612,PAYLOAD,2023-03-29 15:27:46,15.08839485,0.0001517,53.2188,54.9264,67.252,292.8632,0.00010866,1.442e-05,0.0,0 STARLINK-4612,1 53750U 22107BC  23088.64429355  .00001442  00000-0  10866-3 0  9996,2 53750  53.2188  54.9264 0001517  67.2520 292.8632 15.08839485 31361,6917.882,95.438,540.796,538.698,0.0
53750.0,STARLINK-4612,PAYLOAD,2023-03-30 07:21:37,15.08853099,8.23e-05,53.2176,51.9523,67.4146,292.6933,0.00044159,6.75e-05,0.0,0 STARLINK-4612,1 53750U 22107BC  23089.30668707  .00006750  00000-0  44159-3 0  9995,2 53750  53.2176  51.9523 0000823  67.4146 292.6933 15.08853099 31468,6917.84,95.437,540.275,539.136,0.0
53750.0,STARLINK-4612,PAYLOAD,2023-03-31 05:37:01,15.08860699,8.86e-05,53.2181,47.7899,90.657,269.4524,0.00061015,9.441e-05,0.0,0 STARLINK-4612,1 53750U 22107BC  23090.23404719  .00009441  00000-0  61015-3 0  9990,2 53750  53.2181  47.7899 0000886  90.6570 269.4524 15.08860699 31609,6917.817,95.436,540.295,539.069,0.0
53750.0,STARLINK-4612,PAYLOAD,2023-03-31 21:30:53,15.08838282,9.27e-05,53.2183,44.8119,101.4034,258.7062,6.7948e-05,7.94e-06,0.0,0 STARLINK-4612,1 53750U 22107BC  23090.89645291  .00000794  00000-0  67948-4 0  9998,2 53750  53.2183  44.8119 0000927 101.4034 258.7062 15.08838282 31708,6917.886,95.438,540.392,539.109,0.0
53750.0,STARLINK-4612,PAYLOAD,2023-04-01 07:03:12,15.08843932,0.000101,53.2175,43.0297,66.9067,293.2031,0.00022256,3.256e-05,0.0,0 STARLINK-4612,1 53750U 22107BC  23091.29389181  .00003256  00000-0  22256-3 0  9994,2 53750  53.2175  43.0297 0001010  66.9067 293.2031 15.08843932 32554,6917.868,95.437,540.432,539.035,0.0
53750.0,STARLINK-4612,PAYLOAD,2023-04-02 05:18:36,15.08842249,9.75e-05,53.2177,38.8694,96.6089,263.5014,0.00012437,1.692e-05,0.0,0 STARLINK-4612,1 53750U 22107BC  23092.22125508  .00001692  00000-0  12437-3 0  9991,2 53750  53.2177  38.8694 0000975  96.6089 263.5014 15.08842249 31901,6917.874,95.437,540.413,539.064,0.0
53750.0,STARLINK-4612,PAYLOAD,2023-04-03 06:44:46,15.08849265,0.0001193,53.217,34.1089,86.4781,273.6347,0.00040633,6.186e-05,0.0,0 STARLINK-4612,1 53750U 22107BC  23093.28109667  .00006186  00000-0  40633-3 0  9998,2 53750  53.2170  34.1089 0001193  86.4781 273.6347 15.08849265 32064,6917.852,95.437,540.542,538.892,0.0
53750.0,STARLINK-4612,PAYLOAD,2023-04-04 05:00:10,15.08851409,0.0001346,53.2182,29.9442,91.8721,268.2425,0.00032127,4.83e-05,0.0,0 STARLINK-4612,1 53750U 22107BC  23094.20845580  .00004830  00000-0  32127-3 0  9995,2 53750  53.2182  29.9442 0001346  91.8721 268.2425 15.08851409 32202,6917.846,95.437,540.642,538.779,0.0
53750.0,STARLINK-4612,PAYLOAD,2023-04-04 19:18:39,15.08837638,0.0001268,53.2177,27.2692,98.4661,261.6475,-2.6235e-05,-7.05e-06,0.0,0 STARLINK-4612,1 53750U 22107BC  23094.80461950 -.00000705  00000-0 -26235-4 0  9999,2 53750  53.2177  27.2692 0001268  98.4661 261.6475 15.08837638 32292,6917.888,95.438,540.63,538.875,0.0
53750.0,STARLINK-4612,PAYLOAD,2023-04-05 04:50:57,15.0884287,0.000123,53.2178,25.4849,100.0184,260.0947,0.00012573,1.714e-05,0.0,0 STARLINK-4612,1 53750U 22107BC  23095.20205958  .00001714  00000-0  12573-3 0  9996,2 53750  53.2178  25.4849 0001230 100.0184 260.0947 15.08842870 33142,6917.872,95.437,540.588,538.886,0.0
53750.0,STARLINK-4612,PAYLOAD,2023-04-05 22:20:12,15.08843196,0.0001312,53.2177,22.2141,108.6593,251.4542,0.00024448,3.605e-05,0.0,0 STARLINK-4612,1 53750U 22107BC  23095.93070214  .00003605  00000-0  24448-3 0  9996,2 53750  53.2177  22.2141 0001312 108.6593 251.4542 15.08843196 32461,6917.871,95.437,540.643,538.828,0.0
53750.0,STARLINK-4612,PAYLOAD,2023-04-06 04:41:45,15.08851535,0.0001345,53.218,21.0249,92.4922,267.6224,0.00044235,6.761e-05,0.0,0 STARLINK-4612,1 53750U 22107BC  23096.19566032  .00006761  00000-0  44235-3 0  9995,2 53750  53.2180  21.0249 0001345  92.4922 267.6224 15.08851535 33297,6917.845,95.437,540.641,538.78,0.0
53750.0,STARLINK-4612,PAYLOAD,2023-04-07 04:32:32,15.08847177,0.0001263,53.2177,16.5651,78.1244,281.989,0.00029649,4.435e-05,0.0,0 STARLINK-4612,1 53750U 22107BC  23097.18926342  .00004435  00000-0  29649-3 0  9997,2 53750  53.2177  16.5651 0001263  78.1244 281.9890 15.08847177 32650,6917.858,95.437,540.597,538.85,0.0
53750.0,STARLINK-4612,PAYLOAD,2023-04-08 02:47:55,15.08854178,0.0001237,53.2171,12.404,84.855,275.2583,0.00071902,0.00011178,0.0,0 STARLINK-4612,1 53750U 22107BC  23098.11661978  .00011178  00000-0  71902-3 0  9993,2 53750  53.2171  12.4040 0001237  84.8550 275.2583 15.08854178 33583,6917.837,95.437,540.558,538.846,0.0
53750.0,STARLINK-4612,PAYLOAD,2023-04-08 18:41:47,15.08840431,0.0001124,53.2168,9.4297,96.6084,263.5036,0.00020891,3.039e-05,0.0,0 STARLINK-4612,1 53750U 22107BC  23098.77902281  .00003039  00000-0  20891-3 0  9998,2 53750  53.2168   9.4297 0001124  96.6084 263.5036 15.08840431 32890,6917.879,95.438,540.522,538.967,0.0
53750.0,STARLINK-4612,PAYLOAD,2023-04-09 04:14:06,15.08846397,9.58e-05,53.2168,7.6459,89.1834,270.9268,0.00023404,3.44e-05,0.0,0 STARLINK-4612,1 53750U 22107BC  23099.17646183  .00003440  00000-0  23404-3 0  9998,2 53750  53.2168   7.6459 0000958  89.1834 270.9268 15.08846397 33745,6917.861,95.437,540.389,539.063,0.0
53750.0,STARLINK-4612,PAYLOAD,2023-04-09 21:43:21,15.08840125,9.77e-05,53.2166,4.3752,92.0474,268.063,8.3713e-05,1.045e-05,0.0,0 STARLINK-4612,1 53750U 22107BC  23099.90510474  .00001045  00000-0  83713-4 0  9991,2 53750  53.2166   4.3752 0000977  92.0474 268.0630 15.08840125 33853,6917.88,95.438,540.421,539.069,0.0
53750.0,STARLINK-4612,PAYLOAD,2023-04-09 23:18:44,15.08841448,9.71e-05,53.2167,4.0778,91.7449,268.3654,0.0001286,1.76e-05,0.0,0 STARLINK-4612,1 53750U 22107BC  23099.97134440  .00001760  00000-0  12860-3 0  9991,2 53750  53.2167   4.0778 0000971  91.7449 268.3654 15.08841448 33073,6917.876,95.437,540.413,539.069,0.0
53750.0,STARLINK-4612,PAYLOAD,2023-04-10 02:29:30,15.08845984,9.56e-05,53.2166,3.4828,84.3849,275.7252,0.00017903,2.563e-05,0.0,0 STARLINK-4612,1 53750U 22107BC  23100.10382308  .00002563  00000-0  17903-3 0  9992,2 53750  53.2166   3.4828 0000956  84.3849 275.7252 15.08845984 33880,6917.862,95.437,540.388,539.066,0.0
53750.0,STARLINK-4612,PAYLOAD,2023-04-11 02:20:17,15.08847167,9.19e-05,53.2165,359.0223,82.0583,278.0514,0.00028498,4.251e-05,0.0,0 STARLINK-4612,1 53750U 22107BC  23101.09742232  .00004251  00000-0  28498-3 0  9994,2 53750  53.2165 359.0223 0000919  82.0583 278.0514 15.08847167 34037,6917.858,95.437,540.359,539.088,0.0
53750.0,STARLINK-4612,PAYLOAD,2023-04-11 21:24:55,15.08834873,8.72e-05,53.2163,355.4536,85.8683,274.2409,-1.2606e-05,-4.88e-06,0.0,0 STARLINK-4612,1 53750U 22107BC  23101.89230964 -.00000488  00000-0 -12606-4 0  9991,2 53750  53.2163 355.4536 0000872  85.8683 274.2409 15.08834873 34156,6917.896,95.438,540.364,539.158,0.0
53750.0,STARLINK-4612,PAYLOAD,2023-04-12 00:35:41,15.08836526,0.000106,53.2164,354.8594,84.5789,275.5324,5.3613e-05,5.65e-06,0.0,0 STARLINK-4612,1 53750U 22107BC  23102.02478986  .00000565  00000-0  53613-4 0  9992,2 53750  53.2164 354.8594 0001060  84.5789 275.5324 15.08836526 33388,6917.891,95.438,540.489,539.023,0.0
53750.0,STARLINK-4612,PAYLOAD,2023-04-12 22:51:06,15.08839428,0.0001065,53.2164,350.6957,86.3032,273.8082,0.00012264,1.665e-05,0.0,0 STARLINK-4612,1 53750U 22107BC  23102.95215323  .00001665  00000-0  12264-3 0  9996,2 53750  53.2164 350.6957 0001065  86.3032 273.8082 15.08839428 34311,6917.882,95.438,540.484,539.01,0.0
53750.0,STARLINK-4612,PAYLOAD,2023-04-14 01:52:38,15.08853558,0.0001152,53.217,345.639,92.1663,267.9461,0.00060822,9.409e-05,0.0,0 STARLINK-4612,1 53750U 22107BC  23104.07822830  .00009409  00000-0  60822-3 0  9995,2 53750  53.2170 345.6390 0001152  92.1663 267.9461 15.08853558 33690,6917.839,95.437,540.501,538.907,0.0
53750.0,STARLINK-4612,PAYLOAD,2023-04-14 22:32:39,15.08847191,0.0001287,53.217,341.7734,90.2795,269.8344,0.00013773,1.905e-05,0.0,0 STARLINK-4612,1 53750U 22107BC  23104.93934802  .00001905  00000-0  13773-3 0  9999,2 53750  53.2170 341.7734 0001287  90.2795 269.8344 15.08847191 33825,6917.858,95.437,540.614,538.833,0.0
53750.0,STARLINK-4612,PAYLOAD,2023-04-15 01:43:25,15.08849776,0.000137,53.2173,341.1789,85.7,274.4149,0.00021538,3.142e-05,0.0,0 STARLINK-4612,1 53750U 22107BC  23105.07182751  .00003142  00000-0  21538-3 0  9996,2 53750  53.2173 341.1789 0001370  85.7000 274.4149 15.08849776 34639,6917.851,95.437,540.663,538.768,0.0
53750.0,STARLINK-4612,PAYLOAD,2023-04-15 22:23:26,15.08846251,9.87e-05,53.2155,337.3137,94.9569,265.1536,0.00012184,1.652e-05,0.0,0 STARLINK-4612,1 53750U 22107BC  23105.93294599  .00001652  00000-0  12184-3 0  9996,2 53750  53.2155 337.3137 0000987  94.9569 265.1536 15.08846251 34764,6917.861,95.437,540.409,539.043,0.0
53750.0,STARLINK-4612,PAYLOAD,2023-04-16 01:34:12,15.0885096,0.0001148,53.2159,336.7187,97.4274,262.6849,0.00043138,6.586e-05,0.0,0 STARLINK-4612,1 53750U 22107BC  23106.06542603  .00006586  00000-0  43138-3 0  9997,2 53750  53.2159 336.7187 0001148  97.4274 262.6849 15.08850960 34780,6917.847,95.437,540.506,538.918,0.0
53750.0,STARLINK-4612,PAYLOAD,2023-04-16 20:38:51,15.08839357,0.0001401,53.2163,333.1479,110.3254,249.7889,0.00018476,2.654e-05,0.0,0 STARLINK-4612,1 53750U 22107BC  23106.86031307  .00002654  00000-0  18476-3 0  9998,2 53750  53.2163 333.1479 0001401 110.3254 249.7889 15.08839357 34119,6917.882,95.438,540.717,538.778,0.0
53750.0,STARLINK-4612,PAYLOAD,2023-04-16 22:14:14,15.08841264,0.0001157,53.216,332.8548,94.1507,265.9618,0.00017843,2.553e-05,0.0,0 STARLINK-4612,1 53750U 22107BC  23106.92655162  .00002553  00000-0  17843-3 0  9991,2 53750  53.2160 332.8548 0001157  94.1507 265.9618 15.08841264 34915,6917.877,95.437,540.542,538.941,0.0
53750.0,STARLINK-4612,PAYLOAD,2023-04-17 14:08:05,15.08833358,0.0001111,53.2149,329.8806,94.1105,266.0014,4.9908e-05,5.06e-06,0.0,0 STARLINK-4612,1 53750U 22107BC  23107.58895739  .00000506  00000-0  49908-4 0  9994,2 53750  53.2149 329.8806 0001111  94.1105 266.0014 15.08833358 35018,6917.901,95.438,540.534,538.997,0.0
53750.0,STARLINK-4612,PAYLOAD,2023-04-17 20:29:38,15.08842301,0.0001133,53.2153,328.6904,95.0957,265.0164,0.00014129,1.962e-05,0.0,0 STARLINK-4612,1 53750U 22107BC  23107.85391582  .00001962  00000-0  14129-3 0  9994,2 53750  53.2153 328.6904 0001133  95.0957 265.0164 15.08842301 35055,6917.873,95.437,540.522,538.955,0.0
53750.0,STARLINK-4612,PAYLOAD,2023-04-17 23:40:24,15.08845829,0.0001178,53.2157,328.0974,100.3636,259.7489,0.00030176,4.519e-05,0.0,0 STARLINK-4612,1 53750U 22107BC  23107.98639480  .00004519  00000-0  30176-3 0  9991,2 53750  53.2157 328.0974 0001178 100.3636 259.7489 15.08845829 34285,6917.863,95.437,540.542,538.913,0.0
53750.0,STARLINK-4612,PAYLOAD,2023-04-18 18:45:02,15.08841339,0.0001233,53.2143,324.5267,87.9352,272.1782,0.00019733,2.854e-05,0.0,0 STARLINK-4612,1 53750U 22107BC  23108.78127831  .00002854  00000-0  19733-3 0  9998,2 53750  53.2143 324.5267 0001233  87.9352 272.1782 15.08841339 34404,6917.876,95.437,540.594,538.888,0.0
53750.0,STARLINK-4612,PAYLOAD,2023-04-18 21:55:48,15.08845581,0.0001243,53.2149,323.9323,91.6386,268.4749,0.00025595,3.789e-05,0.0,0 STARLINK-4612,1 53750U 22107BC  23108.91375693  .00003789  00000-0  25595-3 0  9995,2 53750  53.2149 323.9323 0001243  91.6386 268.4749 15.08845581 35210,6917.863,95.437,540.588,538.868,0.0
53750.0,STARLINK-4612,PAYLOAD,2023-04-19 20:11:12,15.08847464,0.0001477,53.2157,319.7698,77.6102,282.5055,0.00026121,3.872e-05,0.0,0 STARLINK-4612,1 53750U 22107BC  23109.84111707  .00003872  00000-0  26121-3 0  9991,2 53750  53.2157 319.7698 0001477  77.6102 282.5055 15.08847464 35350,6917.858,95.437,540.744,538.701,0.0
53750.0,STARLINK-4612,PAYLOAD,2023-04-20 13:40:27,15.08837982,0.0001253,53.2157,316.4978,91.5867,268.5269,6.0979e-05,6.83e-06,0.0,0 STARLINK-4612,1 53750U 22107BC  23110.56976061  .00000683  00000-0  60979-4 0  9991,2 53750  53.2157 316.4978 0001253  91.5867 268.5269 15.08837982 35467,6917.887,95.438,540.618,538.885,0.0
53750.0,STARLINK-4612,PAYLOAD,2023-04-20 20:01:59,15.08842745,0.0001576,53.216,315.3111,81.8333,278.2838,0.00013776,1.905e-05,0.0,0 STARLINK-4612,1 53750U 22107BC  23110.83471988  .00001905  00000-0  13776-3 0  9999,2 53750  53.2160 315.3111 0001576  81.8333 278.2838 15.08842745 35504,6917.872,95.437,540.827,538.647,0.0
53750.0,STARLINK-4612,PAYLOAD,2023-04-21 13:31:14,15.08841344,0.0001194,53.2138,312.0374,77.9239,282.1887,2.9225e-05,1.77e-06,0.0,0 STARLINK-4612,1 53750U 22107BC  23111.56336066  .00000177  00000-0  29225-4 0  9994,2 53750  53.2138 312.0374 0001194  77.9239 282.1887 15.08841344 35615,6917.876,95.437,540.567,538.915,0.0
53750.0,STARLINK-4612,PAYLOAD,2023-04-22 13:22:01,15.08844102,0.0001229,53.214,307.5751,86.6545,273.4588,0.00016046,2.267e-05,0.0,0 STARLINK-4612,1 53750U 22107BC  23112.55695961  .00002267  00000-0  16046-3 0  9994,2 53750  53.2140 307.5751 0001229  86.6545 273.4588 15.08844102 35764,6917.868,95.437,540.583,538.883,0.0
53750.0,STARLINK-4612,PAYLOAD,2023-04-22 19:43:33,15.08847396,0.0001239,53.2137,306.3858,84.6213,275.492,0.00019186,2.767e-05,0.0,0 STARLINK-4612,1 53750U 22107BC  23112.82191722  .00002767  00000-0  19186-3 0  9993,2 53750  53.2137 306.3858 0001239  84.6213 275.4920 15.08847396 35801,6917.858,95.437,540.58,538.866,0.0
53750.0,STARLINK-4612,PAYLOAD,2023-04-23 13:12:48,15.0883117,0.00011,53.2143,303.1136,94.6021,265.5096,-4.9355e-05,-1.073e-05,0.0,0 STARLINK-4612,1 53750U 22107BC  23113.55056590 -.00001073  00000-0 -49355-4 0  9990,2 53750  53.2143 303.1136 0001100  94.6021 265.5096 15.08831170 35916,6917.907,95.438,540.533,539.011,0.0
53750.0,STARLINK-4612,PAYLOAD,2023-04-23 19:34:21,15.08844117,0.0001524,53.2142,301.926,90.7238,269.3929,0.00014439,2.011e-05,0.0,0 STARLINK-4612,1 53750U 22107BC  23113.81552111  .00002011  00000-0  14439-3 0  9994,2 53750  53.2142 301.9260 0001524  90.7238 269.3929 15.08844117 35952,6917.868,95.437,540.787,538.679,0.0
53750.0,STARLINK-4612,PAYLOAD,2023-04-24 11:28:11,15.0888097,0.0001246,53.2156,298.9533,95.6474,264.466,0.0011084,0.00017416,0.0,0 STARLINK-4612,1 53750U 22107BC  23114.47790968  .00017416  00000-0  11084-2 0  9998,2 53750  53.2156 298.9533 0001246  95.6474 264.4660 15.08880970 35261,6917.755,95.435,540.482,538.758,0.0
53750.0,STARLINK-4612,PAYLOAD,2023-04-25 04:57:26,15.08821816,0.00025,53.218,295.6831,95.8155,264.3122,-0.0009507,-0.0001538,0.0,0 STARLINK-4612,1 53750U 22107BC  23115.20655790 -.00015380  00000-0 -95070-3 0  9991,2 53750  53.2180 295.6831 0002500  95.8155 264.3122 15.08821816 35373,6917.936,95.439,541.53,538.071,0.0
53750.0,STARLINK-4612,PAYLOAD,2023-04-25 11:18:59,15.08814713,0.0002633,53.2174,294.4964,98.5197,261.6094,-0.00081739,-0.00013265,0.0,0 STARLINK-4612,1 53750U 22107BC  23115.47152389 -.00013265  00000-0 -81739-3 0  9993,2 53750  53.2174 294.4964 0002633  98.5197 261.6094 15.08814713 36202,6917.958,95.439,541.644,538.001,0.0
53750.0,STARLINK-4612,PAYLOAD,2023-04-26 12:45:12,15.08830998,9.76e-05,53.216,289.7356,137.6839,222.4229,0.0019576,0.00030997,0.0,0 STARLINK-4612,1 53750U 22107BC  23116.53139324  .00030997  00000-0  19576-2 0  9993,2 53750  53.2160 289.7356 0000976 137.6839 222.4229 15.08830998 36360,6917.908,95.438,540.448,539.098,0.0
53750.0,STARLINK-4612,PAYLOAD,2023-04-27 11:00:35,15.08855175,0.0001098,53.2161,285.5729,110.4222,249.6888,0.00088242,0.00013789,0.0,0 STARLINK-4612,1 53750U 22107BC  23117.45874316  .00013789  00000-0  88242-3 0  9999,2 53750  53.2161 285.5729 0001098 110.4222 249.6888 15.08855175 36502,6917.834,95.437,540.459,538.939,0.0
53750.0,STARLINK-4612,PAYLOAD,2023-04-28 04:29:48,15.08852349,0.0001206,53.2158,282.3026,87.8912,272.2218,1.5692e-05,-3.8e-07,0.0,0 STARLINK-4612,1 53750U 22107BC  23118.18737183 -.00000038  00000-0  15692-4 0  9994,2 53750  53.2158 282.3026 0001206  87.8912 272.2218 15.08852349 35820,6917.843,95.437,540.542,538.873,0.0
53750.0,STARLINK-4612,PAYLOAD,2023-04-29 13:52:54,15.08844677,8.79e-05,53.2115,276.0547,90.6191,269.4902,-6.0869e-05,-1.256e-05,0.0,0 STARLINK-4612,1 53750U 22107BC  23119.57840642 -.00001256  00000-0 -60869-4 0  9993,2 53750  53.2115 276.0547 0000879  90.6191 269.4902 15.08844677 36821,6917.866,95.437,540.339,539.123,0.0
53750.0,STARLINK-4612,PAYLOAD,2023-04-29 20:14:26,15.08851737,9.29e-05,53.2146,274.864,108.192,251.9173,-2.4024e-05,-6.7e-06,0.0,0 STARLINK-4612,1 53750U 22107BC  23119.84336178 -.00000670  00000-0 -24024-4 0  9999,2 53750  53.2146 274.8640 0000929 108.1920 251.9173 15.08851737 36074,6917.845,95.437,540.352,539.067,0.0
53750.0,STARLINK-4612,PAYLOAD,2023-04-30 13:43:41,15.088383,9.48e-05,53.2157,271.5952,99.704,260.4059,3.9961e-05,3.48e-06,0.0,0 STARLINK-4612,1 53750U 22107BC  23120.57200889  .00000348  00000-0  39961-4 0  9996,2 53750  53.2157 271.5952 0000948  99.7040 260.4059 15.08838300 36186,6917.886,95.438,540.406,539.095,0.0
53750.0,STARLINK-4612,PAYLOAD,2023-05-01 13:34:28,15.08839766,9.37e-05,53.215,267.1325,116.2811,243.8277,6.9363e-05,8.16e-06,0.0,0 STARLINK-4612,1 53750U 22107BC  23121.56560978  .00000816  00000-0  69363-4 0  9993,2 53750  53.2150 267.1325 0000937 116.2811 243.8277 15.08839766 37122,6917.881,95.438,540.394,539.098,0.0
53750.0,STARLINK-4612,PAYLOAD,2023-05-01 15:09:51,15.08839876,9.42e-05,53.215,266.8351,114.0254,246.0837,9.2148e-05,1.179e-05,0.0,0 STARLINK-4612,1 53750U 22107BC  23121.63184942  .00001179  00000-0  92148-4 0  9994,2 53750  53.2150 266.8351 0000942 114.0254 246.0837 15.08839876 36342,6917.881,95.438,540.397,539.094,0.0
53750.0,STARLINK-4612,PAYLOAD,2023-05-02 13:25:15,15.08845862,0.0001057,53.2148,262.6714,117.7339,242.376,0.00019058,2.747e-05,0.0,0 STARLINK-4612,1 53750U 22107BC  23122.55920694  .00002747  00000-0  19058-3 0  9998,2 53750  53.2148 262.6714 0001057 117.7339 242.3760 15.08845862 37277,6917.862,95.437,540.459,538.996,0.0
53750.0,STARLINK-4612,PAYLOAD,2023-05-02 16:36:01,15.0885154,7.22e-05,53.2141,262.0781,99.8626,260.2447,0.00029889,4.474e-05,0.0,0 STARLINK-4612,1 53750U 22107BC  23122.69168440  .00004474  00000-0  29889-3 0  9998,2 53750  53.2141 262.0781 0000722  99.8626 260.2447 15.08851540 36501,6917.845,95.437,540.21,539.211,0.0
53750.0,STARLINK-4612,PAYLOAD,2023-05-02 19:46:47,15.08856262,8.12e-05,53.2152,261.4837,99.5133,260.5951,0.00039859,6.064e-05,0.0,0 STARLINK-4612,1 53750U 22107BC  23122.82416310  .00006064  00000-0  39859-3 0  9990,2 53750  53.2152 261.4837 0000812  99.5133 260.5951 15.08856262 37317,6917.831,95.437,540.257,539.134,0.0
53750.0,STARLINK-4612,PAYLOAD,2023-05-03 02:08:20,15.08843248,0.0001265,53.2147,260.2936,73.2509,286.8621,9.5756e-05,1.237e-05,0.0,0 STARLINK-4612,1 53750U 22107BC  23123.08912865  .00001237  00000-0  95756-4 0  9991,2 53750  53.2147 260.2936 0001265  73.2509 286.8621 15.08843248 36568,6917.87,95.437,540.611,538.86,0.0
53750.0,STARLINK-4612,PAYLOAD,2023-05-03 13:16:02,15.08837307,0.0001278,53.2155,258.2128,73.3981,286.7151,-4.9552e-05,-1.076e-05,0.0,0 STARLINK-4612,1 53750U 22107BC  23123.55281088 -.00001076  00000-0 -49552-4 0  9995,2 53750  53.2155 258.2128 0001278  73.3981 286.7151 15.08837307 37428,6917.889,95.438,540.638,538.87,0.0
53750.0,STARLINK-4612,PAYLOAD,2023-05-03 19:37:35,15.08839851,9.12e-05,53.2155,257.022,86.1293,273.9803,4.2932e-05,3.96e-06,0.0,0 STARLINK-4612,1 53750U 22107BC  23123.81777023  .00000396  00000-0  42932-4 0  9990,2 53750  53.2155 257.0220 0000912  86.1293 273.9803 15.08839851 37462,6917.881,95.438,540.377,539.115,0.0
53750.0,STARLINK-4612,PAYLOAD,2023-05-04 01:59:07,15.08840788,0.0001022,53.2165,255.8339,76.9129,283.1978,3.0313e-05,1.95e-06,0.0,0 STARLINK-4612,1 53750U 22107BC  23124.08273075  .00000195  00000-0  30313-4 0  9995,2 53750  53.2165 255.8339 0001022  76.9129 283.1978 15.08840788 36712,6917.878,95.438,540.45,539.036,0.0
53750.0,STARLINK-4612,PAYLOAD,2023-05-04 13:06:49,15.08846283,9.3e-05,53.216,253.7526,74.3551,285.7544,0.00016209,2.293e-05,0.0,0 STARLINK-4612,1 53750U 22107BC  23124.54640849  .00002293  00000-0  16209-3 0  9991,2 53750  53.2160 253.7526 0000930  74.3551 285.7544 15.08846283 37578,6917.861,95.437,540.37,539.083,0.0
53750.0,STARLINK-4612,PAYLOAD,2023-05-04 17:52:58,15.08853145,9.22e-05,53.2151,252.8598,70.7662,289.343,0.00047587,7.296e-05,0.0,0 STARLINK-4612,1 53750U 22107BC  23124.74512707  .00007296  00000-0  47587-3 0  9995,2 53750  53.2151 252.8598 0000922  70.7662 289.3430 15.08853145 37604,6917.84,95.437,540.343,539.067,0.0
53750.0,STARLINK-4612,PAYLOAD,2023-05-05 08:11:27,15.08840253,0.0001396,53.2146,250.1847,71.6455,288.4689,0.00023665,3.48e-05,0.0,0 STARLINK-4612,1 53750U 22107BC  23125.34129373  .00003480  00000-0  23665-3 0  9997,2 53750  53.2146 250.1847 0001396  71.6455 288.4689 15.08840253 36906,6917.88,95.438,540.71,538.779,0.0
53750.0,STARLINK-4612,PAYLOAD,2023-05-05 14:33:00,15.08837176,9.47e-05,53.2139,248.9925,86.6372,273.4729,0.00011112,1.481e-05,0.0,0 STARLINK-4612,1 53750U 22107BC  23125.60625401  .00001481  00000-0  11112-3 0  9992,2 53750  53.2139 248.9925 0000947  86.6372 273.4729 15.08837176 37736,6917.889,95.438,540.409,539.099,0.0
53750.0,STARLINK-4612,PAYLOAD,2023-05-06 12:48:24,15.08849568,0.0001018,53.2144,244.8309,75.1834,284.9271,0.0004313,6.585e-05,0.0,0 STARLINK-4612,1 53750U 22107BC  23126.53361343  .00006585  00000-0  43130-3 0  9992,2 53750  53.2144 244.8309 0001018  75.1834 284.9271 15.08849568 37871,6917.851,95.437,540.42,539.012,0.0
53750.0,STARLINK-4612,PAYLOAD,2023-05-07 12:39:11,15.08840928,9.14e-05,53.2146,240.37,96.6998,263.4098,0.00020942,3.047e-05,0.0,0 STARLINK-4612,1 53750U 22107BC  23127.52721784  .00003047  00000-0  20942-3 0  9997,2 53750  53.2146 240.3700 0000914  96.6998 263.4098 15.08840928 37232,6917.878,95.437,540.375,539.11,0.0
53750.0,STARLINK-4612,PAYLOAD,2023-05-07 14:14:34,15.0883954,8.89e-05,53.2149,240.0722,98.1865,261.9228,0.00017192,2.449e-05,0.0,0 STARLINK-4612,1 53750U 22107BC  23127.59345818  .00002449  00000-0  17192-3 0  9992,2 53750  53.2149 240.0722 0000889  98.1865 261.9228 15.08839540 38032,6917.882,95.438,540.362,539.132,0.0
53750.0,STARLINK-4612,PAYLOAD,2023-05-08 17:16:07,15.08861338,9.41e-05,53.2151,235.0171,84.9056,275.2044,0.00076994,0.00011994,0.0,0 STARLINK-4612,1 53750U 22107BC  23128.71953339  .00011994  00000-0  76994-3 0  9990,2 53750  53.2151 235.0171 0000941  84.9056 275.2044 15.08861338 38204,6917.815,95.436,540.331,539.029,0.0
53750.0,STARLINK-4612,PAYLOAD,2023-05-09 12:20:45,15.08850972,9.03e-05,53.2146,231.4495,95.7526,264.3569,0.00038873,5.906e-05,0.0,0 STARLINK-4612,1 53750U 22107BC  23129.51441404  .00005906  00000-0  38873-3 0  9994,2 53750  53.2146 231.4495 0000903  95.7526 264.3569 15.08850972 38323,6917.847,95.437,540.337,539.087,0.0
53750.0,STARLINK-4612,PAYLOAD,2023-05-10 12:11:32,15.0883276,0.0001257,53.2164,226.9926,95.0257,265.0878,0.000105,1.383e-05,0.0,0 STARLINK-4612,1 53750U 22107BC  23130.50801880  .00001383  00000-0  10500-3 0  9995,2 53750  53.2164 226.9926 0001257  95.0257 265.0878 15.08832760 38470,6917.903,95.438,540.637,538.898,0.0
53750.0,STARLINK-4612,PAYLOAD,2023-05-10 18:33:05,15.08849091,0.0001094,53.2148,225.7995,83.9566,276.1551,0.00042233,6.442e-05,0.0,0 STARLINK-4612,1 53750U 22107BC  23130.77297498  .00006442  00000-0  42233-3 0  9997,2 53750  53.2148 225.7995 0001094  83.9566 276.1551 15.08849091 37726,6917.853,95.437,540.474,538.961,0.0
53750.0,STARLINK-4612,PAYLOAD,2023-05-10 23:19:14,15.08832888,7.49e-05,53.214,224.9069,86.5931,273.5147,0.00030953,4.641e-05,0.0,0 STARLINK-4612,1 53750U 22107BC  23130.97170043  .00004641  00000-0  30953-3 0  9990,2 53750  53.2140 224.9069 0000749  86.5931 273.5147 15.08832888 37753,6917.902,95.438,540.285,539.249,0.0
53750.0,STARLINK-4612,PAYLOAD,2023-05-11 10:26:56,15.08841543,2.08e-05,53.214,222.8259,118.001,242.1003,0.00035783,5.412e-05,0.0,0 STARLINK-4612,1 53750U 22107BC  23131.43537753  .00005412  00000-0  35783-3 0  9990,2 53750  53.2140 222.8259 0000208 118.0010 242.1003 15.08841543 38617,6917.876,95.437,539.885,539.597,0.0
53750.0,STARLINK-4612,PAYLOAD,2023-05-11 13:37:42,15.08853263,8.83e-05,53.214,222.2295,81.105,279.0042,0.00078415,0.00012218,0.0,0 STARLINK-4612,1 53750U 22107BC  23131.56785717  .00012218  00000-0  78415-3 0  9990,2 53750  53.2140 222.2295 0000883  81.1050 279.0042 15.08853263 37842,6917.84,95.437,540.316,539.094,0.0
53750.0,STARLINK-4612,PAYLOAD,2023-05-11 23:10:01,15.08848067,0.0001057,53.2139,220.4476,82.3807,277.7305,0.00042921,6.551e-05,0.0,0 STARLINK-4612,1 53750U 22107BC  23131.96529768  .00006551  00000-0  42921-3 0  9992,2 53750  53.2139 220.4476 0001057  82.3807 277.7305 15.08848067 37908,6917.856,95.437,540.452,538.99,0.0
53750.0,STARLINK-4612,PAYLOAD,2023-05-13 11:43:53,15.08854909,0.0001075,53.2152,213.6006,104.1611,255.95,0.00050456,7.755e-05,0.0,0 STARLINK-4612,1 53750U 22107BC  23133.48881338  .00007755  00000-0  50456-3 0  9994,2 53750  53.2152 213.6006 0001075 104.1611 255.9500 15.08854909 38135,6917.835,95.437,540.443,538.956,0.0
53750.0,STARLINK-4612,PAYLOAD,2023-05-13 16:30:02,15.08860835,0.0001066,53.216,212.7073,106.2276,253.8833,0.00057874,8.94e-05,0.0,0 STARLINK-4612,1 53750U 22107BC  23133.68752994  .00008940  00000-0  57874-3 0  9999,2 53750  53.2160 212.7073 0001066 106.2276 253.8833 15.08860835 38959,6917.817,95.436,540.419,538.944,0.0
53750.0,STARLINK-4612,PAYLOAD,2023-05-13 22:51:35,15.08834267,7.81e-05,53.2155,211.5225,116.3249,243.7823,-0.00027146,-4.605e-05,0.0,0 STARLINK-4612,1 53750U 22107BC  23133.95249605 -.00004605  00000-0 -27146-3 0  9994,2 53750  53.2155 211.5225 0000781 116.3249 243.7823 15.08834267 38209,6917.898,95.438,540.303,539.223,0.0
53750.0,STARLINK-4612,PAYLOAD,2023-05-14 11:34:41,15.08833425,0.0001213,53.2144,209.1445,95.0123,265.1008,-8.2181e-05,-1.595e-05,0.0,0 STARLINK-4612,1 53750U 22107BC  23134.48242170 -.00001595  00000-0 -82181-4 0  9999,2 53750  53.2144 209.1445 0001213  95.0123 265.1008 15.08833425 39073,6917.9,95.438,540.605,538.926,0.0
53750.0,STARLINK-4612,PAYLOAD,2023-05-14 16:20:50,15.08833065,0.0001182,53.215,208.254,97.2066,262.906,-1.6071e-05,-5.44e-06,0.0,0 STARLINK-4612,1 53750U 22107BC  23134.68114284 -.00000544  00000-0 -16071-4 0  9993,2 53750  53.2150 208.2540 0001182  97.2066 262.9060 15.08833065 39108,6917.902,95.438,540.584,538.949,0.0
53750.0,STARLINK-4612,PAYLOAD,2023-05-15 11:25:28,15.08843459,0.0001155,53.2145,204.6872,91.681,268.4315,0.00037217,5.641e-05,0.0,0 STARLINK-4612,1 53750U 22107BC  23135.47602446  .00005641  00000-0  37217-3 0  9998,2 53750  53.2145 204.6872 0001155  91.6810 268.4315 15.08843459 38432,6917.87,95.437,540.534,538.936,0.0
53750.0,STARLINK-4612,PAYLOAD,2023-05-15 14:36:14,15.08845068,0.0001227,53.2146,204.0923,95.4719,264.6413,0.00048434,7.43e-05,0.0,0 STARLINK-4612,1 53750U 22107BC  23135.60850482  .00007430  00000-0  48434-3 0  9999,2 53750  53.2146 204.0923 0001227  95.4719 264.6413 15.08845068 39249,6917.865,95.437,540.579,538.881,0.0
53750.0,STARLINK-4612,PAYLOAD,2023-05-16 11:16:15,15.08840848,0.0001183,53.2145,200.2241,81.795,278.3177,0.00020794,3.023e-05,0.0,0 STARLINK-4612,1 53750U 22107BC  23136.46962720  .00003023  00000-0  20794-3 0  9996,2 53750  53.2145 200.2241 0001183  81.7950 278.3177 15.08840848 38581,6917.878,95.438,540.561,538.924,0.0
53750.0,STARLINK-4612,PAYLOAD,2023-05-16 20:48:34,15.08841494,0.0001207,53.2146,198.4406,79.1081,281.0047,0.0001367,1.888e-05,0.0,0 STARLINK-4612,1 53750U 22107BC  23136.86706658  .00001888  00000-0  13670-3 0  9998,2 53750  53.2146 198.4406 0001207  79.1081 281.0047 15.08841494 39436,6917.876,95.437,540.576,538.906,0.0
53750.0,STARLINK-4612,PAYLOAD,2023-05-17 12:42:26,15.08828868,0.000134,53.2146,195.4679,86.7871,273.3274,0.00050001,7.676e-05,0.0,0 STARLINK-4612,1 53750U 22107BC  23137.52947347  .00007676  00000-0  50001-3 0  9994,2 53750  53.2146 195.4679 0001340  86.7871 273.3274 15.08828868 38743,6917.914,95.438,540.706,538.852,0.0
53750.0,STARLINK-4612,PAYLOAD,2023-05-17 20:39:21,15.08837082,0.0001296,53.2144,193.9808,82.9803,277.1337,0.00012837,1.756e-05,0.0,0 STARLINK-4612,1 53750U 22107BC  23137.86066876  .00001756  00000-0  12837-3 0  9998,2 53750  53.2144 193.9808 0001296  82.9803 277.1337 15.08837082 39584,6917.889,95.438,540.651,538.858,0.0
53750.0,STARLINK-4612,PAYLOAD,2023-05-18 14:08:36,15.08841866,0.0001186,53.2151,190.7103,92.0018,268.111,9.8702e-05,1.283e-05,0.0,0 STARLINK-4612,1 53750U 22107BC  23138.58930725  .00001283  00000-0  98702-4 0  9992,2 53750  53.2151 190.7103 0001186  92.0018 268.1110 15.08841866 39699,6917.875,95.437,540.56,538.919,0.0
53750.0,STARLINK-4612,PAYLOAD,2023-05-18 15:43:59,15.08842857,0.0001183,53.2151,190.4129,91.754,268.3588,0.00010356,1.361e-05,0.0,0 STARLINK-4612,1 53750U 22107BC  23138.65554631  .00001361  00000-0  10356-3 0  9993,2 53750  53.2151 190.4129 0001183  91.7540 268.3588 15.08842857 38913,6917.872,95.437,540.555,538.918,0.0
53750.0,STARLINK-4612,PAYLOAD,2023-05-19 20:20:55,15.0884219,0.0001195,53.2151,185.06,89.208,270.9049,7.4075e-05,8.91e-06,0.0,0 STARLINK-4612,1 53750U 22107BC  23139.84786692  .00000891  00000-0  74075-4 0  9995,2 53750  53.2151 185.0600 0001195  89.2080 270.9049 15.08842190 39889,6917.874,95.437,540.565,538.912,0.0
53750.0,STARLINK-4612,PAYLOAD,2023-05-20 02:42:28,15.08841833,0.0001191,53.2148,183.8702,90.0457,270.0672,9.2763e-05,1.189e-05,0.0,0 STARLINK-4612,1 53750U 22107BC  23140.11282643  .00001189  00000-0  92763-4 0  9999,2 53750  53.2148 183.8702 0001191  90.0457 270.0672 15.08841833 39132,6917.875,95.437,540.564,538.916,0.0
53750.0,STARLINK-4612,PAYLOAD,2023-05-20 20:11:42,15.0884992,0.0001249,53.2152,180.5994,88.4929,271.6206,0.00011745,1.582e-05,0.0,0 STARLINK-4612,1 53750U 22107BC  23140.84145970  .00001582  00000-0  11745-3 0  9997,2 53750  53.2152 180.5994 0001249  88.4929 271.6206 15.08849920 40039,6917.85,95.437,540.579,538.851,0.0
53750.0,STARLINK-4612,PAYLOAD,2023-05-21 07:19:24,15.088455,0.0001336,53.2146,178.5184,85.7549,274.3595,0.00012587,1.716e-05,0.0,0 STARLINK-4612,1 53750U 22107BC  23141.30514295  .00001716  00000-0  12587-3 0  9993,2 53750  53.2146 178.5184 0001336  85.7549 274.3595 15.08845500 39315,6917.864,95.437,540.653,538.804,0.0
53750.0,STARLINK-4612,PAYLOAD,2023-05-21 08:54:47,15.08845542,0.000133,53.2146,178.2211,85.6231,274.4913,0.00012298,1.67e-05,0.0,0 STARLINK-4612,1 53750U 22107BC  23141.37138272  .00001670  00000-0  12298-3 0  9995,2 53750  53.2146 178.2211 0001330  85.6231 274.4913 15.08845542 40115,6917.863,95.437,540.649,538.808,0.0
53750.0,STARLINK-4612,PAYLOAD,2023-05-21 20:02:29,15.08847451,0.0001336,53.2146,176.1397,84.4645,275.6499,0.0001306,1.792e-05,0.0,0 STARLINK-4612,1 53750U 22107BC  23141.83506034  .00001792  00000-0  13060-3 0  9994,2 53750  53.2146 176.1397 0001336  84.4645 275.6499 15.08847451 40189,6917.858,95.437,540.647,538.798,0.0
53750.0,STARLINK-4612,PAYLOAD,2023-05-22 02:24:02,15.08835431,0.0001398,53.2144,174.9503,83.2828,276.8324,-3.8347e-05,-8.98e-06,0.0,0 STARLINK-4612,1 53750U 22107BC  23142.10002868 -.00000898  00000-0 -38347-4 0  9995,2 53750  53.2144 174.9503 0001398  83.2828 276.8324 15.08835431 39431,6917.894,95.438,540.726,538.792,0.0
53750.0,STARLINK-4612,PAYLOAD,2023-05-22 08:45:35,15.08834522,0.0001444,53.216,173.7611,82.9758,277.1399,-2.7346e-05,-7.23e-06,0.0,0 STARLINK-4612,1 53750U 22107BC  23142.36499286 -.00000723  00000-0 -27346-4 0  9991,2 53750  53.2160 173.7611 0001444  82.9758 277.1399 15.08834522 40265,6917.897,95.438,540.761,538.763,0.0
53750.0,STARLINK-4612,PAYLOAD,2023-05-23 11:47:08,15.08834243,0.0001222,53.2154,168.703,82.3843,277.7288,6.2581e-05,7.08e-06,0.0,0 STARLINK-4612,1 53750U 22107BC  23143.49107223  .00000708  00000-0  62581-4 0  9994,2 53750  53.2154 168.7030 0001222  82.3843 277.7288 15.08834243 39643,6917.898,95.438,540.608,538.918,0.0
53750.0,STARLINK-4612,PAYLOAD,2023-05-23 18:08:41,15.08834752,0.0001232,53.2155,167.5135,82.3058,277.8074,6.2495e-05,7.07e-06,0.0,0 STARLINK-4612,1 53750U 22107BC  23143.75603294  .00000707  00000-0  62495-4 0  9995,2 53750  53.2155 167.5135 0001232  82.3058 277.8074 15.08834752 40478,6917.896,95.438,540.614,538.909,0.0
53750.0,STARLINK-4612,PAYLOAD,2023-05-24 08:27:09,15.08835333,0.0001204,53.2156,164.8382,80.4706,279.6422,0.00014076,1.953e-05,0.0,0 STARLINK-4612,1 53750U 22107BC  23144.35219311  .00001953  00000-0  14076-3 0  9990,2 53750  53.2156 164.8382 0001204  80.4706 279.6422 15.08835333 40564,6917.895,95.438,540.593,538.927,0.0
53750.0,STARLINK-4612,PAYLOAD,2023-05-26 04:57:57,15.08838885,0.0001216,53.2153,156.513,82.8653,277.2477,3.4552e-05,2.62e-06,0.0,0 STARLINK-4612,1 53750U 22107BC  23146.20691709  .00000262  00000-0  34552-4 0  9995,2 53750  53.2153 156.5130 0001216  82.8653 277.2477 15.08838885 40053,6917.884,95.438,540.59,538.908,0.0
53750.0,STARLINK-4612,PAYLOAD,2023-05-26 09:44:07,15.08839134,0.0001203,53.2148,155.6204,79.9048,280.208,3.8311e-05,3.22e-06,0.0,0 STARLINK-4612,1 53750U 22107BC  23146.40563680  .00000322  00000-0  38311-4 0  9997,2 53750  53.2148 155.6204 0001203  79.9048 280.2080 15.08839134 40872,6917.883,95.438,540.58,538.916,0.0
53750.0,STARLINK-4612,PAYLOAD,2023-05-27 07:59:30,15.088395,0.0001179,53.2149,151.4569,81.6141,278.4985,5.7746e-05,6.31e-06,0.0,0 STARLINK-4612,1 53750U 22107BC  23147.33299640  .00000631  00000-0  57746-4 0  9998,2 53750  53.2149 151.4569 0001179  81.6141 278.4985 15.08839500 40226,6917.882,95.438,540.563,538.931,0.0
53750.0,STARLINK-4612,PAYLOAD,2023-05-27 17:31:49,15.08839845,0.0001178,53.2149,149.6725,81.4576,278.655,6.3272e-05,7.19e-06,0.0,0 STARLINK-4612,1 53750U 22107BC  23147.73043621  .00000719  00000-0  63272-4 0  9996,2 53750  53.2149 149.6725 0001178  81.4576 278.6550 15.08839845 41074,6917.881,95.438,540.561,538.931,0.0
53750.0,STARLINK-4612,PAYLOAD,2023-05-28 06:14:54,15.08842227,0.0001191,53.2149,147.2936,81.0627,279.0499,7.034e-05,8.32e-06,0.0,0 STARLINK-4612,1 53750U 22107BC  23148.26035476  .00000832  00000-0  70340-4 0  9994,2 53750  53.2149 147.2936 0001191  81.0627 279.0499 15.08842227 41154,6917.874,95.437,540.563,538.915,0.0
53750.0,STARLINK-4612,PAYLOAD,2023-05-29 04:30:18,15.08841928,0.0001203,53.2152,143.1306,79.9615,280.1513,5.3704e-05,5.67e-06,0.0,0 STARLINK-4612,1 53750U 22107BC  23149.18771461  .00000567  00000-0  53704-4 0  9997,2 53750  53.2152 143.1306 0001203  79.9615 280.1513 15.08841928 40506,6917.874,95.437,540.572,538.907,0.0
53750.0,STARLINK-4612,PAYLOAD,2023-05-29 06:05:41,15.08842812,0.0001191,53.215,142.8329,81.4358,278.6769,6.1085e-05,6.85e-06,0.0,0 STARLINK-4612,1 53750U 22107BC  23149.25395360  .00000685  00000-0  61085-4 0  9997,2 53750  53.2150 142.8329 0001191  81.4358 278.6769 15.08842812 41300,6917.872,95.437,540.561,538.913,0.0
53750.0,STARLINK-4612,PAYLOAD,2023-05-30 09:07:15,15.08839572,0.0001201,53.2151,137.7778,83.3363,276.7766,1.4982e-05,-4.9e-07,0.0,0 STARLINK-4612,1 53750U 22107BC  23150.38003618 -.00000049  00000-0  14982-4 0  9994,2 53750  53.2151 137.7778 0001201  83.3363 276.7766 15.08839572 40686,6917.882,95.438,540.578,538.916,0.0
53750.0,STARLINK-4612,PAYLOAD,2023-05-31 05:47:15,15.08840891,0.0001243,53.2156,133.9119,85.4591,274.6543,4.5953e-05,4.44e-06,0.0,0 STARLINK-4612,1 53750U 22107BC  23151.24115500  .00000444  00000-0  45953-4 0  9994,2 53750  53.2156 133.9119 0001243  85.4591 274.6543 15.08840891 41609,6917.878,95.437,540.603,538.883,0.0
53750.0,STARLINK-4612,PAYLOAD,2023-05-31 15:19:34,15.08837217,0.000121,53.2153,132.1273,82.4759,277.6371,2.867e-05,1.68e-06,0.0,0 STARLINK-4612,1 53750U 22107BC  23151.63859810  .00000168  00000-0  28670-4 0  9996,2 53750  53.2153 132.1273 0001210  82.4759 277.6371 15.08837217 40873,6917.889,95.438,540.591,538.917,0.0
53750.0,STARLINK-4612,PAYLOAD,2023-06-01 05:38:03,15.08837134,0.0001215,53.2153,129.4523,89.2145,270.8986,5.0222e-05,5.11e-06,0.0,0 STARLINK-4612,1 53750U 22107BC  23152.23475887  .00000511  00000-0  50222-4 0  9991,2 53750  53.2153 129.4523 0001215  89.2145 270.8986 15.08837134 41752,6917.889,95.438,540.595,538.914,0.0
53750.0,STARLINK-4612,PAYLOAD,2023-06-02 02:18:04,15.08838233,0.0001208,53.2151,125.5874,94.1527,265.9603,3.2089e-05,2.23e-06,0.0,0 STARLINK-4612,1 53750U 22107BC  23153.09588061  .00000223  00000-0  32089-4 0  9996,2 53750  53.2151 125.5874 0001208  94.1527 265.9603 15.08838233 41096,6917.886,95.438,540.586,538.915,0.0
53750.0,STARLINK-4612,PAYLOAD,2023-06-02 05:28:50,15.08839038,0.0001217,53.2151,124.9927,93.5141,266.599,3.9301e-05,3.38e-06,0.0,0 STARLINK-4612,1 53750U 22107BC  23153.22836004  .00000338  00000-0  39301-4 0  9995,2 53750  53.2151 124.9927 0001217  93.5141 266.5990 15.08839038 41903,6917.883,95.438,540.59,538.906,0.0
53750.0,STARLINK-4612,PAYLOAD,2023-06-02 15:01:09,15.08837462,0.0001207,53.2154,123.2083,91.4432,268.6698,4.4773e-05,4.25e-06,0.0,0 STARLINK-4612,1 53750U 22107BC  23153.62580171  .00000425  00000-0  44773-4 0  9996,2 53750  53.2154 123.2083 0001207  91.4432 268.6698 15.08837462 41963,6917.888,95.438,540.588,538.918,0.0
53750.0,STARLINK-4612,PAYLOAD,2023-06-03 02:08:51,15.08830469,0.0001222,53.2153,121.1266,92.3453,267.7679,1.5579e-06,-2.63e-06,0.0,0 STARLINK-4612,1 53750U 22107BC  23154.08948925 -.00000263  00000-0  15579-5 0  9996,2 53750  53.2153 121.1266 0001222  92.3453 267.7679 15.08830469 41242,6917.91,95.438,540.62,538.929,0.0
53750.0,STARLINK-4612,PAYLOAD,2023-06-03 06:55:01,15.08834481,0.0001237,53.2155,120.2344,91.2708,268.8426,1.9698e-05,2.6e-07,0.0,0 STARLINK-4612,1 53750U 22107BC  23154.28820719  .00000026  00000-0  19698-4 0  9999,2 53750  53.2155 120.2344 0001237  91.2708 268.8426 15.08834481 42069,6917.897,95.438,540.618,538.907,0.0
53750.0,STARLINK-4612,PAYLOAD,2023-06-04 01:59:38,15.088391,0.0001364,53.2168,116.6658,89.2144,270.9004,5.7751e-05,6.31e-06,0.0,0 STARLINK-4612,1 53750U 22107BC  23155.08308528  .00000631  00000-0  57751-4 0  9991,2 53750  53.2168 116.6658 0001364  89.2144 270.9004 15.08839100 41396,6917.883,95.438,540.692,538.805,0.0
53750.0,STARLINK-4612,PAYLOAD,2023-06-04 05:10:24,15.08841775,0.0001336,53.2165,116.0718,88.5156,271.5989,5.5734e-05,5.99e-06,0.0,0 STARLINK-4612,1 53750U 22107BC  23155.21556381  .00000599  00000-0  55734-4 0  9990,2 53750  53.2165 116.0718 0001336  88.5156 271.5989 15.08841775 42209,6917.875,95.437,540.664,538.816,0.0
53750.0,STARLINK-4612,PAYLOAD,2023-06-04 21:04:16,15.08834919,0.0001231,53.2158,113.0961,86.7178,273.3955,8.206e-05,1.018e-05,0.0,0 STARLINK-4612,1 53750U 22107BC  23155.87796728  .00001018  00000-0  82060-4 0  9992,2 53750  53.2158 113.0961 0001231  86.7178 273.3955 15.08834919 42302,6917.896,95.438,540.613,538.909,0.0
53750.0,STARLINK-4612,PAYLOAD,2023-06-05 03:25:48,15.08838766,0.0001238,53.2157,111.9069,85.4467,274.6666,6.8726e-05,8.06e-06,0.0,0 STARLINK-4612,1 53750U 22107BC  23156.14292605  .00000806  00000-0  68726-4 0  9995,2 53750  53.2157 111.9069 0001238  85.4467 274.6666 15.08838766 41554,6917.884,95.438,540.606,538.893,0.0
53750.0,STARLINK-4612,PAYLOAD,2023-06-05 06:36:34,15.08841461,0.0001272,53.2158,111.3115,87.4911,272.6226,9.3443e-05,1.2e-05,0.0,0 STARLINK-4612,1 53750U 22107BC  23156.27540353  .00001200  00000-0  93443-4 0  9998,2 53750  53.2158 111.3115 0001272  87.4911 272.6226 15.08841461 42361,6917.876,95.437,540.621,538.861,0.0
53750.0,STARLINK-4612,PAYLOAD,2023-06-05 14:33:30,15.08843067,0.0001274,53.2158,109.8246,87.299,272.8148,8.5993e-05,1.081e-05,0.0,0 STARLINK-4612,1 53750U 22107BC  23156.60660250  .00001081  00000-0  85993-4 0  9992,2 53750  53.2158 109.8246 0001274  87.2990 272.8148 15.08843067 42410,6917.871,95.437,540.617,538.855,0.0
53750.0,STARLINK-4612,PAYLOAD,2023-06-06 06:27:22,15.08841541,0.0001318,53.2157,106.8503,90.1932,269.9211,4.2392e-05,3.87e-06,0.0,0 STARLINK-4612,1 53750U 22107BC  23157.26900500  .00000387  00000-0  42392-4 0  9994,2 53750  53.2157 106.8503 0001318  90.1932 269.9211 15.08841541 41726,6917.876,95.437,540.652,538.829,0.0
53750.0,STARLINK-4612,PAYLOAD,2023-06-06 20:45:50,15.08839191,0.0001402,53.2166,104.1728,97.6249,262.4903,1.5038e-05,-4.9e-07,0.0,0 STARLINK-4612,1 53750U 22107BC  23157.86516756 -.00000049  00000-0  15038-4 0  9999,2 53750  53.2166 104.1728 0001402  97.6249 262.4903 15.08839191 42605,6917.883,95.438,540.718,538.778,0.0
53750.0,STARLINK-4612,PAYLOAD,2023-06-07 06:18:09,15.08842236,0.0001383,53.2167,102.3889,96.8203,263.2946,2.5351e-05,1.16e-06,0.0,0 STARLINK-4612,1 53750U 22107BC  23158.26260499  .00000116  00000-0  25351-4 0  9997,2 53750  53.2167 102.3889 0001383  96.8203 263.2946 15.08842236 42669,6917.874,95.437,540.695,538.782,0.0
53750.0,STARLINK-4612,PAYLOAD,2023-06-07 20:36:37,15.08834706,0.0001333,53.2161,99.7127,97.5929,262.5214,-6.3519e-06,-3.89e-06,0.0,0 STARLINK-4612,1 53750U 22107BC  23158.85877166 -.00000389  00000-0 -63519-5 0  9990,2 53750  53.2161  99.7127 0001333  97.5929 262.5214 15.08834706 42758,6917.897,95.438,540.684,538.839,0.0
53750.0,STARLINK-4612,PAYLOAD,2023-06-08 02:58:10,15.08840644,0.0001191,53.2158,98.5242,95.2986,264.8142,1.4038e-05,-6.4e-07,0.0,0 STARLINK-4612,1 53750U 22107BC  23159.12372784 -.00000064  00000-0  14038-4 0  9997,2 53750  53.2158  98.5242 0001191  95.2986 264.8142 15.08840644 42000,6917.878,95.438,540.567,538.92,0.0
53750.0,STARLINK-4612,PAYLOAD,2023-06-09 04:24:20,15.08839144,0.0001229,53.2169,93.7686,103.9249,256.188,3.9279e-05,3.37e-06,0.0,0 STARLINK-4612,1 53750U 22107BC  23160.18357057  .00000337  00000-0  39279-4 0  9997,2 53750  53.2169  93.7686 0001229 103.9249 256.1880 15.08839144 42165,6917.883,95.438,540.598,538.898,0.0
53750.0,STARLINK-4612,PAYLOAD,2023-06-09 12:21:16,15.08835227,0.0001174,53.217,92.2815,102.7121,257.4002,5.4993e-05,5.87e-06,0.0,0 STARLINK-4612,1 53750U 22107BC  23160.51477326  .00000587  00000-0  54993-4 0  9993,2 53750  53.2170  92.2815 0001174 102.7121 257.4002 15.08835227 43002,6917.895,95.438,540.572,538.948,0.0
53750.0,STARLINK-4612,PAYLOAD,2023-06-10 05:50:30,15.08839763,0.0001185,53.217,89.0099,96.959,263.1537,6.2698e-05,7.1e-06,0.0,0 STARLINK-4612,1 53750U 22107BC  23161.24341318  .00000710  00000-0  62698-4 0  9994,2 53750  53.2170  89.0099 0001185  96.9590 263.1537 15.08839763 42326,6917.881,95.438,540.566,538.926,0.0
53750.0,STARLINK-4612,PAYLOAD,2023-06-10 12:12:03,15.08837052,0.0001259,53.2171,87.8203,89.5148,270.5988,5.6076e-05,6.05e-06,0.0,0 STARLINK-4612,1 53750U 22107BC  23161.50837618  .00000605  00000-0  56076-4 0  9992,2 53750  53.2171  87.8203 0001259  89.5148 270.5988 15.08837052 43152,6917.889,95.438,540.625,538.883,0.0
53750.0,STARLINK-4612,PAYLOAD,2023-06-10 18:33:36,15.08838856,0.0001297,53.2168,86.6306,91.4376,268.6765,4.6977e-05,4.6e-06,0.0,0 STARLINK-4612,1 53750U 22107BC  23161.77333612  .00000460  00000-0  46977-4 0  9994,2 53750  53.2168  86.6306 0001297  91.4376 268.6765 15.08838856 43194,6917.884,95.438,540.646,538.852,0.0
53750.0,STARLINK-4612,PAYLOAD,2023-06-11 12:02:50,15.08839514,0.0001145,53.2164,83.3592,91.869,268.2433,1.3652e-05,-7.1e-07,0.0,0 STARLINK-4612,1 53750U 22107BC  23162.50197633 -.00000071  00000-0  13652-4 0  9990,2 53750  53.2164  83.3592 0001145  91.8690 268.2433 15.08839514 43309,6917.882,95.438,540.539,538.955,0.0
53750.0,STARLINK-4612,PAYLOAD,2023-06-12 11:53:37,15.08842405,0.0001191,53.2172,78.8982,88.9567,271.1561,3.8764e-05,3.29e-06,0.0,0 STARLINK-4612,1 53750U 22107BC  23163.49557408  .00000329  00000-0  38764-4 0  9995,2 53750  53.2172  78.8982 0001191  88.9567 271.1561 15.08842405 43455,6917.873,95.437,540.562,538.914,0.0
53750.0,STARLINK-4612,PAYLOAD,2023-06-13 03:47:28,15.08852116,0.0001183,53.217,75.9238,95.7376,264.3751,6.7731e-05,7.91e-06,0.0,0 STARLINK-4612,1 53750U 22107BC  23164.15796479  .00000791  00000-0  67731-4 0  9991,2 53750  53.2170  75.9238 0001183  95.7376 264.3751 15.08852116 42768,6917.843,95.437,540.527,538.89,0.0
53750.0,STARLINK-4612,PAYLOAD,2023-06-13 13:19:48,15.08834834,8.74e-05,53.2169,74.1392,77.9457,282.1633,-3.3945e-06,-3.42e-06,0.0,0 STARLINK-4612,1 53750U 22107BC  23164.55541687 -.00000342  00000-0 -33945-5 0  9999,2 53750  53.2169  74.1392 0000874  77.9457 282.1633 15.08834834 43615,6917.896,95.438,540.366,539.157,0.0
53750.0,STARLINK-4612,PAYLOAD,2023-06-13 18:05:57,15.08829863,7.68e-05,53.2174,73.2481,72.3391,287.7685,-2.8783e-05,-7.46e-06,0.0,0 STARLINK-4612,1 53750U 22107BC  23164.75414156 -.00000746  00000-0 -28783-4 0  9992,2 53750  53.2174  73.2481 0000768  72.3391 287.7685 15.08829863 42857,6917.911,95.438,540.308,539.245,0.0
53750.0,STARLINK-4612,PAYLOAD,2023-06-14 03:38:16,15.08842679,0.0001397,53.2161,71.4684,57.722,302.3907,-5.2685e-05,-1.126e-05,0.0,0 STARLINK-4612,1 53750U 22107BC  23165.15157627 -.00001126  00000-0 -52685-4 0  9995,2 53750  53.2161  71.4684 0001397  57.7220 302.3907 15.08842679 42913,6917.872,95.437,540.704,538.771,0.0
53750.0,STARLINK-4612,PAYLOAD,2023-06-14 17:56:44,15.08839094,0.0001222,53.2161,68.7878,94.007,266.1061,-1.7447e-05,-5.66e-06,0.0,0 STARLINK-4612,1 53750U 22107BC  23165.74773688 -.00000566  00000-0 -17447-4 0  9995,2 53750  53.2161  68.7878 0001222  94.0070 266.1061 15.08839094 43793,6917.883,95.438,540.594,538.903,0.0
53750.0,STARLINK-4612,PAYLOAD,2023-06-15 06:39:49,15.08843884,0.0001173,53.2162,66.4094,83.6249,276.4877,-5.7533e-05,-1.203e-05,0.0,0 STARLINK-4612,1 53750U 22107BC  23166.27765460 -.00001203  00000-0 -57533-4 0  9992,2 53750  53.2162  66.4094 0001173  83.6249 276.4877 15.08843884 43089,6917.869,95.437,540.545,538.922,0.0
53750.0,STARLINK-4612,PAYLOAD,2023-06-15 17:47:31,15.08830391,0.0001331,53.2155,64.3284,84.3311,275.7832,6.0189e-05,6.7e-06,0.0,0 STARLINK-4612,1 53750U 22107BC  23166.74134100  .00000670  00000-0  60189-4 0  9991,2 53750  53.2155  64.3284 0001331  84.3311 275.7832 15.08830391 43153,6917.91,95.438,540.696,538.854,0.0
53750.0,STARLINK-4612,PAYLOAD,2023-06-16 01:44:26,15.08843533,0.0001204,53.2163,62.8413,80.0252,280.0876,0.00012612,1.72e-05,0.0,0 STARLINK-4612,1 53750U 22107BC  23167.07253142  .00001720  00000-0  12612-3 0  9990,2 53750  53.2163  62.8413 0001204  80.0252 280.0876 15.08843533 43200,6917.87,95.437,540.568,538.902,0.0
53750.0,STARLINK-4612,PAYLOAD,2023-06-16 09:41:22,15.08843201,0.0001176,53.2166,61.3538,82.4762,277.6363,0.0001093,1.452e-05,0.0,0 STARLINK-4612,1 53750U 22107BC  23167.40373230  .00001452  00000-0  10930-3 0  9991,2 53750  53.2166  61.3538 0001176  82.4762 277.6363 15.08843201 44043,6917.871,95.437,540.549,538.922,0.0
53750.0,STARLINK-4612,PAYLOAD,2023-06-16 17:38:18,15.08841557,0.0001405,53.2162,59.8681,88.45,271.6653,4.9013e-05,4.92e-06,0.0,0 STARLINK-4612,1 53750U 22107BC  23167.73493542  .00000492  00000-0  49013-4 0  9994,2 53750  53.2162  59.8681 0001405  88.4500 271.6653 15.08841557 44094,6917.876,95.437,540.713,538.769,0.0
53750.0,STARLINK-4612,PAYLOAD,2023-06-17 09:32:10,15.08836721,0.0001,53.215,56.8946,84.2566,275.854,1.601e-05,-3.3e-07,0.0,0 STARLINK-4612,1 53750U 22107BC  23168.39733812 -.00000033  00000-0  16010-4 0  9997,2 53750  53.2150  56.8946 0001000  84.2566 275.8540 15.08836721 43401,6917.89,95.438,540.447,539.064,0.0
53750.0,STARLINK-4612,PAYLOAD,2023-06-17 11:07:33,15.08831701,0.0001369,53.215,56.5975,88.4317,271.6832,-2.7131e-05,-7.2e-06,0.0,0 STARLINK-4612,1 53750U 22107BC  23168.46358364 -.00000720  00000-0 -27131-4 0  9990,2 53750  53.2150  56.5975 0001369  88.4317 271.6832 15.08831701 44208,6917.906,95.438,540.718,538.824,0.0
53750.0,STARLINK-4612,PAYLOAD,2023-06-17 19:04:30,15.08820463,0.0001204,53.2169,55.1132,91.3211,268.7919,-0.00013497,-2.434e-05,0.0,0 STARLINK-4612,1 53750U 22107BC  23168.79479695 -.00002434  00000-0 -13497-3 0  9990,2 53750  53.2169  55.1132 0001204  91.3211 268.7919 15.08820463 44253,6917.94,95.439,540.638,538.972,0.0
53750.0,STARLINK-4612,PAYLOAD,2023-06-18 01:26:03,15.08822367,0.000133,53.2152,53.9215,87.1655,272.9489,-0.00011654,-2.141e-05,0.0,0 STARLINK-4612,1 53750U 22107BC  23169.05975739 -.00002141  00000-0 -11654-3 0  9998,2 53750  53.2152  53.9215 0001330  87.1655 272.9489 15.08822367 43509,6917.934,95.439,540.719,538.879,0.0
53750.0,STARLINK-4612,PAYLOAD,2023-06-18 09:22:57,15.08837614,0.00012,53.2169,52.435,99.5469,260.5659,-5.5095e-05,-1.165e-05,0.0,0 STARLINK-4612,1 53750U 22107BC  23169.39094673 -.00001165  00000-0 -55095-4 0  9997,2 53750  53.2169  52.4350 0001200  99.5469 260.5659 15.08837614 43555,6917.888,95.438,540.583,538.923,0.0
53750.0,STARLINK-4612,PAYLOAD,2023-06-18 18:55:16,15.08842894,0.0001219,53.2167,50.6515,100.2698,259.8431,8.9878e-05,1.143e-05,0.0,0 STARLINK-4612,1 53750U 22107BC  23169.78838016  .00001143  00000-0  89878-4 0  9997,2 53750  53.2167  50.6515 0001219 100.2698 259.8431 15.08842894 44400,6917.872,95.437,540.58,538.893,0.0
53750.0,STARLINK-4612,PAYLOAD,2023-06-19 01:16:47,15.08852487,0.0001174,53.2167,49.4613,95.0836,265.029,0.00011294,1.511e-05,0.0,0 STARLINK-4612,1 53750U 22107BC  23170.05333321  .00001511  00000-0  11294-3 0  9993,2 53750  53.2167  49.4613 0001174  95.0836 265.0290 15.08852487 43657,6917.842,95.437,540.519,538.895,0.0
53750.0,STARLINK-4612,PAYLOAD,2023-06-19 10:49:06,15.08846335,0.000128,53.2169,47.6778,85.9994,274.1145,0.00018504,2.659e-05,0.0,0 STARLINK-4612,1 53750U 22107BC  23170.45077525  .00002659  00000-0  18504-3 0  9993,2 53750  53.2169  47.6778 0001280  85.9994 274.1145 15.08846335 43714,6917.861,95.437,540.612,538.841,0.0
53750.0,STARLINK-4612,PAYLOAD,2023-06-19 18:46:02,15.08844071,0.0001175,53.2171,46.1902,89.5386,270.574,0.00031249,4.689e-05,0.0,0 STARLINK-4612,1 53750U 22107BC  23170.78197265  .00004689  00000-0  31249-3 0  9999,2 53750  53.2171  46.1902 0001175  89.5386 270.5740 15.08844071 44557,6917.868,95.437,540.546,538.92,0.0
53750.0,STARLINK-4612,PAYLOAD,2023-06-20 09:04:31,15.08839379,9.06e-05,53.218,43.5114,112.4586,247.6502,0.00012844,1.757e-05,0.0,0 STARLINK-4612,1 53750U 22107BC  23171.37813827  .00001757  00000-0  12844-3 0  9997,2 53750  53.2180  43.5114 0000906 112.4586 247.6502 15.08839379 43850,6917.882,95.438,540.374,539.121,0.0
53750.0,STARLINK-4612,PAYLOAD,2023-06-20 15:26:04,15.08835585,0.0001378,53.2179,42.3211,114.6651,245.4485,1.4728e-05,-5.4e-07,0.0,0 STARLINK-4612,1 53750U 22107BC  23171.64310461 -.00000054  00000-0  14728-4 0  9997,2 53750  53.2179  42.3211 0001378 114.6651 245.4485 15.08835585 43899,6917.894,95.438,540.712,538.806,0.0
53750.0,STARLINK-4612,PAYLOAD,2023-06-20 20:12:13,15.08838621,0.0001263,53.2178,41.4294,115.9787,244.1335,-1.106e-05,-4.64e-06,0.0,0 STARLINK-4612,1 53750U 22107BC  23171.84182297 -.00000464  00000-0 -11060-4 0  9995,2 53750  53.2178  41.4294 0001263 115.9787 244.1335 15.08838621 44712,6917.885,95.438,540.623,538.876,0.0
53750.0,STARLINK-4612,PAYLOAD,2023-06-21 00:58:22,15.08841872,0.0001222,53.2177,40.5382,115.7757,244.3361,-6.648e-05,-1.346e-05,0.0,0 STARLINK-4612,1 53750U 22107BC  23172.04054116 -.00001346  00000-0 -66480-4 0  9992,2 53750  53.2177  40.5382 0001222 115.7757 244.3361 15.08841872 44745,6917.875,95.437,540.585,538.894,0.0
53750.0,STARLINK-4612,PAYLOAD,2023-06-21 18:27:37,15.08840189,0.000115,53.2171,37.2682,107.1251,252.9868,-7.6742e-05,-1.509e-05,0.0,0 STARLINK-4612,1 53750U 22107BC  23172.76918230 -.00001509  00000-0 -76742-4 0  9990,2 53750  53.2171  37.2682 0001150 107.1251 252.9868 15.08840189 44061,6917.88,95.438,540.54,538.949,0.0
53750.0,STARLINK-4612,PAYLOAD,2023-06-21 20:03:00,15.08840057,0.0001058,53.2171,36.9699,115.6062,244.504,-4.2603e-06,-3.56e-06,0.0,0 STARLINK-4612,1 53750U 22107BC  23172.83542054 -.00000356  00000-0 -42603-5 0  9994,2 53750  53.2171  36.9699 0001058 115.6062 244.5040 15.08840057 44867,6917.88,95.438,540.477,539.013,0.0
53750.0,STARLINK-4612,PAYLOAD,2023-06-22 18:18:22,15.08902594,0.0001372,53.2169,32.8074,82.4388,277.676,-0.0010034,-0.00016249,0.0,0 STARLINK-4612,1 53750U 22107BC  23173.76275636 -.00016249  00000-0 -10034-2 0  9994,2 53750  53.2169  32.8074 0001372  82.4388 277.6760 15.08902594 44217,6917.689,95.434,540.503,538.605,0.0
53750.0,STARLINK-4612,PAYLOAD,2023-06-22 21:29:10,15.08838885,9e-05,53.2156,32.2152,87.3783,272.7312,0.00021947,3.207e-05,0.0,0 STARLINK-4612,1 53750U 22107BC  23173.89526540  .00003207  00000-0  21947-3 0  9995,2 53750  53.2156  32.2152 0000900  87.3783 272.7312 15.08838885 44235,6917.884,95.438,540.371,539.126,0.0
53750.0,STARLINK-4612,PAYLOAD,2023-06-24 06:52:16,15.08844746,8.73e-05,53.216,25.9701,92.9443,267.1649,0.00016175,2.288e-05,0.0,0 STARLINK-4612,1 53750U 22107BC  23175.28630424  .00002288  00000-0  16175-3 0  9992,2 53750  53.2160  25.9701 0000873  92.9443 267.1649 15.08844746 44440,6917.866,95.437,540.335,539.127,0.0
53750.0,STARLINK-4612,PAYLOAD,2023-06-24 13:13:50,15.088192,0.0001079,53.2152,24.7826,109.5827,250.5282,0.00064035,9.912e-05,0.0,0 STARLINK-4612,1 53750U 22107BC  23175.55127440  .00009912  00000-0  64035-3 0  9990,2 53750  53.2152  24.7826 0001079 109.5827 250.5282 15.08819200 44486,6917.944,95.439,540.555,539.063,0.0
53750.0,STARLINK-4612,PAYLOAD,2023-06-25 08:18:27,15.08840375,9.61e-05,53.2169,21.2123,87.9675,272.1427,9.6705e-05,1.252e-05,0.0,0 STARLINK-4612,1 53750U 22107BC  23176.34614916  .00001252  00000-0  96705-4 0  9996,2 53750  53.2169  21.2123 0000961  87.9675 272.1427 15.08840375 44607,6917.879,95.438,540.409,539.079,0.0
53750.0,STARLINK-4612,PAYLOAD,2023-06-26 20:52:19,15.08841304,8.9e-05,53.2169,14.3721,92.4443,267.6652,0.00011611,1.561e-05,0.0,0 STARLINK-4612,1 53750U 22107BC  23177.86967058  .00001561  00000-0  11611-3 0  9997,2 53750  53.2169  14.3721 0000890  92.4443 267.6652 15.08841304 44836,6917.876,95.437,540.357,539.126,0.0
53750.0,STARLINK-4612,PAYLOAD,2023-06-27 06:24:38,15.08829673,9.78e-05,53.217,12.5879,96.4767,263.6337,0.00028639,4.272e-05,0.0,0 STARLINK-4612,1 53750U 22107BC  23178.26711611  .00004272  00000-0  28639-3 0  9994,2 53750  53.2170  12.5879 0000978  96.4767 263.6337 15.08829673 44899,6917.912,95.438,540.454,539.1,0.0
53750.0,STARLINK-4612,PAYLOAD,2023-06-27 19:07:43,15.08841498,8.95e-05,53.2169,10.2089,86.607,273.5025,0.0001422,1.976e-05,0.0,0 STARLINK-4612,1 53750U 22107BC  23178.79703080  .00001976  00000-0  14220-3 0  9992,2 53750  53.2169  10.2089 0000895  86.6070 273.5025 15.08841498 44973,6917.876,95.437,540.36,539.122,0.0
53750.0,STARLINK-4612,PAYLOAD,2023-06-28 17:23:07,15.0883493,9.38e-05,53.217,6.0461,85.5162,274.5937,5.6694e-05,6.15e-06,0.0,0 STARLINK-4612,1 53750U 22107BC  23179.72439647  .00000615  00000-0  56694-4 0  9992,2 53750  53.2170   6.0461 0000938  85.5162 274.5937 15.08834930 45113,6917.896,95.438,540.41,539.112,0.0
53750.0,STARLINK-4612,PAYLOAD,2023-06-28 22:09:16,15.08844117,9.61e-05,53.2173,5.1535,89.3659,270.7443,6.2654e-05,7.1e-06,0.0,0 STARLINK-4612,1 53750U 22107BC  23179.92310978  .00000710  00000-0  62654-4 0  9998,2 53750  53.2173   5.1535 0000961  89.3659 270.7443 15.08844117 45148,6917.868,95.437,540.398,539.068,0.0
53750.0,STARLINK-4612,PAYLOAD,2023-06-29 17:13:54,15.0883486,9.4e-05,53.2175,1.5843,96.3723,263.7376,3.2153e-05,2.24e-06,0.0,0 STARLINK-4612,1 53750U 22107BC  23180.71799660  .00000224  00000-0  32153-4 0  9997,2 53750  53.2175   1.5843 0000940  96.3723 263.7376 15.08834860 45263,6917.896,95.438,540.411,539.111,0.0
53750.0,STARLINK-4612,PAYLOAD,2023-06-30 15:29:16,15.08918746,0.0001427,53.2176,357.4203,74.6712,285.4437,-0.0010933,-0.00017683,0.0,0 STARLINK-4612,1 53750U 22107BC  23181.64532939 -.00017683  00000-0 -10933-2 0  9993,2 53750  53.2176 357.4203 0001427  74.6712 285.4437 15.08918746 45406,6917.64,95.433,540.492,538.518,0.0
53750.0,STARLINK-4612,PAYLOAD,2023-06-30 21:50:50,15.08843234,9.24e-05,53.2176,356.2318,81.3005,278.8092,6.1742e-05,6.95e-06,0.0,0 STARLINK-4612,1 53750U 22107BC  23181.91031140  .00000695  00000-0  61742-4 0  9990,2 53750  53.2176 356.2318 0000924  81.3005 278.8092 15.08843234 45447,6917.871,95.437,540.375,539.096,0.0
53750.0,STARLINK-4612,PAYLOAD,2023-07-01 07:23:10,15.0883334,9.39e-05,53.217,354.4475,94.83,265.28,5.2968e-05,5.55e-06,0.0,0 STARLINK-4612,1 53750U 22107BC  23182.30775880  .00000555  00000-0  52968-4 0  9995,2 53750  53.2170 354.4475 0000939  94.8300 265.2800 15.08833340 45509,6917.901,95.438,540.415,539.116,0.0
53750.0,STARLINK-4612,PAYLOAD,2023-07-01 18:30:51,15.08841053,9.01e-05,53.2172,352.3669,89.4383,270.6713,8.8588e-05,1.122e-05,0.0,0 STARLINK-4612,1 53750U 22107BC  23182.77143395  .00001122  00000-0  88588-4 0  9994,2 53750  53.2172 352.3669 0000901  89.4383 270.6713 15.08841053 45573,6917.877,95.437,540.365,539.119,0.0
53750.0,STARLINK-4612,PAYLOAD,2023-07-02 05:38:34,15.08839305,8.81e-05,53.2173,350.2859,85.7202,274.3891,1.0194e-05,-1.25e-06,0.0,0 STARLINK-4612,1 53750U 22107BC  23183.23511888 -.00000125  00000-0  10194-4 0  9993,2 53750  53.2173 350.2859 0000881  85.7202 274.3891 15.08839305 45641,6917.883,95.438,540.357,539.138,0.0
53750.0,STARLINK-4612,PAYLOAD,2023-07-02 19:57:02,15.08845543,8.9e-05,53.2172,347.6095,88.4352,271.6742,6.4725e-05,7.43e-06,0.0,0 STARLINK-4612,1 53750U 22107BC  23183.83127357  .00000743  00000-0  64725-4 0  9997,2 53750  53.2172 347.6095 0000890  88.4352 271.6742 15.08845543 45734,6917.863,95.437,540.344,539.113,0.0
53750.0,STARLINK-4612,PAYLOAD,2023-07-03 11:50:53,15.08838862,9.18e-05,53.2172,344.6361,96.2092,263.9005,7.4215e-05,8.94e-06,0.0,0 STARLINK-4612,1 53750U 22107BC  23184.49367754  .00000894  00000-0  74215-4 0  9999,2 53750  53.2172 344.6361 0000918  96.2092 263.9005 15.08838862 45839,6917.884,95.438,540.384,539.114,0.0
53750.0,STARLINK-4612,PAYLOAD,2023-07-03 22:58:34,15.08849606,9.07e-05,53.2173,342.5539,95.1097,264.9999,0.00011222,1.499e-05,0.0,0 STARLINK-4612,1 53750U 22107BC  23184.95734846  .00001499  00000-0  11222-3 0  9990,2 53750  53.2173 342.5539 0000907  95.1097 264.9999 15.08849606 45904,6917.851,95.437,540.343,539.089,0.0
53750.0,STARLINK-4612,PAYLOAD,2023-07-04 10:06:18,15.08828255,8.42e-05,53.2173,340.4723,77.3498,282.7589,-1.8772e-06,-3.18e-06,0.0,0 STARLINK-4612,1 53750U 22107BC  23185.42104670 -.00000318  00000-0 -18772-5 0  9999,2 53750  53.2173 340.4723 0000842  77.3498 282.7589 15.08828255 45978,6917.916,95.438,540.364,539.199,0.0
53750.0,STARLINK-4612,PAYLOAD,2023-07-04 16:27:50,15.08833924,9.07e-05,53.2172,339.2831,88.0211,272.0885,4.3004e-05,3.97e-06,0.0,0 STARLINK-4612,1 53750U 22107BC  23185.68600329  .00000397  00000-0  43004-4 0  9999,2 53750  53.2172 339.2831 0000907  88.0211 272.0885 15.08833924 46013,6917.899,95.438,540.391,539.137,0.0
53750.0,STARLINK-4612,PAYLOAD,2023-07-04 19:38:36,15.08841306,9.21e-05,53.2176,338.6874,86.7679,273.3418,3.7159e-05,3.04e-06,0.0,0 STARLINK-4612,1 53750U 22107BC  23185.81847885  .00000304  00000-0  37159-4 0  9996,2 53750  53.2176 338.6874 0000921  86.7679 273.3418 15.08841306 46037,6917.876,95.437,540.379,539.104,0.0
53750.0,STARLINK-4612,PAYLOAD,2023-07-06 05:01:42,15.08847492,0.0001514,53.2179,332.4448,56.7712,303.3425,1.557e-05,-4e-07,0.0,0 STARLINK-4612,1 53750U 22107BC  23187.20951724 -.00000040  00000-0  15570-4 0  9990,2 53750  53.2179 332.4448 0001514  56.7712 303.3425 15.08847492 46240,6917.857,95.437,540.77,538.675,0.0
53750.0,STARLINK-4612,PAYLOAD,2023-07-07 09:38:39,15.08833841,9.98e-05,53.2175,327.0899,86.7246,273.386,0.00013495,1.86e-05,0.0,0 STARLINK-4612,1 53750U 22107BC  23188.40184348  .00001860  00000-0  13495-3 0  9996,2 53750  53.2175 327.0899 0000998  86.7246 273.3860 15.08833841 46428,6917.899,95.438,540.455,539.074,0.0
53750.0,STARLINK-4612,PAYLOAD,2023-07-07 16:00:11,15.08845921,9.28e-05,53.2177,325.9014,85.5726,274.5372,9.1663e-05,1.172e-05,0.0,0 STARLINK-4612,1 53750U 22107BC  23188.66679579  .00001172  00000-0  91663-4 0  9999,2 53750  53.2177 325.9014 0000928  85.5726 274.5372 15.08845921 46466,6917.862,95.437,540.369,539.085,0.0
53750.0,STARLINK-4612,PAYLOAD,2023-07-08 09:29:26,15.08838453,9.73e-05,53.2178,322.6308,86.7939,273.3164,5.935e-05,6.57e-06,0.0,0 STARLINK-4612,1 53750U 22107BC  23189.39544152  .00000657  00000-0  59350-4 0  9992,2 53750  53.2178 322.6308 0000973  86.7939 273.3164 15.08838453 46576,6917.885,95.438,540.423,539.077,0.0
53750.0,STARLINK-4612,PAYLOAD,2023-07-09 12:31:00,15.0882935,0.0001002,53.2176,317.5761,93.1418,266.9689,-3.5878e-05,-8.58e-06,0.0,0 STARLINK-4612,1 53750U 22107BC  23190.52153163 -.00000858  00000-0 -35878-4 0  9991,2 53750  53.2176 317.5761 0001002  93.1418 266.9689 15.08829350 46743,6917.913,95.438,540.471,539.085,0.0
53750.0,STARLINK-4612,PAYLOAD,2023-07-09 18:52:32,15.08834287,0.0001041,53.2178,316.3863,94.3005,265.8106,-3.0596e-06,-3.36e-06,0.0,0 STARLINK-4612,1 53750U 22107BC  23190.78648855 -.00000336  00000-0 -30596-5 0  9990,2 53750  53.2178 316.3863 0001041  94.3005 265.8106 15.08834287 46784,6917.898,95.438,540.483,539.043,0.0
53750.0,STARLINK-4612,PAYLOAD,2023-07-10 17:07:55,15.08848134,9.72e-05,53.2179,312.2231,93.0241,267.0863,0.00012972,1.778e-05,0.0,0 STARLINK-4612,1 53750U 22107BC  23191.71383815  .00001778  00000-0  12972-3 0  9991,2 53750  53.2179 312.2231 0000972  93.0241 267.0863 15.08848134 46925,6917.856,95.437,540.393,539.048,0.0
53750.0,STARLINK-4612,PAYLOAD,2023-07-11 01:04:52,15.08834601,6.61e-05,53.2178,310.7353,102.9022,257.2044,-3.6759e-05,-8.72e-06,0.0,0 STARLINK-4612,1 53750U 22107BC  23192.04504920 -.00000872  00000-0 -36759-4 0  9996,2 53750  53.2178 310.7353 0000661 102.9022 257.2044 15.08834601 46975,6917.897,95.438,540.219,539.305,0.0
53750.0,STARLINK-4612,PAYLOAD,2023-07-12 00:55:38,15.08845893,9.47e-05,53.216,306.2748,87.3277,272.7823,0.00017532,2.504e-05,0.0,0 STARLINK-4612,1 53750U 22107BC  23193.03864324  .00002504  00000-0  17532-3 0  9992,2 53750  53.2160 306.2748 0000947  87.3277 272.7823 15.08845893 47129,6917.862,95.437,540.382,539.072,0.0
53750.0,STARLINK-4612,PAYLOAD,2023-07-13 13:29:31,15.08834334,9.44e-05,53.217,299.4397,49.7001,310.4074,5.3117e-05,5.58e-06,0.0,0 STARLINK-4612,1 53750U 22107BC  23194.56216955  .00000558  00000-0  53117-4 0  9999,2 53750  53.2170 299.4397 0000944  49.7001 310.4074 15.08834334 47358,6917.898,95.438,540.416,539.11,0.0
53750.0,STARLINK-4612,PAYLOAD,2023-07-14 10:09:31,15.08843123,0.0001194,53.2171,295.5732,79.7098,280.4029,5.4062e-05,5.73e-06,0.0,0 STARLINK-4612,1 53750U 22107BC  23195.42328597  .00000573  00000-0  54062-4 0  9998,2 53750  53.2171 295.5732 0001194  79.7098 280.4029 15.08843123 47482,6917.871,95.437,540.562,538.91,0.0
53750.0,STARLINK-4612,PAYLOAD,2023-07-15 11:35:42,15.08837259,0.0001061,53.217,290.8145,85.3091,274.8023,0.00011488,1.541e-05,0.0,0 STARLINK-4612,1 53750U 22107BC  23196.48312831  .00001541  00000-0  11488-3 0  9999,2 53750  53.2170 290.8145 0001061  85.3091 274.8023 15.08837259 47648,6917.889,95.438,540.488,539.02,0.0
53750.0,STARLINK-4612,PAYLOAD,2023-07-16 05:04:57,15.08831099,0.0001096,53.2171,287.5423,94.9242,265.1875,-4.6059e-06,-3.61e-06,0.0,0 STARLINK-4612,1 53750U 22107BC  23197.21177790 -.00000361  00000-0 -46059-5 0  9999,2 53750  53.2171 287.5423 0001096  94.9242 265.1875 15.08831099 47759,6917.908,95.438,540.531,539.014,0.0
53750.0,STARLINK-4612,PAYLOAD,2023-07-16 22:34:11,15.08837287,0.000105,53.2171,284.2718,98.2461,261.865,6.6139e-05,7.65e-06,0.0,0 STARLINK-4612,1 53750U 22107BC  23197.94041473  .00000765  00000-0  66139-4 0  9993,2 53750  53.2171 284.2718 0001050  98.2461 261.8650 15.08837287 47861,6917.889,95.438,540.48,539.027,0.0
53750.0,STARLINK-4612,PAYLOAD,2023-07-17 12:52:39,15.08847591,0.0001015,53.2162,281.5955,93.1133,266.9975,0.00019182,2.767e-05,0.0,0 STARLINK-4612,1 53750U 22107BC  23198.53656868  .00002767  00000-0  19182-3 0  9998,2 53750  53.2162 281.5955 0001015  93.1133 266.9975 15.08847591 47950,6917.857,95.437,540.424,539.02,0.0
53750.0,STARLINK-4612,PAYLOAD,2023-07-18 11:08:03,15.08844702,0.0001089,53.2159,277.4321,90.3485,269.7632,0.00018217,2.613e-05,0.0,0 STARLINK-4612,1 53750U 22107BC  23199.46393142  .00002613  00000-0  18217-3 0  9992,2 53750  53.2159 277.4321 0001089  90.3485 269.7632 15.08844702 48095,6917.866,95.437,540.484,538.978,0.0
53750.0,STARLINK-4612,PAYLOAD,2023-07-19 09:23:28,15.08832063,0.0001516,53.2168,273.2695,102.5281,257.5881,-9.3357e-05,-1.773e-05,0.0,0 STARLINK-4612,1 53750U 22107BC  23200.39129760 -.00001773  00000-0 -93357-4 0  9997,2 53750  53.2168 273.2695 0001516 102.5281 257.5881 15.08832063 48232,6917.905,95.438,540.818,538.721,0.0
53750.0,STARLINK-4612,PAYLOAD,2023-07-20 10:49:38,15.08844108,0.0001182,53.2167,268.5107,86.0336,274.0791,9.0494e-05,1.153e-05,0.0,0 STARLINK-4612,1 53750U 22107BC  23201.45113666  .00001153  00000-0  90494-4 0  9992,2 53750  53.2167 268.5107 0001182  86.0336 274.0791 15.08844108 48396,6917.868,95.437,540.551,538.915,0.0
53750.0,STARLINK-4612,PAYLOAD,2023-07-23 04:00:26,15.08840725,0.000137,53.217,256.3188,105.1856,254.9288,3.4722e-05,2.65e-06,0.0,0 STARLINK-4612,1 53750U 22107BC  23204.16697801  .00000265  00000-0  34722-4 0  9996,2 53750  53.2170 256.3188 0001370 105.1856 254.9288 15.08840725 48808,6917.878,95.438,540.691,538.795,0.0
53750.0,STARLINK-4612,PAYLOAD,2023-07-25 13:14:19,15.08840521,0.0001117,53.2152,245.6127,96.2045,263.9074,0.00010478,1.38e-05,0.0,0 STARLINK-4612,1 53750U 22107BC  23206.55161992  .00001380  00000-0  10478-3 0  9998,2 53750  53.2152 245.6127 0001117  96.2045 263.9074 15.08840521 49955,6917.879,95.438,540.517,538.971,0.0
53750.0,STARLINK-4612,PAYLOAD,2023-07-26 11:29:44,15.08838777,0.0001301,53.2154,241.4498,82.8244,277.2896,0.00011629,1.563e-05,0.0,0 STARLINK-4612,1 53750U 22107BC  23207.47898312  .00001563  00000-0  11629-3 0  9995,2 53750  53.2154 241.4498 0001301  82.8244 277.2896 15.08838777 50096,6917.884,95.438,540.649,538.849,0.0
53750.0,STARLINK-4612,PAYLOAD,2023-07-26 19:26:39,15.0884062,0.0001218,53.2155,239.9625,87.1024,273.0107,0.00012371,1.682e-05,0.0,0 STARLINK-4612,1 53750U 22107BC  23207.81018173  .00001682  00000-0  12371-3 0  9999,2 53750  53.2155 239.9625 0001218  87.1024 273.0107 15.08840620 50147,6917.878,95.438,540.586,538.901,0.0
53750.0,STARLINK-4612,PAYLOAD,2023-07-27 08:09:44,15.08845939,0.0001188,53.2153,237.5835,87.0795,273.0333,0.00010124,1.324e-05,0.0,0 STARLINK-4612,1 53750U 22107BC  23208.34009870  .00001324  00000-0  10124-3 0  9999,2 53750  53.2153 237.5835 0001188  87.0795 273.0333 15.08845939 49431,6917.862,95.437,540.549,538.905,0.0
53750.0,STARLINK-4612,PAYLOAD,2023-07-27 19:17:26,15.0883967,0.0001118,53.2148,235.5016,86.822,273.29,2.9452e-05,1.81e-06,0.0,0 STARLINK-4612,1 53750U 22107BC  23208.80378354  .00000181  00000-0  29452-4 0  9991,2 53750  53.2148 235.5016 0001118  86.8220 273.2900 15.08839670 50290,6917.881,95.438,540.52,538.973,0.0
53750.0,STARLINK-4612,PAYLOAD,2023-07-28 01:38:59,15.0883504,0.0001152,53.215,234.3125,86.4198,273.6926,3.322e-05,2.41e-06,0.0,0 STARLINK-4612,1 53750U 22107BC  23209.06874711  .00000241  00000-0  33220-4 0  9993,2 53750  53.2150 234.3125 0001152  86.4198 273.6926 15.08835040 49544,6917.896,95.438,540.557,538.964,0.0
53750.0,STARLINK-4612,PAYLOAD,2023-07-28 12:46:41,15.08835892,0.000112,53.215,232.2307,86.0355,274.0765,-3.7598e-06,-3.48e-06,0.0,0 STARLINK-4612,1 53750U 22107BC  23209.53242831 -.00000348  00000-0 -37598-5 0  9990,2 53750  53.2150 232.2307 0001120  86.0355 274.0765 15.08835892 50407,6917.893,95.438,540.533,538.983,0.0
53750.0,STARLINK-4612,PAYLOAD,2023-07-29 07:51:19,15.08840391,0.0001153,53.2151,228.662,83.1545,276.9579,3.1343e-05,2.11e-06,0.0,0 STARLINK-4612,1 53750U 22107BC  23210.32730518  .00000211  00000-0  31343-4 0  9991,2 53750  53.2151 228.6620 0001153  83.1545 276.9579 15.08840391 49738,6917.879,95.438,540.542,538.947,0.0
53750.0,STARLINK-4612,PAYLOAD,2023-07-30 12:28:15,15.08845255,0.0001212,53.2156,223.3091,78.5584,281.5544,0.00015073,2.112e-05,0.0,0 STARLINK-4612,1 53750U 22107BC  23211.51961925  .00002112  00000-0  15073-3 0  9994,2 53750  53.2156 223.3091 0001212  78.5584 281.5544 15.08845255 49912,6917.864,95.437,540.568,538.891,0.0
53750.0,STARLINK-4612,PAYLOAD,2023-07-31 01:11:20,15.08838831,0.0001274,53.2157,220.9307,73.1703,286.9428,6.5884e-05,7.61e-06,0.0,0 STARLINK-4612,1 53750U 22107BC  23212.04954664  .00000761  00000-0  65884-4 0  9999,2 53750  53.2157 220.9307 0001274  73.1703 286.9428 15.08838831 49998,6917.884,95.438,540.63,538.868,0.0
53750.0,STARLINK-4612,PAYLOAD,2023-07-31 23:26:45,15.08830489,0.0001245,53.2153,216.7679,84.0736,276.0398,6.9769e-05,8.22e-06,0.0,0 STARLINK-4612,1 53750U 22107BC  23212.97691191  .00000822  00000-0  69769-4 0  9998,2 53750  53.2153 216.7679 0001245  84.0736 276.0398 15.08830489 50139,6917.909,95.438,540.636,538.913,0.0
53750.0,STARLINK-4612,PAYLOAD,2023-08-01 16:55:59,15.08837464,0.0001221,53.2159,213.4966,93.9872,266.1259,-2.126e-06,-3.22e-06,0.0,0 STARLINK-4612,1 53750U 22107BC  23213.70554886 -.00000322  00000-0 -21260-5 0  9991,2 53750  53.2159 213.4966 0001221  93.9872 266.1259 15.08837464 50240,6917.888,95.438,540.598,538.908,0.0
53750.0,STARLINK-4612,PAYLOAD,2023-08-03 02:19:05,15.08840621,0.0001213,53.216,207.2509,85.5342,274.5789,7.2462e-05,8.66e-06,0.0,0 STARLINK-4612,1 53750U 22107BC  23215.09658778  .00000866  00000-0  72462-4 0  9990,2 53750  53.2160 207.2509 0001213  85.5342 274.5789 15.08840621 50459,6917.878,95.438,540.583,538.904,0.0
53750.0,STARLINK-4612,PAYLOAD,2023-08-04 08:31:25,15.08839151,0.0001284,53.2163,201.602,88.2318,271.8821,5.0564e-05,5.17e-06,0.0,0 STARLINK-4612,1 53750U 22107BC  23216.35515120  .00000517  00000-0  50564-4 0  9995,2 53750  53.2163 201.6020 0001284  88.2318 271.8821 15.08839151 50643,6917.883,95.438,540.636,538.86,0.0
53750.0,STARLINK-4612,PAYLOAD,2023-08-05 09:57:34,15.0884689,0.0001328,53.2165,196.8429,91.9007,268.2137,6.1786e-05,6.96e-06,0.0,0 STARLINK-4612,1 53750U 22107BC  23217.41498660  .00000696  00000-0  61786-4 0  9998,2 53750  53.2165 196.8429 0001328  91.9007 268.2137 15.08846890 50804,6917.859,95.437,540.643,538.806,0.0
53750.0,STARLINK-4612,PAYLOAD,2023-08-06 05:02:12,15.08842019,0.0001328,53.2174,193.274,94.2064,265.908,9.8872e-05,1.286e-05,0.0,0 STARLINK-4612,1 53750U 22107BC  23218.20986813  .00001286  00000-0  98872-4 0  9990,2 53750  53.2174 193.2740 0001328  94.2064 265.9080 15.08842019 50923,6917.874,95.437,540.658,538.821,0.0
53750.0,STARLINK-4612,PAYLOAD,2023-08-07 04:53:00,15.08836805,0.0001307,53.2173,188.8144,94.0063,266.1079,2.6422e-05,1.33e-06,0.0,0 STARLINK-4612,1 53750U 22107BC  23219.20347578  .00000133  00000-0  26422-4 0  9992,2 53750  53.2173 188.8144 0001307  94.0063 266.1079 15.08836805 51078,6917.89,95.438,540.659,538.851,0.0
53750.0,STARLINK-4612,PAYLOAD,2023-08-08 01:33:00,15.08846728,0.000118,53.2169,184.9494,91.2103,268.9024,5.2787e-05,5.53e-06,0.0,0 STARLINK-4612,1 53750U 22107BC  23220.06458994  .00000553  00000-0  52787-4 0  9992,2 53750  53.2169 184.9494 0001180  91.2103 268.9024 15.08846728 51201,6917.86,95.437,540.541,538.909,0.0
53750.0,STARLINK-4612,PAYLOAD,2023-08-08 14:16:05,15.0884189,0.0001185,53.2169,182.571,90.75,269.3628,1.2986e-05,-8.1e-07,0.0,0 STARLINK-4612,1 53750U 22107BC  23220.59451367 -.00000081  00000-0  12986-4 0  9991,2 53750  53.2169 182.5710 0001185  90.7500 269.3628 15.08841890 51284,6917.875,95.437,540.559,538.92,0.0
53750.0,STARLINK-4612,PAYLOAD,2023-08-08 22:13:02,15.08831962,0.0001198,53.2168,181.0844,96.2945,263.8184,9.1289e-05,1.165e-05,0.0,0 STARLINK-4612,1 53750U 22107BC  23220.92571953  .00001165  00000-0  91289-4 0  9998,2 53750  53.2168 181.0844 0001198  96.2945 263.8184 15.08831962 51334,6917.905,95.438,540.599,538.941,0.0
53750.0,STARLINK-4612,PAYLOAD,2023-08-09 07:45:20,15.08838792,0.0001332,53.2173,179.3003,94.9899,265.1246,0.00010657,1.409e-05,0.0,0 STARLINK-4612,1 53750U 22107BC  23221.32315592  .00001409  00000-0  10657-3 0  9998,2 53750  53.2173 179.3003 0001332  94.9899 265.1246 15.08838792 51398,6917.884,95.438,540.671,538.828,0.0
53750.0,STARLINK-4612,PAYLOAD,2023-08-10 06:00:45,15.08835144,0.0001392,53.2178,175.138,107.2604,252.854,-1.6453e-05,-5.5e-06,0.0,0 STARLINK-4612,1 53750U 22107BC  23222.25052252 -.00000550  00000-0 -16453-4 0  9991,2 53750  53.2178 175.1380 0001392 107.2604 252.8540 15.08835144 51537,6917.895,95.438,540.723,538.797,0.0
53750.0,STARLINK-4612,PAYLOAD,2023-08-10 23:29:59,15.08838326,0.0001445,53.2155,171.8651,90.7063,269.4095,0.00011215,1.497e-05,0.0,0 STARLINK-4612,1 53750U 22107BC  23222.97915943  .00001497  00000-0  11215-3 0  9994,2 53750  53.2155 171.8651 0001445  90.7063 269.4095 15.08838326 51646,6917.886,95.438,540.75,538.751,0.0
53750.0,STARLINK-4612,PAYLOAD,2023-08-11 13:48:28,15.08832905,0.0001617,53.2136,169.1869,89.7795,270.3383,6.8392e-05,8e-06,0.0,0 STARLINK-4612,1 53750U 22107BC  23223.57532504  .00000800  00000-0  68392-4 0  9995,2 53750  53.2136 169.1869 0001617  89.7795 270.3383 15.08832905 51735,6917.902,95.438,540.886,538.648,0.0
53750.0,STARLINK-4612,PAYLOAD,2023-08-12 05:42:19,15.08840309,0.0001172,53.2172,166.2158,89.4729,270.6398,0.00011179,1.492e-05,0.0,0 STARLINK-4612,1 53750U 22107BC  23224.23772087  .00001492  00000-0  11179-3 0  9999,2 53750  53.2172 166.2158 0001172  89.4729 270.6398 15.08840309 51831,6917.879,95.438,540.555,538.934,0.0
53750.0,STARLINK-4612,PAYLOAD,2023-08-13 05:33:05,15.08854926,0.0001091,53.2171,161.7553,83.1212,276.9904,8.0687e-05,9.97e-06,0.0,0 STARLINK-4612,1 53750U 22107BC  23225.23131179  .00000997  00000-0  80687-4 0  9991,2 53750  53.2171 161.7553 0001091  83.1212 276.9904 15.08854926 51985,6917.835,95.437,540.455,538.945,0.0
53750.0,STARLINK-4612,PAYLOAD,2023-08-14 02:13:07,15.0883907,0.000128,53.2173,157.8902,90.8058,269.308,0.00011134,1.484e-05,0.0,0 STARLINK-4612,1 53750U 22107BC  23226.09244222  .00001484  00000-0  11134-3 0  9992,2 53750  53.2173 157.8902 0001280  90.8058 269.3080 15.08839070 52114,6917.883,95.438,540.634,538.863,0.0
53750.0,STARLINK-4612,PAYLOAD,2023-08-15 05:14:39,15.08848524,0.0001388,53.2176,152.8361,92.325,267.7901,5.3627e-06,-2.03e-06,0.0,0 STARLINK-4612,1 53750U 22107BC  23227.21851827 -.00000203  00000-0  53627-5 0  9996,2 53750  53.2176 152.8361 0001388  92.3250 267.7901 15.08848524 52287,6917.854,95.437,540.68,538.759,0.0
53750.0,STARLINK-4612,PAYLOAD,2023-08-16 01:54:40,15.08845504,0.0001443,53.2175,148.971,93.3732,266.7425,0.00013182,1.811e-05,0.0,0 STARLINK-4612,1 53750U 22107BC  23228.07963966  .00001811  00000-0  13182-3 0  9994,2 53750  53.2175 148.9710 0001443  93.3732 266.7425 15.08845504 52418,6917.864,95.437,540.727,538.73,0.0
53750.0,STARLINK-4612,PAYLOAD,2023-08-17 01:45:28,15.08840076,0.000142,53.2174,144.5093,87.7454,272.3701,5.8217e-05,6.39e-06,0.0,0 STARLINK-4612,1 53750U 22107BC  23229.07324584  .00000639  00000-0  58217-4 0  9998,2 53750  53.2174 144.5093 0001420  87.7454 272.3701 15.08840076 52561,6917.88,95.438,540.727,538.763,0.0
53750.0,STARLINK-4612,PAYLOAD,2023-08-18 03:11:38,15.08843732,0.00014,53.2178,139.7519,87.4149,272.7003,5.4056e-05,5.73e-06,0.0,0 STARLINK-4612,1 53750U 22107BC  23230.13308399  .00000573  00000-0  54056-4 0  9997,2 53750  53.2178 139.7519 0001400  87.4149 272.7003 15.08843732 52729,6917.869,95.437,540.702,538.765,0.0
53750.0,STARLINK-4612,PAYLOAD,2023-08-18 17:30:07,15.08838111,0.0001547,53.2179,137.0763,90.9947,269.1222,4.8064e-05,4.77e-06,0.0,0 STARLINK-4612,1 53750U 22107BC  23230.72924840  .00000477  00000-0  48064-4 0  9992,2 53750  53.2179 137.0763 0001547  90.9947 269.1222 15.08838111 52817,6917.886,95.438,540.821,538.681,0.0
53750.0,STARLINK-4612,PAYLOAD,2023-08-19 01:27:02,15.08847739,0.0001363,53.2176,135.5897,99.8154,260.2992,6.2386e-05,7.05e-06,0.0,0 STARLINK-4612,1 53750U 22107BC  23231.06044063  .00000705  00000-0  62386-4 0  9997,2 53750  53.2176 135.5897 0001363  99.8154 260.2992 15.08847739 52866,6917.857,95.437,540.665,538.779,0.0
53750.0,STARLINK-4612,PAYLOAD,2023-08-20 02:53:12,15.08841529,0.0001351,53.2177,130.8314,97.7182,262.3964,1.611e-05,-3.2e-07,0.0,0 STARLINK-4612,1 53750U 22107BC  23232.12028856 -.00000032  00000-0  16110-4 0  9995,2 53750  53.2177 130.8314 0001351  97.7182 262.3964 15.08841529 53026,6917.876,95.437,540.675,538.806,0.0
53750.0,STARLINK-4612,PAYLOAD,2023-08-21 20:13:14,15.08836241,0.0001263,53.2182,123.1002,95.0949,265.0187,9.504e-05,1.225e-05,0.0,0 STARLINK-4612,1 53750U 22107BC  23233.84253320  .00001225  00000-0  95040-4 0  9994,2 53750  53.2182 123.1002 0001263  95.0949 265.0187 15.08836241 53285,6917.892,95.438,540.631,538.883,0.0
53750.0,STARLINK-4612,PAYLOAD,2023-08-23 02:25:34,15.08839969,0.0001328,53.2179,117.449,102.5425,257.5715,8.1048e-05,1.002e-05,0.0,0 STARLINK-4612,1 53750U 22107BC  23235.10109419  .00001002  00000-0  81048-4 0  9990,2 53750  53.2179 117.4490 0001328 102.5425 257.5715 15.08839969 53477,6917.88,95.438,540.664,538.827,0.0
53750.0,STARLINK-4612,PAYLOAD,2023-08-24 18:10:13,15.08842903,0.0001317,53.2175,110.0162,88.963,271.1513,3.6903e-05,3e-06,0.0,0 STARLINK-4612,1 53750U 22107BC  23236.75709674  .00000300  00000-0  36903-4 0  9991,2 53750  53.2175 110.0162 0001317  88.9630 271.1513 15.08842903 53729,6917.872,95.437,540.648,538.825,0.0
53750.0,STARLINK-4612,PAYLOAD,2023-08-25 00:31:45,15.08848942,0.0001554,53.2183,108.827,95.1373,264.9797,8.6018e-05,1.082e-05,0.0,0 STARLINK-4612,1 53750U 22107BC  23237.02205111  .00001082  00000-0  86018-4 0  9999,2 53750  53.2183 108.8270 0001554  95.1373 264.9797 15.08848942 53767,6917.853,95.437,540.793,538.643,0.0
53750.0,STARLINK-4612,PAYLOAD,2023-08-25 19:36:23,15.08837799,0.0001834,53.2187,105.2594,114.4366,245.6818,0.00013708,1.894e-05,0.0,0 STARLINK-4612,1 53750U 22107BC  23237.81693550  .00001894  00000-0  13708-3 0  9990,2 53750  53.2187 105.2594 0001834 114.4366 245.6818 15.08837799 53880,6917.887,95.438,541.021,538.483,0.0
53750.0,STARLINK-4612,PAYLOAD,2023-08-26 00:22:32,15.08842893,0.0001418,53.2178,104.3671,88.887,271.2285,0.00010666,1.41e-05,0.0,0 STARLINK-4612,1 53750U 22107BC  23238.01565278  .00001410  00000-0  10666-3 0  9992,2 53750  53.2178 104.3671 0001418  88.8870 271.2285 15.08842893 54704,6917.872,95.437,540.718,538.756,0.0
53750.0,STARLINK-4612,PAYLOAD,2023-08-26 21:02:35,15.08743625,0.0002179,53.2179,100.5007,89.7709,270.3533,0.001482,0.00023315,0.0,0 STARLINK-4612,1 53750U 22107BC  23238.87680222  .00023315  00000-0  14820-2 0  9996,2 53750  53.2179 100.5007 0002179  89.7709 270.3533 15.08743625 54835,6918.175,95.444,541.547,538.533,0.0
53750.0,STARLINK-4612,PAYLOAD,2023-08-26 22:37:58,15.08748692,0.0002168,53.2179,100.2035,88.6647,271.4593,0.0014739,0.00023189,0.0,0 STARLINK-4612,1 53750U 22107BC  23238.94304316  .00023189  00000-0  14739-2 0  9999,2 53750  53.2179 100.2035 0002168  88.6647 271.4593 15.08748692 54051,6918.159,95.443,541.524,538.525,0.0
53750.0,STARLINK-4612,PAYLOAD,2023-08-27 20:53:20,15.0883933,0.0001546,53.2181,96.04,76.7092,283.4073,2.2264e-05,6.6e-07,0.0,0 STARLINK-4612,1 53750U 22107BC  23239.87037969  .00000066  00000-0  22264-4 0  9992,2 53750  53.2181  96.0400 0001546  76.7092 283.4073 15.08839330 54981,6917.882,95.438,540.817,538.678,0.0
53750.0,STARLINK-4612,PAYLOAD,2023-08-28 01:39:29,15.08845108,0.0001302,53.2171,95.1483,89.0137,271.1004,6.0086e-05,6.69e-06,0.0,0 STARLINK-4612,1 53750U 22107BC  23240.06909364  .00000669  00000-0  60086-4 0  9995,2 53750  53.2171  95.1483 0001302  89.0137 271.1004 15.08845108 54223,6917.865,95.437,540.63,538.829,0.0
53750.0,STARLINK-4612,PAYLOAD,2023-08-28 14:22:35,15.08836201,0.0001413,53.2183,92.7674,81.9815,278.1338,2.461e-05,1.04e-06,0.0,0 STARLINK-4612,1 53750U 22107BC  23240.59902164  .00000104  00000-0  24610-4 0  9991,2 53750  53.2183  92.7674 0001413  81.9815 278.1338 15.08836201 54308,6917.892,95.438,540.734,538.78,0.0
53750.0,STARLINK-4612,PAYLOAD,2023-08-28 20:44:07,15.08841078,0.0001373,53.2172,91.5806,79.3267,280.788,6.3415e-05,7.21e-06,0.0,0 STARLINK-4612,1 53750U 22107BC  23240.86397752  .00000721  00000-0  63415-4 0  9993,2 53750  53.2172  91.5806 0001373  79.3267 280.7880 15.08841078 55138,6917.877,95.437,540.692,538.792,0.0
53750.0,STARLINK-4612,PAYLOAD,2023-08-28 23:54:53,15.08843989,0.0001485,53.2181,90.9844,80.6586,279.4574,8.3677e-05,1.044e-05,0.0,0 STARLINK-4612,1 53750U 22107BC  23240.99645525  .00001044  00000-0  83677-4 0  9992,2 53750  53.2181  90.9844 0001485  80.6586 279.4574 15.08843989 54368,6917.868,95.437,540.76,538.706,0.0
53750.0,STARLINK-4612,PAYLOAD,2023-08-29 17:24:08,15.0883951,0.0001273,53.2171,87.7141,87.0997,273.0141,3.6789e-05,2.98e-06,0.0,0 STARLINK-4612,1 53750U 22107BC  23241.72510003  .00000298  00000-0  36789-4 0  9998,2 53750  53.2171  87.7141 0001273  87.0997 273.0141 15.08839510 54470,6917.882,95.438,540.628,538.866,0.0
53750.0,STARLINK-4612,PAYLOAD,2023-08-29 20:34:54,15.08841194,0.0001254,53.2174,87.1192,100.7722,259.3411,5.6147e-05,6.06e-06,0.0,0 STARLINK-4612,1 53750U 22107BC  23241.85757789  .00000606  00000-0  56147-4 0  9999,2 53750  53.2174  87.1192 0001254 100.7722 259.3411 15.08841194 55289,6917.877,95.437,540.609,538.874,0.0
53750.0,STARLINK-4612,PAYLOAD,2023-08-29 23:45:40,15.08845456,0.0001221,53.2178,86.5243,92.089,268.0242,8.5873e-05,1.079e-05,0.0,0 STARLINK-4612,1 53750U 22107BC  23241.99005465  .00001079  00000-0  85873-4 0  9994,2 53750  53.2178  86.5243 0001221  92.0890 268.0242 15.08845456 54515,6917.864,95.437,540.573,538.884,0.0
53750.0,STARLINK-4612,PAYLOAD,2023-08-30 20:25:42,15.08837712,0.000131,53.2181,82.6591,91.58,268.5342,3.7244e-05,3.05e-06,0.0,0 STARLINK-4612,1 53750U 22107BC  23242.85118157  .00000305  00000-0  37244-4 0  9993,2 53750  53.2181  82.6591 0001310  91.5800 268.5342 15.08837712 55430,6917.887,95.438,540.659,538.846,0.0
53750.0,STARLINK-4612,PAYLOAD,2023-08-31 21:51:51,15.08869203,0.0001092,53.2184,77.9029,99.5581,260.5534,-0.0004136,-6.869e-05,0.0,0 STARLINK-4612,1 53750U 22107BC  23243.91101445 -.00006869  00000-0 -41360-3 0  9999,2 53750  53.2184  77.9029 0001092  99.5581 260.5534 15.08869203 55599,6917.791,95.436,540.412,538.901,0.0
53750.0,STARLINK-4612,PAYLOAD,2023-08-31 23:27:15,15.08837996,0.0001307,53.2186,77.6052,97.9403,262.1737,5.0039e-05,5.09e-06,0.0,0 STARLINK-4612,1 53750U 22107BC  23243.97726250  .00000509  00000-0  50039-4 0  9999,2 53750  53.2186  77.6052 0001307  97.9403 262.1737 15.08837996 54819,6917.887,95.438,540.656,538.847,0.0
53750.0,STARLINK-4612,PAYLOAD,2023-09-01 05:48:48,15.08838456,0.0001201,53.2173,76.4163,106.6928,253.4196,-3.2591e-06,-3.4e-06,0.0,0 STARLINK-4612,1 53750U 22107BC  23244.24222360 -.00000340  00000-0 -32591-5 0  9992,2 53750  53.2173  76.4163 0001201 106.6928 253.4196 15.08838456 55644,6917.885,95.438,540.581,538.919,0.0
53750.0,STARLINK-4612,PAYLOAD,2023-09-02 05:39:35,15.08829915,0.0002289,53.2104,71.9542,99.9635,260.1615,0.00014966,2.094e-05,0.0,0 STARLINK-4612,1 53750U 22107BC  23245.23582982  .00002094  00000-0  14966-3 0  9991,2 53750  53.2104  71.9542 0002289  99.9635 260.1615 15.08829915 55006,6917.911,95.438,541.36,538.193,0.0
53750.0,STARLINK-4612,PAYLOAD,2023-09-02 18:22:40,15.088426,0.0001363,53.2184,69.5718,87.0414,273.0734,9.5169e-05,1.227e-05,0.0,0 STARLINK-4612,1 53750U 22107BC  23245.76574259  .00001227  00000-0  95169-4 0  9999,2 53750  53.2184  69.5718 0001363  87.0414 273.0734 15.08842600 55873,6917.872,95.437,540.68,538.795,0.0
53750.0,STARLINK-4612,PAYLOAD,2023-09-03 00:44:12,15.08844164,0.0001378,53.2194,68.382,87.9232,272.1918,0.00020208,2.93e-05,0.0,0 STARLINK-4612,1 53750U 22107BC  23246.03069797  .00002930  00000-0  20208-3 0  9999,2 53750  53.2194  68.3820 0001378  87.9232 272.1918 15.08844164 55127,6917.868,95.437,540.686,538.779,0.0
53750.0,STARLINK-4612,PAYLOAD,2023-09-03 05:30:22,15.08840768,0.0001413,53.2189,67.4897,87.6415,272.4738,7.0925e-05,8.41e-06,0.0,0 STARLINK-4612,1 53750U 22107BC  23246.22942446  .00000841  00000-0  70925-4 0  9992,2 53750  53.2189  67.4897 0001413  87.6415 272.4738 15.08840768 55157,6917.878,95.438,540.721,538.766,0.0
53750.0,STARLINK-4612,PAYLOAD,2023-09-04 11:42:42,15.08834938,0.0001141,53.2158,61.8443,87.4615,272.6508,6.7223e-05,7.82e-06,0.0,0 STARLINK-4612,1 53750U 22107BC  23247.48798671  .00000782  00000-0  67223-4 0  9991,2 53750  53.2158  61.8443 0001141  87.4615 272.6508 15.08834938 56134,6917.896,95.438,540.55,538.972,0.0
53750.0,STARLINK-4612,PAYLOAD,2023-09-04 18:04:14,15.08835211,0.0001282,53.2181,60.6521,97.857,262.2568,2.94e-05,1.8e-06,0.0,0 STARLINK-4612,1 53750U 22107BC  23247.75294883  .00000180  00000-0  29400-4 0  9994,2 53750  53.2181  60.6521 0001282  97.8570 262.2568 15.08835211 55387,6917.895,95.438,540.647,538.873,0.0
53750.0,STARLINK-4612,PAYLOAD,2023-09-05 05:11:56,15.08842082,0.0001215,53.2178,58.5715,95.527,264.5861,-2.1677e-05,-6.33e-06,0.0,0 STARLINK-4612,1 53750U 22107BC  23248.21662569 -.00000633  00000-0 -21677-4 0  9999,2 53750  53.2178  58.5715 0001215  95.5270 264.5861 15.08842082 56243,6917.874,95.437,540.58,538.899,0.0
53750.0,STARLINK-4612,PAYLOAD,2023-09-05 19:30:24,15.08843826,0.0001328,53.2174,55.8964,88.3012,271.8132,4.3838e-05,4.1e-06,0.0,0 STARLINK-4612,1 53750U 22107BC  23248.81278430  .00000410  00000-0  43838-4 0  9999,2 53750  53.2174  55.8964 0001328  88.3012 271.8132 15.08843826 55545,6917.869,95.437,540.652,538.815,0.0
53750.0,STARLINK-4612,PAYLOAD,2023-09-06 14:35:03,15.08822488,0.0001254,53.2177,52.3274,87.8758,272.2378,7.3919e-06,-1.7e-06,0.0,0 STARLINK-4612,1 53750U 22107BC  23249.60768379 -.00000170  00000-0  73919-5 0  9991,2 53750  53.2177  52.3274 0001254  87.8758 272.2378 15.08822488 55664,6917.934,95.439,540.666,538.931,0.0
53750.0,STARLINK-4612,PAYLOAD,2023-09-06 20:56:36,15.0882293,0.0001359,53.2181,51.1367,93.7689,266.3458,-4.5721e-05,-1.015e-05,0.0,0 STARLINK-4612,1 53750U 22107BC  23249.87264769 -.00001015  00000-0 -45721-4 0  9993,2 53750  53.2181  51.1367 0001359  93.7689 266.3458 15.08822930 56491,6917.933,95.439,540.738,538.857,0.0
53750.0,STARLINK-4612,PAYLOAD,2023-09-07 11:15:05,15.08825986,7.27e-05,53.2193,48.4628,87.6181,272.4895,-1.7688e-05,-5.69e-06,0.0,0 STARLINK-4612,1 53750U 22107BC  23250.46880877 -.00000569  00000-0 -17688-4 0  9998,2 53750  53.2193  48.4628 0000727  87.6181 272.4895 15.08825986 56587,6917.923,95.438,540.291,539.285,0.0
53750.0,STARLINK-4612,PAYLOAD,2023-09-07 20:47:23,15.08839661,0.0001593,53.218,46.6788,67.9553,292.1608,5.6261e-05,6.07e-06,0.0,0 STARLINK-4612,1 53750U 22107BC  23250.86624275  .00000607  00000-0  56261-4 0  9991,2 53750  53.2180  46.6788 0001593  67.9553 292.1608 15.08839661 56649,6917.881,95.438,540.848,538.644,0.0
53750.0,STARLINK-4612,PAYLOAD,2023-09-08 03:08:55,15.08843896,0.0001424,53.2163,45.4905,79.4531,280.6622,0.00013176,1.81e-05,0.0,0 STARLINK-4612,1 53750U 22107BC  23251.13119771  .00001810  00000-0  13176-3 0  9996,2 53750  53.2163  45.4905 0001424  79.4531 280.6622 15.08843896 55894,6917.868,95.437,540.719,538.748,0.0
53750.0,STARLINK-4612,PAYLOAD,2023-09-08 14:16:36,15.08851183,0.000101,53.2193,43.4056,75.7342,284.3762,0.00033734,5.087e-05,0.0,0 STARLINK-4612,1 53750U 22107BC  23251.59486682  .00005087  00000-0  33734-3 0  9996,2 53750  53.2193  43.4056 0001010  75.7342 284.3762 15.08851183 56752,6917.846,95.437,540.41,539.013,0.0
53750.0,STARLINK-4612,PAYLOAD,2023-09-08 17:27:22,15.08861021,0.0001007,53.2179,42.8118,80.3198,279.7908,0.00051486,7.92e-05,0.0,0 STARLINK-4612,1 53750U 22107BC  23251.72734848  .00007920  00000-0  51486-3 0  9993,2 53750  53.2179  42.8118 0001007  80.3198 279.7908 15.08861021 55981,6917.816,95.436,540.378,538.985,0.0
53750.0,STARLINK-4612,PAYLOAD,2023-09-08 20:38:08,15.0886837,0.0001045,53.2182,42.2165,80.8738,279.2373,0.0006108,9.454e-05,0.0,0 STARLINK-4612,1 53750U 22107BC  23251.85982484  .00009454  00000-0  61080-3 0  9993,2 53750  53.2182  42.2165 0001045  80.8738 279.2373 15.08868370 56793,6917.794,95.436,540.382,538.936,0.0
53750.0,STARLINK-4612,PAYLOAD,2023-09-09 14:07:23,15.0884894,7.32e-05,53.2181,38.9412,126.4645,233.6415,-0.00014068,-2.526e-05,0.0,0 STARLINK-4612,1 53750U 22107BC  23252.58846592 -.00002526  00000-0 -14068-3 0  9992,2 53750  53.2181  38.9412 0000732 126.4645 233.6415 15.08848940 56900,6917.853,95.437,540.224,539.212,0.0
53750.0,STARLINK-4612,PAYLOAD,2023-09-09 18:53:33,15.08852377,0.0001252,53.2178,38.0538,82.6398,277.4736,8.7036e-05,1.098e-05,0.0,0 STARLINK-4612,1 53750U 22107BC  23252.78718802  .00001098  00000-0  87036-4 0  9993,2 53750  53.2178  38.0538 0001252  82.6398 277.4736 15.08852377 56149,6917.843,95.437,540.574,538.841,0.0
53750.0,STARLINK-4612,PAYLOAD,2023-09-10 09:12:01,15.08843899,0.0001328,53.2174,35.3775,89.525,270.5895,0.0002455,3.622e-05,0.0,0 STARLINK-4612,1 53750U 22107BC  23253.38335012  .00003622  00000-0  24550-3 0  9994,2 53750  53.2174  35.3775 0001328  89.5250 270.5895 15.08843899 56234,6917.868,95.437,540.652,538.815,0.0
53750.0,STARLINK-4612,PAYLOAD,2023-09-10 13:58:10,15.08845847,0.0001286,53.2171,34.4861,89.0942,271.0197,0.00039,5.925e-05,0.0,0 STARLINK-4612,1 53750U 22107BC  23253.58206999  .00005925  00000-0  39000-3 0  9991,2 53750  53.2171  34.4861 0001286  89.0942 271.0197 15.08845847 57050,6917.863,95.437,540.617,538.838,0.0
53750.0,STARLINK-4612,PAYLOAD,2023-09-11 13:48:58,15.08839065,0.0001279,53.2179,30.0237,101.5175,258.5961,0.00011533,1.548e-05,0.0,0 STARLINK-4612,1 53750U 22107BC  23254.57567138  .00001548  00000-0  11533-3 0  9994,2 53750  53.2179  30.0237 0001279 101.5175 258.5961 15.08839065 57208,6917.883,95.438,540.633,538.863,0.0
53750.0,STARLINK-4612,PAYLOAD,2023-09-11 15:24:21,15.08841545,0.0001387,53.2176,29.7277,95.0005,265.1146,0.00016203,2.292e-05,0.0,0 STARLINK-4612,1 53750U 22107BC  23254.64191186  .00002292  00000-0  16203-3 0  9994,2 53750  53.2176  29.7277 0001387  95.0005 265.1146 15.08841545 56421,6917.876,95.437,540.7,538.781,0.0
53750.0,STARLINK-4612,PAYLOAD,2023-09-11 18:35:07,15.08848243,0.0001425,53.2181,29.1321,95.4149,264.7006,0.00028564,4.262e-05,0.0,0 STARLINK-4612,1 53750U 22107BC  23254.77439013  .00004262  00000-0  28564-3 0  9994,2 53750  53.2181  29.1321 0001425  95.4149 264.7006 15.08848243 56441,6917.855,95.437,540.706,538.734,0.0
53750.0,STARLINK-4612,PAYLOAD,2023-09-12 13:39:44,15.08851741,0.0001412,53.2188,25.561,105.9726,254.1421,0.00037058,5.617e-05,0.0,0 STARLINK-4612,1 53750U 22107BC  23255.56926774  .00005617  00000-0  37058-3 0  9990,2 53750  53.2188  25.5610 0001412 105.9726 254.1421 15.08851741 57355,6917.845,95.437,540.686,538.733,0.0
53750.0,STARLINK-4612,PAYLOAD,2023-09-12 15:15:07,15.08854365,0.0001492,53.2186,25.2638,104.9246,255.1911,0.00042186,6.435e-05,0.0,0 STARLINK-4612,1 53750U 22107BC  23255.63550690  .00006435  00000-0  42186-3 0  9995,2 53750  53.2186  25.2638 0001492 104.9246 255.1911 15.08854365 57365,6917.836,95.437,540.734,538.669,0.0
53750.0,STARLINK-4612,PAYLOAD,2023-09-13 08:44:22,15.08852795,0.0001608,53.218,21.997,71.7389,288.3778,0.00035741,5.407e-05,0.0,0 STARLINK-4612,1 53750U 22107BC  23256.36414723  .00005407  00000-0  35741-3 0  9999,2 53750  53.2180  21.9970 0001608  71.7389 288.3778 15.08852795 56687,6917.841,95.437,540.819,538.594,0.0
53750.0,STARLINK-4612,PAYLOAD,2023-09-13 13:30:31,15.0885278,0.0001437,53.2185,21.1037,85.736,274.3796,0.0002901,4.334e-05,0.0,0 STARLINK-4612,1 53750U 22107BC  23256.56286442  .00004334  00000-0  29010-3 0  9996,2 53750  53.2185  21.1037 0001437  85.7360 274.3796 15.08852780 57503,6917.841,95.437,540.7,538.712,0.0
53750.0,STARLINK-4612,PAYLOAD,2023-09-13 19:52:03,15.08862559,0.0001553,53.2196,19.9129,105.0716,255.0448,0.00038042,5.775e-05,0.0,0 STARLINK-4612,1 53750U 22107BC  23256.82781697  .00005775  00000-0  38042-3 0  9992,2 53750  53.2196  19.9129 0001553 105.0716 255.0448 15.08862559 57541,6917.811,95.436,540.751,538.602,0.0
53750.0,STARLINK-4612,PAYLOAD,2023-09-14 08:35:10,15.08821211,0.0001594,53.2187,17.5353,88.3947,271.7228,-0.00038094,-6.342e-05,0.0,0 STARLINK-4612,1 53750U 22107BC  23257.35775666 -.00006342  00000-0 -38094-3 0  9990,2 53750  53.2187  17.5353 0001594  88.3947 271.7228 15.08821211 56830,6917.938,95.439,540.906,538.7,0.0
53750.0,STARLINK-4612,PAYLOAD,2023-09-14 13:21:19,15.08820265,0.0001557,53.2189,16.6447,82.6007,277.5163,-0.0003453,-5.776e-05,0.0,0 STARLINK-4612,1 53750U 22107BC  23257.55647930 -.00005776  00000-0 -34530-3 0  9995,2 53750  53.2189  16.6447 0001557  82.6007 277.5163 15.08820265 57650,6917.941,95.439,540.883,538.729,0.0
53750.0,STARLINK-4612,PAYLOAD,2023-09-15 00:29:02,15.08824848,0.0001709,53.2211,14.5645,103.1879,256.9304,-8.7213e-05,-1.675e-05,0.0,0 STARLINK-4612,1 53750U 22107BC  23258.02016232 -.00001675  00000-0 -87213-4 0  9994,2 53750  53.2211  14.5645 0001709 103.1879 256.9304 15.08824848 56937,6917.927,95.439,540.974,538.609,0.0
53750.0,STARLINK-4612,PAYLOAD,2023-09-15 13:12:06,15.08848259,0.0001486,53.22,12.1841,90.1156,270.0006,0.00043229,6.6e-05,0.0,0 STARLINK-4612,1 53750U 22107BC  23258.55007677  .00006600  00000-0  43229-3 0  9994,2 53750  53.2200  12.1841 0001486  90.1156 270.0006 15.08848259 57807,6917.855,95.437,540.748,538.692,0.0
53750.0,STARLINK-4612,PAYLOAD,2023-09-15 16:22:53,15.08859198,0.000144,53.2196,11.5896,72.2049,287.91,0.0012224,0.0001923,0.0,0 STARLINK-4612,1 53750U 22107BC  23258.68256012  .00019230  00000-0  12224-2 0  9990,2 53750  53.2196  11.5896 0001440  72.2049 287.9100 15.08859198 57037,6917.822,95.436,540.683,538.691,0.0
53750.0,STARLINK-4612,PAYLOAD,2023-09-16 00:19:48,15.08850141,0.0001355,53.2202,10.1009,82.2082,277.9064,0.00057628,8.898e-05,0.0,0 STARLINK-4612,1 53750U 22107BC  23259.01375942  .00008898  00000-0  57628-3 0  9998,2 53750  53.2202  10.1009 0001355  82.2082 277.9064 15.08850141 57081,6917.849,95.437,540.652,538.777,0.0
53750.0,STARLINK-4612,PAYLOAD,2023-09-16 13:02:53,15.08842719,0.0001691,53.2208,7.7225,75.6896,284.4284,-5.2388e-05,-1.122e-05,0.0,0 STARLINK-4612,1 53750U 22107BC  23259.54367969 -.00001122  00000-0 -52388-4 0  9990,2 53750  53.2208   7.7225 0001691  75.6896 284.4284 15.08842719 57956,6917.872,95.437,540.907,538.567,0.0
53750.0,STARLINK-4612,PAYLOAD,2023-09-16 16:13:40,15.08844336,0.0001718,53.2208,7.128,77.1245,282.9939,0.00029851,4.466e-05,0.0,0 STARLINK-4612,1 53750U 22107BC  23259.67616137  .00004466  00000-0  29851-3 0  9998,2 53750  53.2208   7.1280 0001718  77.1245 282.9939 15.08844336 57188,6917.867,95.437,540.921,538.544,0.0
53750.0,STARLINK-4612,PAYLOAD,2023-09-17 12:53:40,15.08847591,0.0001496,53.2188,3.2648,83.0541,277.0622,0.00012955,1.775e-05,0.0,0 STARLINK-4612,1 53750U 22107BC  23260.53727783  .00001775  00000-0  12955-3 0  9992,2 53750  53.2188   3.2648 0001496  83.0541 277.0622 15.08847591 58101,6917.857,95.437,540.757,538.687,0.0
53750.0,STARLINK-4612,PAYLOAD,2023-09-18 00:01:22,15.08842273,0.0001315,53.2197,1.1797,87.8635,272.2508,7.1578e-05,8.52e-06,0.0,0 STARLINK-4612,1 53750U 22107BC  23261.00095818  .00000852  00000-0  71578-4 0  9994,2 53750  53.2197   1.1797 0001315  87.8635 272.2508 15.08842273 57380,6917.873,95.437,540.648,538.829,0.0
53750.0,STARLINK-4612,PAYLOAD,2023-09-18 12:44:28,15.08842233,0.0001452,53.2178,358.8044,89.9434,270.1725,8.2723e-05,1.029e-05,0.0,0 STARLINK-4612,1 53750U 22107BC  23261.53087967  .00001029  00000-0  82723-4 0  9999,2 53750  53.2178 358.8044 0001452  89.9434 270.1725 15.08842233 58259,6917.874,95.437,540.743,538.734,0.0
53750.0,STARLINK-4612,PAYLOAD,2023-09-18 19:05:59,15.08858609,0.0001359,53.2184,357.6136,92.0818,268.033,0.00042541,6.492e-05,0.0,0 STARLINK-4612,1 53750U 22107BC  23261.79583325  .00006492  00000-0  42541-3 0  9998,2 53750  53.2184 357.6136 0001359  92.0818 268.0330 15.08858609 58298,6917.824,95.436,540.629,538.748,0.0
53750.0,STARLINK-4612,PAYLOAD,2023-09-19 06:13:42,15.08843338,8.33e-05,53.2182,355.5343,102.8205,257.288,0.00016031,2.265e-05,0.0,0 STARLINK-4612,1 53750U 22107BC  23262.25951682  .00002265  00000-0  16031-3 0  9994,2 53750  53.2182 355.5343 0000833 102.8205 257.2880 15.08843338 57572,6917.87,95.437,540.311,539.159,0.0
53750.0,STARLINK-4612,PAYLOAD,2023-09-19 14:10:37,15.08879268,0.0001486,53.2179,354.0472,92.117,267.9992,0.0014295,0.0002256,0.0,0 STARLINK-4612,1 53750U 22107BC  23262.59070901  .00022560  00000-0  14295-2 0  9996,2 53750  53.2179 354.0472 0001486  92.1170 267.9992 15.08879268 57621,6917.76,95.435,540.653,538.597,0.0
53750.0,STARLINK-4612,PAYLOAD,2023-09-20 12:26:02,15.08816273,0.0001364,53.2178,349.8834,66.914,293.1995,0.0014412,0.00022708,0.0,0 STARLINK-4612,1 53750U 22107BC  23263.51808643  .00022708  00000-0  14412-2 0  9996,2 53750  53.2178 349.8834 0001364  66.9140 293.1995 15.08816273 57761,6917.953,95.439,540.762,538.874,0.0
53750.0,STARLINK-4612,PAYLOAD,2023-09-21 12:16:49,15.08865953,0.0001556,53.2184,345.4235,64.4006,295.7147,0.0016189,0.00025589,0.0,0 STARLINK-4612,1 53750U 22107BC  23264.51168681  .00025589  00000-0  16189-2 0  9991,2 53750  53.2184 345.4235 0001556  64.4006 295.7147 15.08865953 58703,6917.801,95.436,540.742,538.59,0.0
53750.0,STARLINK-4612,PAYLOAD,2023-09-21 15:27:35,15.0887249,0.000155,53.2183,344.8283,63.7477,296.3674,0.0015719,0.0002484,0.0,0 STARLINK-4612,1 53750U 22107BC  23264.64416398  .00024840  00000-0  15719-2 0  9993,2 53750  53.2183 344.8283 0001550  63.7477 296.3674 15.08872490 57936,6917.781,95.435,540.718,538.574,0.0
53750.0,STARLINK-4612,PAYLOAD,2023-09-22 10:32:13,15.08856731,0.0001418,53.2183,341.2603,73.857,286.2578,0.0013594,0.00021423,0.0,0 STARLINK-4612,1 53750U 22107BC  23265.43904406  .00021423  00000-0  13594-2 0  9996,2 53750  53.2183 341.2603 0001418  73.8570 286.2578 15.08856731 58057,6917.829,95.436,540.675,538.713,0.0
53750.0,STARLINK-4612,PAYLOAD,2023-09-22 12:07:36,15.08859197,0.0001433,53.2182,340.9631,68.7861,291.3284,0.0015515,0.00024503,0.0,0 STARLINK-4612,1 53750U 22107BC  23265.50528363  .00024503  00000-0  15515-2 0  9995,2 53750  53.2182 340.9631 0001433  68.7861 291.3284 15.08859197 58854,6917.822,95.436,540.678,538.695,0.0
53750.0,STARLINK-4612,PAYLOAD,2023-09-22 21:39:55,15.08853916,0.0001619,53.2194,339.1751,79.8012,280.3163,0.0012915,0.00020334,0.0,0 STARLINK-4612,1 53750U 22107BC  23265.90272334  .00020334  00000-0  12915-2 0  9992,2 53750  53.2194 339.1751 0001619  79.8012 280.3163 15.08853916 58911,6917.838,95.437,540.823,538.583,0.0
53750.0,STARLINK-4612,PAYLOAD,2023-09-23 10:23:00,15.08844495,0.0001613,53.2186,336.7992,92.1984,267.9193,0.00056727,8.753e-05,0.0,0 STARLINK-4612,1 53750U 22107BC  23266.43264283  .00008753  00000-0  56727-3 0  9996,2 53750  53.2186 336.7992 0001613  92.1984 267.9193 15.08844495 58200,6917.867,95.437,540.848,538.616,0.0
53750.0,STARLINK-4612,PAYLOAD,2023-09-23 13:33:46,15.08851982,0.0001544,53.2187,336.2055,82.8456,277.2712,0.00055139,8.501e-05,0.0,0 STARLINK-4612,1 53750U 22107BC  23266.56512061  .00008501  00000-0  55139-3 0  9997,2 53750  53.2187 336.2055 0001544  82.8456 277.2712 15.08851982 59019,6917.844,95.437,540.777,538.641,0.0
53750.0,STARLINK-4612,PAYLOAD,2023-09-23 21:30:42,15.08842048,0.0001449,53.2193,334.7149,89.586,270.5298,0.00023786,3.5e-05,0.0,0 STARLINK-4612,1 53750U 22107BC  23266.89632215  .00003500  00000-0  23786-3 0  9994,2 53750  53.2193 334.7149 0001449  89.5860 270.5298 15.08842048 58275,6917.874,95.437,540.742,538.737,0.0
53750.0,STARLINK-4612,PAYLOAD,2023-09-24 11:49:10,15.08845499,0.0001598,53.2188,332.0449,90.8487,269.2688,0.0001511,2.118e-05,0.0,0 STARLINK-4612,1 53750U 22107BC  23267.49248318  .00002118  00000-0  15110-3 0  9994,2 53750  53.2188 332.0449 0001598  90.8487 269.2688 15.08845499 59157,6917.864,95.437,540.834,538.623,0.0
53750.0,STARLINK-4612,PAYLOAD,2023-09-25 10:04:34,15.0884773,0.000155,53.2176,327.8795,82.516,277.6008,0.00024616,3.633e-05,0.0,0 STARLINK-4612,1 53750U 22107BC  23268.41984390  .00003633  00000-0  24616-3 0  9998,2 53750  53.2176 327.8795 0001550  82.5160 277.6008 15.08847730 58501,6917.857,95.437,540.794,538.649,0.0
53750.0,STARLINK-4612,PAYLOAD,2023-09-25 11:39:57,15.0885026,0.0001698,53.2187,327.5818,77.3345,282.7837,0.00031035,4.656e-05,0.0,0 STARLINK-4612,1 53750U 22107BC  23268.48608399  .00004656  00000-0  31035-3 0  9996,2 53750  53.2187 327.5818 0001698  77.3345 282.7837 15.08850260 59304,6917.849,95.437,540.889,538.539,0.0
53750.0,STARLINK-4612,PAYLOAD,2023-09-26 09:55:21,15.08842465,0.0001736,53.2178,323.4194,74.7703,285.3481,0.00017624,2.518e-05,0.0,0 STARLINK-4612,1 53750U 22107BC  23269.41344742  .00002518  00000-0  17624-3 0  9992,2 53750  53.2178 323.4194 0001736  74.7703 285.3481 15.08842465 58657,6917.873,95.437,540.939,538.537,0.0
53750.0,STARLINK-4612,PAYLOAD,2023-09-26 13:06:07,15.08850543,0.0001686,53.2183,322.8216,78.874,281.2442,0.00029797,4.459e-05,0.0,0 STARLINK-4612,1 53750U 22107BC  23269.54592403  .00004459  00000-0  29797-3 0  9995,2 53750  53.2183 322.8216 0001686  78.8740 281.2442 15.08850543 59469,6917.848,95.437,540.88,538.547,0.0
53750.0,STARLINK-4612,PAYLOAD,2023-09-27 09:46:08,15.08844727,0.000164,53.2176,318.9546,102.211,257.9065,9.8459e-05,1.279e-05,0.0,0 STARLINK-4612,1 53750U 22107BC  23270.40704369  .00001279  00000-0  98459-4 0  9997,2 53750  53.2176 318.9546 0001640 102.2110 257.9065 15.08844727 58801,6917.866,95.437,540.865,538.596,0.0
53750.0,STARLINK-4612,PAYLOAD,2023-09-28 00:04:37,15.08836624,0.0001539,53.2165,316.28,110.1136,250.0022,-6.2153e-05,-1.277e-05,0.0,0 STARLINK-4612,1 53750U 22107BC  23271.00320800 -.00001277  00000-0 -62153-4 0  9990,2 53750  53.2165 316.2800 0001539 110.1136 250.0022 15.08836624 58899,6917.891,95.438,540.82,538.691,0.0
53750.0,STARLINK-4612,PAYLOAD,2023-09-28 12:47:42,15.08835994,0.0001581,53.2172,313.8991,113.303,246.8128,-9.4475e-05,-1.791e-05,0.0,0 STARLINK-4612,1 53750U 22107BC  23271.53313508 -.00001791  00000-0 -94475-4 0  9998,2 53750  53.2172 313.8991 0001581 113.3030 246.8128 15.08835994 59762,6917.893,95.438,540.851,538.664,0.0
53750.0,STARLINK-4612,PAYLOAD,2023-09-29 11:03:05,15.08843694,0.0001554,53.2172,309.738,103.5617,256.5548,0.00013708,1.895e-05,0.0,0 STARLINK-4612,1 53750U 22107BC  23272.46048600  .00001895  00000-0  13708-3 0  9991,2 53750  53.2172 309.7380 0001554 103.5617 256.5548 15.08843694 59119,6917.869,95.437,540.809,538.659,0.0
53750.0,STARLINK-4612,PAYLOAD,2023-09-29 23:46:11,15.08837455,0.0001543,53.2171,307.3592,100.1454,259.9712,0.00019863,2.874e-05,0.0,0 STARLINK-4612,1 53750U 22107BC  23272.99040861  .00002874  00000-0  19863-3 0  9996,2 53750  53.2171 307.3592 0001543 100.1454 259.9712 15.08837455 59193,6917.888,95.438,540.821,538.686,0.0
53750.0,STARLINK-4612,PAYLOAD,2023-10-01 10:44:40,15.08845257,0.0001675,53.2177,300.8216,95.0127,265.1057,-7.3811e-06,-4.06e-06,0.0,0 STARLINK-4612,1 53750U 22107BC  23274.44769136 -.00000406  00000-0 -73811-5 0  9997,2 53750  53.2177 300.8216 0001675  95.0127 265.1057 15.08845257 59410,6917.864,95.437,540.888,538.571,0.0
53750.0,STARLINK-4612,PAYLOAD,2023-10-01 18:41:36,15.08838976,0.0001402,53.2171,299.3312,90.6378,269.4775,-3.6047e-06,-3.45e-06,0.0,0 STARLINK-4612,1 53750U 22107BC  23274.77889340 -.00000345  00000-0 -36047-5 0  9995,2 53750  53.2171 299.3312 0001402  90.6378 269.4775 15.08838976 60258,6917.884,95.438,540.718,538.779,0.0
53750.0,STARLINK-4612,PAYLOAD,2023-10-02 09:00:05,15.08826807,0.0001553,53.2174,296.6574,90.1174,269.9996,-0.00011029,-2.042e-05,0.0,0 STARLINK-4612,1 53750U 22107BC  23275.37506881 -.00002042  00000-0 -11029-3 0  9995,2 53750  53.2174 296.6574 0001553  90.1174 269.9996 15.08826807 59558,6917.921,95.438,540.86,538.711,0.0
53750.0,STARLINK-4612,PAYLOAD,2023-10-02 18:32:24,15.0883345,0.0001546,53.2174,294.873,87.9225,272.1944,2.1788e-05,5.9e-07,0.0,0 STARLINK-4612,1 53750U 22107BC  23275.77250363  .00000059  00000-0  21788-4 0  9998,2 53750  53.2174 294.8730 0001546  87.9225 272.1944 15.08833450 59613,6917.9,95.438,540.835,538.696,0.0
53750.0,STARLINK-4612,PAYLOAD,2023-10-03 02:29:19,15.08845789,0.000152,53.2165,293.3845,86.8006,273.316,0.0003288,4.95e-05,0.0,0 STARLINK-4612,1 53750U 22107BC  23276.10369650  .00004950  00000-0  32880-3 0  9994,2 53750  53.2165 293.3845 0001520  86.8006 273.3160 15.08845789 59667,6917.863,95.437,540.779,538.676,0.0
53750.0,STARLINK-4612,PAYLOAD,2023-10-03 08:50:51,15.08860078,0.0001619,53.2161,292.1952,90.3575,269.7602,0.00080428,0.00012542,0.0,0 STARLINK-4612,1 53750U 22107BC  23276.36865529  .00012542  00000-0  80428-3 0  9995,2 53750  53.2161 292.1952 0001619  90.3575 269.7602 15.08860078 60490,6917.819,95.436,540.804,538.564,0.0
53750.0,STARLINK-4612,PAYLOAD,2023-10-04 18:13:57,15.0885649,0.0001926,53.2162,285.9498,86.591,273.5302,0.000542,8.352e-05,0.0,0 STARLINK-4612,1 53750U 22107BC  23277.75969723  .00008352  00000-0  54200-3 0  9993,2 53750  53.2162 285.9498 0001926  86.5910 273.5302 15.08856490 59915,6917.83,95.437,541.027,538.363,0.0
53750.0,STARLINK-4612,PAYLOAD,2023-10-05 00:35:30,15.08841664,0.000181,53.2157,284.7608,88.8367,271.2833,0.00027983,4.168e-05,0.0,0 STARLINK-4612,1 53750U 22107BC  23278.02465571  .00004168  00000-0  27983-3 0  9995,2 53750  53.2157 284.7608 0001810  88.8367 271.2833 15.08841664 59957,6917.875,95.437,540.992,538.488,0.0
53750.0,STARLINK-4612,PAYLOAD,2023-10-05 10:07:48,15.08852559,0.0001875,53.2157,282.9759,93.951,266.1696,0.00022798,3.343e-05,0.0,0 STARLINK-4612,1 53750U 22107BC  23278.42209400  .00003343  00000-0  22798-3 0  9999,2 53750  53.2157 282.9759 0001875  93.9510 266.1696 15.08852559 60803,6917.842,95.437,541.004,538.41,0.0
53750.0,STARLINK-4612,PAYLOAD,2023-10-05 18:04:44,15.08836832,0.0001808,53.2177,281.4878,96.0786,264.0412,-6.9873e-07,-2.99e-06,0.0,0 STARLINK-4612,1 53750U 22107BC  23278.75329651 -.00000299  00000-0 -69873-6 0  9993,2 53750  53.2177 281.4878 0001808  96.0786 264.0412 15.08836832 60063,6917.89,95.438,541.006,538.504,0.0
53750.0,STARLINK-4612,PAYLOAD,2023-10-06 06:47:50,15.08845655,0.0001718,53.2159,279.1102,95.1952,264.9236,0.00031847,4.785e-05,0.0,0 STARLINK-4612,1 53750U 22107BC  23279.28321782  .00004785  00000-0  31847-3 0  9998,2 53750  53.2159 279.1102 0001718  95.1952 264.9236 15.08845655 60934,6917.863,95.437,540.917,538.54,0.0
53750.0,STARLINK-4612,PAYLOAD,2023-10-07 00:17:04,15.08837283,0.0001676,53.2158,275.8398,90.2625,269.8559,0.00013477,1.857e-05,0.0,0 STARLINK-4612,1 53750U 22107BC  23280.01186262  .00001857  00000-0  13477-3 0  9999,2 53750  53.2158 275.8398 0001676  90.2625 269.8559 15.08837283 60254,6917.889,95.438,540.913,538.594,0.0
53750.0,STARLINK-4612,PAYLOAD,2023-10-07 09:49:23,15.08841743,0.0001644,53.2161,274.0559,86.6388,273.4792,0.00014556,2.029e-05,0.0,0 STARLINK-4612,1 53750U 22107BC  23280.40930125  .00002029  00000-0  14556-3 0  9998,2 53750  53.2161 274.0559 0001644  86.6388 273.4792 15.08841743 61109,6917.875,95.437,540.877,538.603,0.0
53750.0,STARLINK-4612,PAYLOAD,2023-10-08 03:18:38,15.08841594,0.0001533,53.2153,270.7832,89.7492,270.3676,0.00015986,2.257e-05,0.0,0 STARLINK-4612,1 53750U 22107BC  23281.13794305  .00002257  00000-0  15986-3 0  9998,2 53750  53.2153 270.7832 0001533  89.7492 270.3676 15.08841594 60429,6917.876,95.437,540.801,538.68,0.0
53750.0,STARLINK-4612,PAYLOAD,2023-10-08 06:29:24,15.08849694,0.0001509,53.2153,270.1882,87.5149,272.6016,0.00032999,4.969e-05,0.0,0 STARLINK-4612,1 53750U 22107BC  23281.27041963  .00004969  00000-0  32999-3 0  9993,2 53750  53.2153 270.1882 0001509  87.5149 272.6016 15.08849694 61238,6917.851,95.437,540.76,538.672,0.0
53750.0,STARLINK-4612,PAYLOAD,2023-10-09 03:09:25,15.08841577,0.0001643,53.2159,266.3256,92.7257,267.3923,0.00012783,1.747e-05,0.0,0 STARLINK-4612,1 53750U 22107BC  23282.13154325  .00001747  00000-0  12783-3 0  9996,2 53750  53.2159 266.3256 0001643  92.7257 267.3923 15.08841577 60579,6917.876,95.437,540.877,538.604,0.0
53750.0,STARLINK-4612,PAYLOAD,2023-10-09 06:20:11,15.08842817,0.0001757,53.2173,265.7336,104.9464,255.1722,0.0001241,1.688e-05,0.0,0 STARLINK-4612,1 53750U 22107BC  23282.26402217  .00001688  00000-0  12410-3 0  9997,2 53750  53.2173 265.7336 0001757 104.9464 255.1722 15.08842817 61389,6917.872,95.437,540.952,538.521,0.0
53750.0,STARLINK-4612,PAYLOAD,2023-10-09 22:14:02,15.08843097,0.0001368,53.216,262.758,86.6134,273.5015,0.00013315,1.832e-05,0.0,0 STARLINK-4612,1 53750U 22107BC  23282.92642190  .00001832  00000-0  13315-3 0  9992,2 53750  53.2160 262.7580 0001368  86.6134 273.5015 15.08843097 61482,6917.871,95.437,540.682,538.79,0.0
53750.0,STARLINK-4612,PAYLOAD,2023-10-10 06:10:58,15.08843126,0.0001636,53.2166,261.2704,89.4849,270.6331,5.4101e-05,5.73e-06,0.0,0 STARLINK-4612,1 53750U 22107BC  23283.25762256  .00000573  00000-0  54101-4 0  9995,2 53750  53.2166 261.2704 0001636  89.4849 270.6331 15.08843126 60742,6917.871,95.437,540.868,538.604,0.0
53750.0,STARLINK-4612,PAYLOAD,2023-10-10 22:04:50,15.08836676,0.0001473,53.2165,258.2971,97.5865,262.5295,5.2759e-06,-2.04e-06,0.0,0 STARLINK-4612,1 53750U 22107BC  23283.92002795 -.00000204  00000-0  52759-5 0  9994,2 53750  53.2165 258.2971 0001473  97.5865 262.5295 15.08836676 61630,6917.891,95.438,540.775,538.737,0.0
53750.0,STARLINK-4612,PAYLOAD,2023-10-11 02:50:59,15.0883628,0.0001469,53.2162,257.4044,91.4487,268.6673,-5.9377e-06,-3.82e-06,0.0,0 STARLINK-4612,1 53750U 22107BC  23284.11874862 -.00000382  00000-0 -59377-5 0  9999,2 53750  53.2162 257.4044 0001469  91.4487 268.6673 15.08836280 60870,6917.892,95.438,540.773,538.741,0.0
53750.0,STARLINK-4612,PAYLOAD,2023-10-11 07:37:08,15.08846279,0.0001485,53.217,256.5107,103.2952,256.8206,0.00010887,1.445e-05,0.0,0 STARLINK-4612,1 53750U 22107BC  23284.31746336  .00001445  00000-0  10887-3 0  9995,2 53750  53.2170 256.5107 0001485 103.2952 256.8206 15.08846279 60900,6917.861,95.437,540.753,538.699,0.0
53750.0,STARLINK-4612,PAYLOAD,2023-10-11 15:34:05,15.08834886,0.0001599,53.2171,255.024,92.8461,267.2714,-5.8652e-05,-1.221e-05,0.0,0 STARLINK-4612,1 53750U 22107BC  23284.64867116 -.00001221  00000-0 -58652-4 0  9998,2 53750  53.2171 255.0240 0001599  92.8461 267.2714 15.08834886 60953,6917.896,95.438,540.867,538.655,0.0
53750.0,STARLINK-4612,PAYLOAD,2023-10-12 07:27:56,15.08847005,0.000149,53.2165,252.0499,96.0068,264.1094,0.00023163,3.401e-05,0.0,0 STARLINK-4612,1 53750U 22107BC  23285.31106787  .00003401  00000-0  23163-3 0  9991,2 53750  53.2165 252.0499 0001490  96.0068 264.1094 15.08847005 61841,6917.859,95.437,540.755,538.693,0.0
53750.0,STARLINK-4612,PAYLOAD,2023-10-12 15:24:52,15.08840715,0.000155,53.2174,250.5632,91.0902,269.0267,0.00018026,2.582e-05,0.0,0 STARLINK-4612,1 53750U 22107BC  23285.64227276  .00002582  00000-0  18026-3 0  9995,2 53750  53.2174 250.5632 0001550  91.0902 269.0267 15.08840715 61894,6917.878,95.438,540.815,538.671,0.0
53750.0,STARLINK-4612,PAYLOAD,2023-10-13 04:07:57,15.08846978,0.0001718,53.2178,248.1831,104.6164,255.5018,0.00016314,2.31e-05,0.0,0 STARLINK-4612,1 53750U 22107BC  23286.17218983  .00002310  00000-0  16314-3 0  9996,2 53750  53.2178 248.1831 0001718 104.6164 255.5018 15.08846978 61182,6917.859,95.437,540.913,538.536,0.0
53750.0,STARLINK-4612,PAYLOAD,2023-10-13 21:37:11,15.08847667,0.0001488,53.2172,244.9138,92.6392,267.477,0.00023343,3.43e-05,0.0,0 STARLINK-4612,1 53750U 22107BC  23286.90082905  .00003430  00000-0  23343-3 0  9994,2 53750  53.2172 244.9138 0001488  92.6392 267.4770 15.08847667 62086,6917.857,95.437,540.751,538.693,0.0
53750.0,STARLINK-4612,PAYLOAD,2023-10-14 07:09:29,15.08864688,0.0001474,53.2173,243.1281,98.766,261.3499,0.00046434,7.115e-05,0.0,0 STARLINK-4612,1 53750U 22107BC  23287.29825943  .00007115  00000-0  46434-3 0  9994,2 53750  53.2173 243.1281 0001474  98.7660 261.3499 15.08864688 61359,6917.805,95.436,540.69,538.65,0.0
53750.0,STARLINK-4612,PAYLOAD,2023-10-14 21:27:58,15.08831899,0.0001574,53.2178,240.4519,99.0981,261.0189,-0.00016916,-2.979e-05,0.0,0 STARLINK-4612,1 53750U 22107BC  23287.89443238 -.00002979  00000-0 -16916-3 0  9990,2 53750  53.2178 240.4519 0001574  99.0981 261.0189 15.08831899 61440,6917.905,95.438,540.859,538.681,0.0
53750.0,STARLINK-4612,PAYLOAD,2023-10-15 13:21:50,15.08837279,0.0001329,53.2176,237.4785,84.7939,275.3205,5.1465e-05,5.31e-06,0.0,0 STARLINK-4612,1 53750U 22107BC  23288.55683553  .00000531  00000-0  51465-4 0  9999,2 53750  53.2176 237.4785 0001329  84.7939 275.3205 15.08837279 62335,6917.889,95.438,540.673,538.834,0.0
53750.0,STARLINK-4612,PAYLOAD,2023-10-15 21:18:46,15.08836326,0.0001292,53.2175,235.9917,93.3502,266.7638,1.5618e-05,-3.9e-07,0.0,0 STARLINK-4612,1 53750U 22107BC  23288.88803577 -.00000039  00000-0  15618-4 0  9999,2 53750  53.2175 235.9917 0001292  93.3502 266.7638 15.08836326 62386,6917.892,95.438,540.65,538.863,0.0
53750.0,STARLINK-4612,PAYLOAD,2023-10-16 06:51:04,15.08855856,0.0001313,53.217,234.2095,86.2783,273.8359,0.00091338,0.00014285,0.0,0 STARLINK-4612,1 53750U 22107BC  23289.28547428  .00014285  00000-0  91338-3 0  9993,2 53750  53.2170 234.2095 0001313  86.2783 273.8359 15.08855856 61653,6917.832,95.437,540.605,538.789,0.0
53750.0,STARLINK-4612,PAYLOAD,2023-10-16 21:09:33,15.08844824,9.34e-05,53.2166,231.5348,80.6472,279.4626,0.00028841,4.306e-05,0.0,0 STARLINK-4612,1 53750U 22107BC  23289.88163584  .00004306  00000-0  28841-3 0  9998,2 53750  53.2166 231.5348 0000934  80.6472 279.4626 15.08844824 62530,6917.866,95.437,540.377,539.085,0.0
53750.0,STARLINK-4612,PAYLOAD,2023-10-17 13:03:24,15.08852053,0.0002218,53.2166,228.5603,83.0448,277.0796,0.00072739,0.00011311,0.0,0 STARLINK-4612,1 53750U 22107BC  23290.54403397  .00011311  00000-0  72739-3 0  9991,2 53750  53.2166 228.5603 0002218  83.0448 277.0796 15.08852053 62633,6917.844,95.437,541.243,538.174,0.0
53750.0,STARLINK-4612,PAYLOAD,2023-10-18 01:46:29,15.08843453,0.0001354,53.2164,226.1815,90.4952,269.6196,0.0013947,0.0002198,0.0,0 STARLINK-4612,1 53750U 22107BC  23291.07395602  .00021980  00000-0  13947-2 0  9997,2 53750  53.2164 226.1815 0001354  90.4952 269.6196 15.08843453 62716,6917.87,95.437,540.672,538.798,0.0
53750.0,STARLINK-4612,PAYLOAD,2023-10-18 04:57:16,15.0884493,0.0001344,53.2164,225.587,90.0182,270.0964,0.0017321,0.0002739,0.0,0 STARLINK-4612,1 53750U 22107BC  23291.20643564  .00027390  00000-0  17321-2 0  9996,2 53750  53.2164 225.5870 0001344  90.0182 270.0964 15.08844930 61944,6917.865,95.437,540.66,538.801,0.0
53750.0,STARLINK-4612,PAYLOAD,2023-10-19 03:12:40,15.08863403,0.0001435,53.2167,221.4234,90.3084,269.8072,0.0020025,0.00031746,0.0,0 STARLINK-4612,1 53750U 22107BC  23292.13379767  .00031746  00000-0  20025-2 0  9995,2 53750  53.2167 221.4234 0001435  90.3084 269.8072 15.08863403 62089,6917.809,95.436,540.667,538.681,0.0
53750.0,STARLINK-4612,PAYLOAD,2023-10-20 01:28:03,15.08869897,0.0001445,53.2164,217.2596,101.8539,258.2616,0.0012856,0.00020248,0.0,0 STARLINK-4612,1 53750U 22107BC  23293.06115099  .00020248  00000-0  12856-2 0  9992,2 53750  53.2164 217.2596 0001445 101.8539 258.2616 15.08869897 62229,6917.789,95.436,540.654,538.654,0.0
53750.0,STARLINK-4612,PAYLOAD,2023-10-20 04:38:49,15.08874694,0.0001421,53.2165,216.6649,102.5203,257.5949,0.0011794,0.0001855,0.0,0 STARLINK-4612,1 53750U 22107BC  23293.19362767  .00018550  00000-0  11794-2 0  9995,2 53750  53.2165 216.6649 0001421 102.5203 257.5949 15.08874694 63034,6917.774,95.435,540.622,538.656,0.0
53750.0,STARLINK-4612,PAYLOAD,2023-10-20 18:57:18,15.08825586,0.0001497,53.217,213.9903,87.5258,272.5905,0.0011216,0.000176,0.0,0 STARLINK-4612,1 53750U 22107BC  23293.78979947  .00017600  00000-0  11216-2 0  9998,2 53750  53.2170 213.9903 0001497  87.5258 272.5905 15.08825586 62335,6917.924,95.438,540.825,538.754,0.0
53750.0,STARLINK-4612,PAYLOAD,2023-10-20 22:08:05,15.08824359,0.000122,53.2172,213.3947,82.6688,277.4443,0.00086093,0.00013434,0.0,0 STARLINK-4612,1 53750U 22107BC  23293.92228132  .00013434  00000-0  86093-3 0  9994,2 53750  53.2172 213.3947 0001220  82.6688 277.4443 15.08824359 63144,6917.928,95.439,540.637,538.949,0.0
53750.0,STARLINK-4612,PAYLOAD,2023-10-21 04:29:37,15.08831811,0.0001439,53.2168,212.2048,81.0695,279.046,0.00052897,8.139e-05,0.0,0 STARLINK-4612,1 53750U 22107BC  23294.18724257  .00008139  00000-0  52897-3 0  9993,2 53750  53.2168 212.2048 0001439  81.0695 279.0460 15.08831811 62396,6917.905,95.438,540.766,538.775,0.0
53750.0,STARLINK-4612,PAYLOAD,2023-10-21 18:48:05,15.08854561,0.0001345,53.2177,209.5285,88.8726,271.2421,0.00078568,0.00012243,0.0,0 STARLINK-4612,1 53750U 22107BC  23294.78339735  .00012243  00000-0  78568-3 0  9996,2 53750  53.2177 209.5285 0001345  88.8726 271.2421 15.08854561 62482,6917.836,95.437,540.631,538.77,0.0
53750.0,STARLINK-4612,PAYLOAD,2023-10-21 21:58:51,15.08866862,0.0001371,53.2171,208.9338,95.7591,264.3557,0.0012029,0.00018922,0.0,0 STARLINK-4612,1 53750U 22107BC  23294.91587431  .00018922  00000-0  12029-2 0  9998,2 53750  53.2171 208.9338 0001371  95.7591 264.3557 15.08866862 63294,6917.798,95.436,540.612,538.715,0.0
53750.0,STARLINK-4612,PAYLOAD,2023-10-22 04:20:23,15.0888789,0.0001393,53.2171,207.7449,86.558,273.5572,0.0011464,0.00018028,0.0,0 STARLINK-4612,1 53750U 22107BC  23295.18082534  .00018028  00000-0  11464-2 0  9991,2 53750  53.2171 207.7449 0001393  86.5580 273.5572 15.08887890 62544,6917.734,95.435,540.563,538.635,0.0
53750.0,STARLINK-4612,PAYLOAD,2023-10-22 21:49:39,15.08827934,0.0001338,53.2167,204.4739,70.8437,289.2699,0.0010783,0.00016909,0.0,0 STARLINK-4612,1 53750U 22107BC  23295.90948090  .00016909  00000-0  10783-2 0  9998,2 53750  53.2167 204.4739 0001338  70.8437 289.2699 15.08827934 63448,6917.917,95.438,540.708,538.857,0.0
53750.0,STARLINK-4612,PAYLOAD,2023-10-23 01:00:25,15.08820643,0.0001444,53.217,203.8794,66.2535,293.8608,0.0011048,0.00017329,0.0,0 STARLINK-4612,1 53750U 22107BC  23296.04196404  .00017329  00000-0  11048-2 0  9990,2 53750  53.2170 203.8794 0001444  66.2535 293.8608 15.08820643 62677,6917.94,95.439,540.804,538.806,0.0
53750.0,STARLINK-4612,PAYLOAD,2023-10-23 21:40:26,15.08845661,0.0001463,53.217,200.0142,68.0879,292.0269,0.0010431,0.00016354,0.0,0 STARLINK-4612,1 53750U 22107BC  23296.90308842  .00016354  00000-0  10431-2 0  9998,2 53750  53.2170 200.0142 0001463  68.0879 292.0269 15.08845661 63598,6917.863,95.437,540.74,538.716,0.0
53750.0,STARLINK-4612,PAYLOAD,2023-10-24 10:23:31,15.0885057,0.0001391,53.2164,197.6362,75.6086,284.506,0.00050046,7.688e-05,0.0,0 STARLINK-4612,1 53750U 22107BC  23297.43300476  .00007688  00000-0  50046-3 0  9999,2 53750  53.2164 197.6362 0001391  75.6086 284.5060 15.08850570 62881,6917.848,95.437,540.675,538.751,0.0
53750.0,STARLINK-4612,PAYLOAD,2023-10-25 21:22:00,15.08846293,0.0001329,53.2169,191.0954,93.1616,266.9528,0.00018508,2.659e-05,0.0,0 STARLINK-4612,1 53750U 22107BC  23298.89028045  .00002659  00000-0  18508-3 0  9999,2 53750  53.2169 191.0954 0001329  93.1616 266.9528 15.08846293 63102,6917.861,95.437,540.646,538.807,0.0
53750.0,STARLINK-4612,PAYLOAD,2023-10-26 03:43:32,15.08851538,0.0001399,53.2167,189.9038,87.5319,272.5833,0.00043163,6.59e-05,0.0,0 STARLINK-4612,1 53750U 22107BC  23299.15523933  .00006590  00000-0  43163-3 0  9998,2 53750  53.2167 189.9038 0001399  87.5319 272.5833 15.08851538 63934,6917.845,95.437,540.678,538.742,0.0
53750.0,STARLINK-4612,PAYLOAD,2023-10-26 22:48:10,15.08849581,0.00016,53.217,186.3348,85.5022,274.6152,0.00043571,6.655e-05,0.0,0 STARLINK-4612,1 53750U 22107BC  23299.95012001  .00006655  00000-0  43571-3 0  9990,2 53750  53.2170 186.3348 0001600  85.5022 274.6152 15.08849581 64053,6917.851,95.437,540.823,538.609,0.0
53750.0,STARLINK-4612,PAYLOAD,2023-10-27 01:58:56,15.08858639,0.0001474,53.217,185.7387,97.7688,262.3471,0.00075681,0.00011783,0.0,0 STARLINK-4612,1 53750U 22107BC  23300.08259644  .00011783  00000-0  75681-3 0  9998,2 53750  53.2170 185.7387 0001474  97.7688 262.3471 15.08858639 63287,6917.823,95.436,540.708,538.669,0.0
53750.0,STARLINK-4612,PAYLOAD,2023-10-27 09:55:51,15.08844051,0.0001437,53.2167,184.25,119.2274,240.8862,0.00041207,6.277e-05,0.0,0 STARLINK-4612,1 53750U 22107BC  23300.41379555  .00006277  00000-0  41207-3 0  9998,2 53750  53.2167 184.2500 0001437 119.2274 240.8862 15.08844051 63338,6917.868,95.437,540.727,538.739,0.0
53750.0,STARLINK-4612,PAYLOAD,2023-10-27 21:03:34,15.0884261,0.0001826,53.2169,182.1708,100.208,259.9118,0.00015469,2.175e-05,0.0,0 STARLINK-4612,1 53750U 22107BC  23300.87748034  .00002175  00000-0  15469-3 0  9994,2 53750  53.2169 182.1708 0001826 100.2080 259.9118 15.08842610 63406,6917.872,95.437,541.001,538.474,0.0
53750.0,STARLINK-4612,PAYLOAD,2023-10-27 22:38:57,15.08842294,0.000163,53.2167,181.8731,105.6862,254.431,0.00011821,1.594e-05,0.0,0 STARLINK-4612,1 53750U 22107BC  23300.94371986  .00001594  00000-0  11821-3 0  9992,2 53750  53.2167 181.8731 0001630 105.6862 254.4310 15.08842294 64207,6917.873,95.437,540.866,538.611,0.0
53750.0,STARLINK-4612,PAYLOAD,2023-10-28 09:46:39,15.08833716,0.0001477,53.2157,179.7922,105.2692,254.8463,-2.0281e-05,-6.11e-06,0.0,0 STARLINK-4612,1 53750U 22107BC  23301.40740462 -.00000611  00000-0 -20281-4 0  9995,2 53750  53.2157 179.7922 0001477 105.2692 254.8463 15.08833716 63481,6917.9,95.438,540.786,538.743,0.0
53750.0,STARLINK-4612,PAYLOAD,2023-10-28 22:29:45,15.08837252,0.0001562,53.2175,177.4147,97.9644,262.1526,5.4497e-05,5.79e-06,0.0,0 STARLINK-4612,1 53750U 22107BC  23301.93732764  .00000579  00000-0  54497-4 0  9996,2 53750  53.2175 177.4147 0001562  97.9644 262.1526 15.08837252 64352,6917.889,95.438,540.834,538.673,0.0
53750.0,STARLINK-4612,PAYLOAD,2023-10-29 01:40:31,15.08840886,0.0001545,53.217,176.8185,97.9081,262.2086,1.2019e-05,-9.7e-07,0.0,0 STARLINK-4612,1 53750U 22107BC  23302.06980518 -.00000097  00000-0  12019-4 0  9993,2 53750  53.2170 176.8185 0001545  97.9081 262.2086 15.08840886 64379,6917.878,95.437,540.811,538.674,0.0
53750.0,STARLINK-4612,PAYLOAD,2023-10-29 20:45:08,15.08849675,0.0001558,53.2163,173.2502,99.6139,260.5029,0.0003877,5.889e-05,0.0,0 STARLINK-4612,1 53750U 22107BC  23302.86468428  .00005889  00000-0  38770-3 0  9996,2 53750  53.2163 173.2502 0001558  99.6139 260.5029 15.08849675 63701,6917.851,95.437,540.794,538.638,0.0
53750.0,STARLINK-4612,PAYLOAD,2023-10-29 22:20:31,15.08855513,0.0001396,53.2162,172.9536,96.5401,263.575,0.00045045,6.891e-05,0.0,0 STARLINK-4612,1 53750U 22107BC  23302.93092167  .00006891  00000-0  45045-3 0  9994,2 53750  53.2162 172.9536 0001396  96.5401 263.5750 15.08855513 64502,6917.833,95.437,540.664,538.732,0.0
53750.0,STARLINK-4612,PAYLOAD,2023-10-30 19:00:32,15.08839032,0.000143,53.2166,169.0879,93.913,266.2026,3.2395e-06,-2.36e-06,0.0,0 STARLINK-4612,1 53750U 22107BC  23303.79204709 -.00000236  00000-0  32395-5 0  9990,2 53750  53.2166 169.0879 0001430  93.9130 266.2026 15.08839032 63842,6917.883,95.438,540.738,538.759,0.0
53750.0,STARLINK-4612,PAYLOAD,2023-10-30 22:11:19,15.08841846,0.0001332,53.2161,168.4936,87.1389,272.9755,0.00015205,2.133e-05,0.0,0 STARLINK-4612,1 53750U 22107BC  23303.92452735  .00002133  00000-0  15205-3 0  9995,2 53750  53.2161 168.4936 0001332  87.1389 272.9755 15.08841846 64655,6917.875,95.437,540.661,538.818,0.0
53750.0,STARLINK-4612,PAYLOAD,2023-10-31 07:43:38,15.08839215,0.0001239,53.2156,166.7096,81.9232,278.1901,0.00018016,2.58e-05,0.0,0 STARLINK-4612,1 53750U 22107BC  23304.32196888  .00002580  00000-0  18016-3 0  9993,2 53750  53.2156 166.7096 0001239  81.9232 278.1901 15.08839215 64717,6917.883,95.438,540.605,538.891,0.0
53750.0,STARLINK-4612,PAYLOAD,2023-10-31 20:26:43,15.0884743,0.0001212,53.2153,164.3306,80.4577,279.6552,0.00049387,7.582e-05,0.0,0 STARLINK-4612,1 53750U 22107BC  23304.85188777  .00007582  00000-0  49387-3 0  9991,2 53750  53.2153 164.3306 0001212  80.4577 279.6552 15.08847430 64007,6917.858,95.437,540.561,538.884,0.0
53750.0,STARLINK-4612,PAYLOAD,2023-10-31 22:02:06,15.08849956,0.0001239,53.2153,164.0331,77.196,282.917,0.00054988,8.477e-05,0.0,0 STARLINK-4612,1 53750U 22107BC  23304.91812712  .00008477  00000-0  54988-3 0  9998,2 53750  53.2153 164.0331 0001239  77.1960 282.9170 15.08849956 64806,6917.85,95.437,540.572,538.858,0.0
53750.0,STARLINK-4612,PAYLOAD,2023-11-01 07:34:25,15.08839343,0.0001474,53.2157,162.2468,84.5859,275.5302,0.0003152,4.732e-05,0.0,0 STARLINK-4612,1 53750U 22107BC  23305.31556962  .00004732  00000-0  31520-3 0  9992,2 53750  53.2157 162.2468 0001474  84.5859 275.5302 15.08839343 64074,6917.882,95.438,540.767,538.728,0.0
53750.0,STARLINK-4612,PAYLOAD,2023-11-01 20:17:30,15.08835196,0.0001527,53.2157,159.8702,81.0352,279.0813,6.2722e-05,7.1e-06,0.0,0 STARLINK-4612,1 53750U 22107BC  23305.84549357  .00000710  00000-0  62722-4 0  9991,2 53750  53.2157 159.8702 0001527  81.0352 279.0813 15.08835196 64153,6917.895,95.438,540.816,538.704,0.0
53750.0,STARLINK-4612,PAYLOAD,2023-11-01 21:52:53,15.08836328,0.0001514,53.2157,159.5729,79.2049,280.9114,8.3198e-05,1.036e-05,0.0,0 STARLINK-4612,1 53750U 22107BC  23305.91173341  .00001036  00000-0  83198-4 0  9997,2 53750  53.2157 159.5729 0001514  79.2049 280.9114 15.08836328 64958,6917.892,95.438,540.804,538.709,0.0
53750.0,STARLINK-4612,PAYLOAD,2023-11-02 13:46:44,15.08843465,0.000148,53.2162,156.6003,86.8329,273.2832,0.00022849,3.351e-05,0.0,0 STARLINK-4612,1 53750U 22107BC  23306.57413152  .00003351  00000-0  22849-3 0  9994,2 53750  53.2162 156.6003 0001480  86.8329 273.2832 15.08843465 65058,6917.87,95.437,540.759,538.711,0.0
53750.0,STARLINK-4612,PAYLOAD,2023-11-02 20:08:17,15.08848263,0.00014,53.2154,155.4108,92.6939,267.4213,0.00025326,3.746e-05,0.0,0 STARLINK-4612,1 53750U 22107BC  23306.83908890  .00003746  00000-0  25326-3 0  9992,2 53750  53.2154 155.4108 0001400  92.6939 267.4213 15.08848263 64302,6917.855,95.437,540.689,538.752,0.0
53750.0,STARLINK-4612,PAYLOAD,2023-11-02 21:43:40,15.08848385,0.0001431,53.2154,155.1131,89.9111,270.2045,0.000329,4.953e-05,0.0,0 STARLINK-4612,1 53750U 22107BC  23306.90532916  .00004953  00000-0  32900-3 0  9999,2 53750  53.2154 155.1131 0001431  89.9111 270.2045 15.08848385 65109,6917.855,95.437,540.71,538.73,0.0
53750.0,STARLINK-4612,PAYLOAD,2023-11-03 04:05:13,15.08830465,0.0001417,53.2149,153.9245,82.9542,277.1611,-0.00012236,-2.234e-05,0.0,0 STARLINK-4612,1 53750U 22107BC  23307.17029404 -.00002234  00000-0 -12236-3 0  9994,2 53750  53.2149 153.9245 0001417  82.9542 277.1611 15.08830465 64351,6917.91,95.438,540.755,538.794,0.0
53750.0,STARLINK-4612,PAYLOAD,2023-11-03 13:37:32,15.0883244,0.0001336,53.2156,152.1392,83.71,276.4044,7.4387e-05,8.96e-06,0.0,0 STARLINK-4612,1 53750U 22107BC  23307.56773734  .00000896  00000-0  74387-4 0  9995,2 53750  53.2156 152.1392 0001336  83.7100 276.4044 15.08832440 65204,6917.903,95.438,540.693,538.844,0.0
53750.0,STARLINK-4612,PAYLOAD,2023-11-03 19:59:04,15.08842693,0.0001383,53.2154,150.9496,83.4024,276.7125,0.00022411,3.281e-05,0.0,0 STARLINK-4612,1 53750U 22107BC  23307.83269363  .00003281  00000-0  22411-3 0  9994,2 53750  53.2154 150.9496 0001383  83.4024 276.7125 15.08842693 64457,6917.872,95.437,540.694,538.78,0.0
53750.0,STARLINK-4612,PAYLOAD,2023-11-03 21:34:27,15.08842488,0.0001386,53.2153,150.6523,82.3596,277.7554,0.0002645,3.924e-05,0.0,0 STARLINK-4612,1 53750U 22107BC  23307.89893340  .00003924  00000-0  26450-3 0  9999,2 53750  53.2153 150.6523 0001386  82.3596 277.7554 15.08842488 65257,6917.873,95.437,540.697,538.779,0.0
53750.0,STARLINK-4612,PAYLOAD,2023-11-04 07:06:46,15.08842582,0.0001388,53.2154,148.868,80.3187,279.7962,0.00056401,8.7e-05,0.0,0 STARLINK-4612,1 53750U 22107BC  23308.29637459  .00008700  00000-0  56401-3 0  9997,2 53750  53.2154 148.8680 0001388  80.3187 279.7962 15.08842582 65314,6917.872,95.437,540.698,538.777,0.0
53750.0,STARLINK-4612,PAYLOAD,2023-11-04 19:49:51,15.08853822,0.0001392,53.2157,146.489,79.2737,280.8412,0.00079853,0.00012448,0.0,0 STARLINK-4612,1 53750U 22107BC  23308.82629282  .00012448  00000-0  79853-3 0  9991,2 53750  53.2157 146.4890 0001392  79.2737 280.8412 15.08853822 65397,6917.838,95.437,540.666,538.74,0.0
53750.0,STARLINK-4612,PAYLOAD,2023-11-04 23:00:37,15.08857253,0.0001386,53.2157,145.8943,79.3624,280.7524,0.00083957,0.00013105,0.0,0 STARLINK-4612,1 53750U 22107BC  23308.95877149  .00013105  00000-0  83957-3 0  9993,2 53750  53.2157 145.8943 0001386  79.3624 280.7524 15.08857253 64628,6917.828,95.436,540.651,538.734,0.0
53750.0,STARLINK-4612,PAYLOAD,2023-11-05 13:19:05,15.088507,0.0001518,53.2163,143.2167,80.4268,279.6895,0.00033883,5.11e-05,0.0,0 STARLINK-4612,1 53750U 22107BC  23309.55493020  .00005110  00000-0  33883-3 0  9992,2 53750  53.2163 143.2167 0001518  80.4268 279.6895 15.08850700 65505,6917.848,95.437,540.763,538.663,0.0
53750.0,STARLINK-4612,PAYLOAD,2023-11-05 19:40:38,15.08855075,0.0001388,53.2161,142.0281,83.055,277.06,0.00036499,5.528e-05,0.0,0 STARLINK-4612,1 53750U 22107BC  23309.81988677  .00005528  00000-0  36499-3 0  9997,2 53750  53.2161 142.0281 0001388  83.0550 277.0600 15.08855075 64757,6917.834,95.437,540.66,538.739,0.0
53750.0,STARLINK-4612,PAYLOAD,2023-11-06 13:09:52,15.0885272,0.0001416,53.217,138.7548,99.7082,260.407,0.00018606,2.675e-05,0.0,0 STARLINK-4612,1 53750U 22107BC  23310.54852313  .00002675  00000-0  18606-3 0  9996,2 53750  53.2170 138.7548 0001416  99.7082 260.4070 15.08852720 65652,6917.842,95.437,540.686,538.727,0.0
53750.0,STARLINK-4612,PAYLOAD,2023-11-06 19:31:24,15.08848553,0.0001325,53.216,137.5668,82.0572,278.057,-0.00011788,-2.164e-05,0.0,0 STARLINK-4612,1 53750U 22107BC  23310.81348235 -.00002164  00000-0 -11788-3 0  9998,2 53750  53.2160 137.5668 0001325  82.0572 278.0570 15.08848553 64905,6917.854,95.437,540.636,538.803,0.0
53750.0,STARLINK-4612,PAYLOAD,2023-11-07 05:03:44,15.08839808,0.0001353,53.2163,135.7818,83.0228,277.0918,-7.3706e-05,-1.461e-05,0.0,0 STARLINK-4612,1 53750U 22107BC  23311.21092629 -.00001461  00000-0 -73706-4 0  9994,2 53750  53.2163 135.7818 0001353  83.0228 277.0918 15.08839808 64969,6917.881,95.438,540.682,538.81,0.0
53750.0,STARLINK-4612,PAYLOAD,2023-11-07 13:00:40,15.08823145,0.0001338,53.2154,134.2963,82.4661,277.6483,-0.00028808,-4.868e-05,0.0,0 STARLINK-4612,1 53750U 22107BC  23311.54213636 -.00004868  00000-0 -28808-3 0  9999,2 53750  53.2154 134.2963 0001338  82.4661 277.6483 15.08823145 65805,6917.932,95.439,540.723,538.871,0.0
53750.0,STARLINK-4612,PAYLOAD,2023-11-07 19:22:13,15.08829423,0.0001416,53.2168,133.1076,76.368,283.747,-0.00011973,-2.192e-05,0.0,0 STARLINK-4612,1 53750U 22107BC  23311.80710240 -.00002192  00000-0 -11973-3 0  9994,2 53750  53.2168 133.1076 0001416  76.3680 283.7470 15.08829423 65059,6917.913,95.438,540.757,538.798,0.0
53750.0,STARLINK-4612,PAYLOAD,2023-11-08 11:16:06,15.08805999,0.0001441,53.2173,130.1323,101.9878,258.1275,-0.00012104,-2.212e-05,0.0,0 STARLINK-4612,1 53750U 22107BC  23312.46951987 -.00002212  00000-0 -12104-3 0  9992,2 53750  53.2173 130.1323 0001441 101.9878 258.1275 15.08805999 65151,6917.984,95.44,540.846,538.852,0.0
53750.0,STARLINK-4612,PAYLOAD,2023-11-08 12:51:27,15.08829922,0.0001282,53.2174,129.8348,94.6681,265.4458,0.00011376,1.523e-05,0.0,0 STARLINK-4612,1 53750U 22107BC  23312.53573935  .00001523  00000-0  11376-3 0  9995,2 53750  53.2174 129.8348 0001282  94.6681 265.4458 15.08829922 65951,6917.911,95.438,540.663,538.889,0.0
53750.0,STARLINK-4612,PAYLOAD,2023-11-08 19:13:00,15.08831383,0.0001239,53.2174,128.6453,90.144,269.9694,0.00011887,1.604e-05,0.0,0 STARLINK-4612,1 53750U 22107BC  23312.80070050  .00001604  00000-0  11887-3 0  9992,2 53750  53.2174 128.6453 0001239  90.1440 269.9694 15.08831383 65204,6917.907,95.438,540.629,538.915,0.0
53750.0,STARLINK-4612,PAYLOAD,2023-11-09 11:06:50,15.08851456,0.0002489,53.218,125.6775,89.6097,270.518,0.00033,4.969e-05,0.0,0 STARLINK-4612,1 53750U 22107BC  23313.46308892  .00004969  00000-0  33000-3 0  9991,2 53750  53.2180 125.6775 0002489  89.6097 270.5180 15.08851456 65306,6917.845,95.437,541.432,537.989,0.0
53750.0,STARLINK-4612,PAYLOAD,2023-11-09 17:28:24,15.08838002,0.0001361,53.218,124.484,92.1817,267.9331,0.00022301,3.263e-05,0.0,0 STARLINK-4612,1 53750U 22107BC  23313.72805802  .00003263  00000-0  22301-3 0  9991,2 53750  53.2180 124.4840 0001361  92.1817 267.9331 15.08838002 65347,6917.886,95.438,540.693,538.81,0.0
53750.0,STARLINK-4612,PAYLOAD,2023-11-09 19:03:47,15.08843065,0.0001464,53.2179,124.186,93.9241,266.1918,0.00019092,2.752e-05,0.0,0 STARLINK-4612,1 53750U 22107BC  23313.79429586  .00002752  00000-0  19092-3 0  9994,2 53750  53.2179 124.1860 0001464  93.9241 266.1918 15.08843065 66144,6917.871,95.437,540.749,538.723,0.0
53750.0,STARLINK-4612,PAYLOAD,2023-11-10 10:57:38,15.08833804,9.57e-05,53.218,121.216,101.133,258.977,0.00024608,3.63e-05,0.0,0 STARLINK-4612,1 53750U 22107BC  23314.45670098  .00003630  00000-0  24608-3 0  9999,2 53750  53.2180 121.2160 0000957 101.1330 258.9770 15.08833804 66240,6917.899,95.438,540.426,539.102,0.0
53750.0,STARLINK-4612,PAYLOAD,2023-11-10 18:54:34,15.08842319,0.0001353,53.218,119.727,87.2241,272.8906,0.00010683,1.413e-05,0.0,0 STARLINK-4612,1 53750U 22107BC  23314.78789995  .00001413  00000-0  10683-3 0  9997,2 53750  53.2180 119.7270 0001353  87.2241 272.8906 15.08842319 65505,6917.873,95.437,540.674,538.802,0.0
53750.0,STARLINK-4612,PAYLOAD,2023-11-11 10:48:26,15.08843416,0.0001367,53.2179,116.7536,86.1698,273.945,1.0976e-07,-2.86e-06,0.0,0 STARLINK-4612,1 53750U 22107BC  23315.45030099 -.00000286  00000-0  10976-6 0  9992,2 53750  53.2179 116.7536 0001367  86.1698 273.9450 15.08843416 66397,6917.87,95.437,540.681,538.789,0.0
53750.0,STARLINK-4612,PAYLOAD,2023-11-11 17:09:58,15.08843106,0.0001358,53.2179,115.5641,87.67,272.4448,-3.7526e-06,-3.48e-06,0.0,0 STARLINK-4612,1 53750U 22107BC  23315.71526036 -.00000348  00000-0 -37526-5 0  9991,2 53750  53.2179 115.5641 0001358  87.6700 272.4448 15.08843106 66433,6917.871,95.437,540.675,538.796,0.0
53750.0,STARLINK-4612,PAYLOAD,2023-11-12 10:39:12,15.08842395,0.000144,53.2177,112.2927,87.0877,273.028,3.9083e-05,3.34e-06,0.0,0 STARLINK-4612,1 53750U 22107BC  23316.44389768  .00000334  00000-0  39083-4 0  9993,2 53750  53.2177 112.2927 0001440  87.0877 273.0280 15.08842395 65757,6917.873,95.437,540.734,538.742,0.0
53750.0,STARLINK-4612,PAYLOAD,2023-11-12 13:49:58,15.08843138,0.0001442,53.2178,111.698,87.0632,273.0525,4.3987e-05,4.12e-06,0.0,0 STARLINK-4612,1 53750U 22107BC  23316.57637684  .00000412  00000-0  43987-4 0  9995,2 53750  53.2178 111.6980 0001442  87.0632 273.0525 15.08843138 66569,6917.871,95.437,540.733,538.738,0.0
53750.0,STARLINK-4612,PAYLOAD,2023-11-12 17:00:45,15.08845141,0.0001444,53.2182,111.1035,86.9508,273.1649,4.6699e-05,4.55e-06,0.0,0 STARLINK-4612,1 53750U 22107BC  23316.70885523  .00000455  00000-0  46699-4 0  9997,2 53750  53.2182 111.1035 0001444  86.9508 273.1649 15.08845141 66588,6917.865,95.437,540.729,538.731,0.0
53750.0,STARLINK-4612,PAYLOAD,2023-11-13 10:29:59,15.08841902,0.0001449,53.2183,107.8326,85.3547,274.761,4.892e-05,4.91e-06,0.0,0 STARLINK-4612,1 53750U 22107BC  23317.43749588  .00000491  00000-0  48920-4 0  9997,2 53750  53.2183 107.8326 0001449  85.3547 274.7610 15.08841902 66693,6917.875,95.437,540.742,538.737,0.0
53750.0,STARLINK-4612,PAYLOAD,2023-11-13 13:40:45,15.08842552,0.0001443,53.2184,107.2379,85.191,274.9247,5.3116e-05,5.58e-06,0.0,0 STARLINK-4612,1 53750U 22107BC  23317.56997507  .00000558  00000-0  53116-4 0  9994,2 53750  53.2184 107.2379 0001443  85.1910 274.9247 15.08842552 65927,6917.873,95.437,540.736,538.739,0.0
53750.0,STARLINK-4612,PAYLOAD,2023-11-14 10:20:47,15.08837336,0.0001396,53.2184,103.3722,92.4266,267.6886,-2.3204e-05,-6.57e-06,0.0,0 STARLINK-4612,1 53750U 22107BC  23318.43110060 -.00000657  00000-0 -23204-4 0  9999,2 53750  53.2184 103.3722 0001396  92.4266 267.6886 15.08837336 66055,6917.889,95.438,540.719,538.788,0.0
53750.0,STARLINK-4612,PAYLOAD,2023-11-14 13:31:33,15.0883701,0.0001389,53.2184,102.7773,93.7123,266.4028,-2.6153e-05,-7.04e-06,0.0,0 STARLINK-4612,1 53750U 22107BC  23318.56358095 -.00000704  00000-0 -26153-4 0  9994,2 53750  53.2184 102.7773 0001389  93.7123 266.4028 15.08837010 66865,6917.89,95.438,540.715,538.794,0.0
53750.0,STARLINK-4612,PAYLOAD,2023-11-14 16:42:19,15.0883841,0.0001382,53.2184,102.1826,93.6699,266.4452,-1.4226e-05,-5.14e-06,0.0,0 STARLINK-4612,1 53750U 22107BC  23318.69605974 -.00000514  00000-0 -14226-4 0  9996,2 53750  53.2184 102.1826 0001382  93.6699 266.4452 15.08838410 66886,6917.885,95.438,540.706,538.794,0.0
53750.0,STARLINK-4612,PAYLOAD,2023-11-15 13:22:20,15.08835856,0.0001428,53.2193,98.319,99.2834,260.8319,1.0743e-05,-1.17e-06,0.0,0 STARLINK-4612,1 53750U 22107BC  23319.55718196 -.00000117  00000-0  10743-4 0  9991,2 53750  53.2193  98.3190 0001428  99.2834 260.8319 15.08835856 67017,6917.893,95.438,540.746,538.77,0.0
53750.0,STARLINK-4612,PAYLOAD,2023-11-15 16:33:06,15.08837028,0.0001413,53.2193,97.7244,99.1014,261.0138,2.0461e-05,3.8e-07,0.0,0 STARLINK-4612,1 53750U 22107BC  23319.68966121  .00000038  00000-0  20461-4 0  9997,2 53750  53.2193  97.7244 0001413  99.1014 261.0138 15.08837028 66242,6917.889,95.438,540.732,538.777,0.0
53750.0,STARLINK-4612,PAYLOAD,2023-11-16 17:59:17,15.08835021,0.0001369,53.2193,92.9664,96.9348,263.18,3.7527e-05,3.09e-06,0.0,0 STARLINK-4612,1 53750U 22107BC  23320.74950469  .00000309  00000-0  37527-4 0  9996,2 53750  53.2193  92.9664 0001369  96.9348 263.1800 15.08835021 66408,6917.896,95.438,540.708,538.814,0.0
53750.0,STARLINK-4612,PAYLOAD,2023-11-17 13:03:54,15.08837543,0.0001298,53.2191,89.3974,90.1875,269.9266,2.8475e-05,1.65e-06,0.0,0 STARLINK-4612,1 53750U 22107BC  23321.54438531  .00000165  00000-0  28475-4 0  9998,2 53750  53.2191  89.3974 0001298  90.1875 269.9266 15.08837543 67314,6917.888,95.438,540.651,538.855,0.0
53750.0,STARLINK-4612,PAYLOAD,2023-11-18 12:54:42,15.08836153,0.0001413,53.2196,84.9372,94.6017,265.5136,2.0989e-06,-2.55e-06,0.0,0 STARLINK-4612,1 53750U 22107BC  23322.53798760 -.00000255  00000-0  20989-5 0  9995,2 53750  53.2196  84.9372 0001413  94.6017 265.5136 15.08836153 66670,6917.892,95.438,540.735,538.78,0.0
53750.0,STARLINK-4612,PAYLOAD,2023-11-18 14:30:05,15.08837296,0.0001329,53.2194,84.6383,90.5272,269.5872,1.7171e-05,-1.5e-07,0.0,0 STARLINK-4612,1 53750U 22107BC  23322.60422742 -.00000015  00000-0  17171-4 0  9999,2 53750  53.2194  84.6383 0001329  90.5272 269.5872 15.08837296 67470,6917.889,95.438,540.673,538.834,0.0
53750.0,STARLINK-4612,PAYLOAD,2023-11-19 14:20:51,15.08841064,0.0001237,53.2188,80.177,89.2419,270.8715,5.8632e-05,6.45e-06,0.0,0 STARLINK-4612,1 53750U 22107BC  23323.59782320  .00000645  00000-0  58632-4 0  9994,2 53750  53.2188  80.1770 0001237  89.2419 270.8715 15.08841064 67626,6917.877,95.437,540.598,538.886,0.0
53750.0,STARLINK-4612,PAYLOAD,2023-11-20 14:11:38,15.08842046,0.0001391,53.2185,75.7174,90.8181,269.2971,4.447e-05,4.2e-06,0.0,0 STARLINK-4612,1 53750U 22107BC  23324.59142230  .00000420  00000-0  44470-4 0  9991,2 53750  53.2185  75.7174 0001391  90.8181 269.2971 15.08842046 67779,6917.874,95.437,540.701,538.777,0.0
53750.0,STARLINK-4612,PAYLOAD,2023-11-20 17:22:24,15.08845145,0.0001387,53.2187,75.123,89.5633,270.5518,8.3414e-05,1.04e-05,0.0,0 STARLINK-4612,1 53750U 22107BC  23324.72389872  .00001040  00000-0  83414-4 0  9991,2 53750  53.2187  75.1230 0001387  89.5633 270.5518 15.08845145 67001,6917.865,95.437,540.689,538.77,0.0
53750.0,STARLINK-4612,PAYLOAD,2023-11-21 10:51:40,15.08836416,0.0001368,53.2188,71.8521,88.4703,271.6446,-4.025e-05,-9.28e-06,0.0,0 STARLINK-4612,1 53750U 22107BC  23325.45254795 -.00000928  00000-0 -40250-4 0  9994,2 53750  53.2188  71.8521 0001368  88.4703 271.6446 15.08836416 67118,6917.891,95.438,540.703,538.81,0.0
53750.0,STARLINK-4612,PAYLOAD,2023-11-21 12:27:03,15.08839268,0.0001667,53.2208,71.5565,89.019,271.0993,-2.3395e-05,-6.6e-06,0.0,0 STARLINK-4612,1 53750U 22107BC  23325.51878647 -.00000660  00000-0 -23395-4 0  9993,2 53750  53.2208  71.5565 0001667  89.0190 271.0993 15.08839268 67912,6917.883,95.438,540.901,538.594,0.0
53750.0,STARLINK-4612,PAYLOAD,2023-11-21 17:13:12,15.08844426,0.0001393,53.2184,70.6619,92.0891,268.0261,3.8837e-05,3.3e-06,0.0,0 STARLINK-4612,1 53750U 22107BC  23325.71750001  .00000330  00000-0  38837-4 0  9997,2 53750  53.2184  70.6619 0001393  92.0891 268.0261 15.08844426 67942,6917.867,95.437,540.696,538.768,0.0
53750.0,STARLINK-4612,PAYLOAD,2023-11-22 12:17:49,15.08843209,0.0001562,53.2193,67.0952,82.2682,277.8487,4.3778e-05,4.09e-06,0.0,0 STARLINK-4612,1 53750U 22107BC  23326.51237933  .00000409  00000-0  43778-4 0  9997,2 53750  53.2193  67.0952 0001562  82.2682 277.8487 15.08843209 68069,6917.871,95.437,540.816,538.655,0.0
53750.0,STARLINK-4612,PAYLOAD,2023-11-23 12:08:37,15.08839107,0.0001547,53.2197,62.634,109.8413,250.2746,-4.8549e-05,-1.061e-05,0.0,0 STARLINK-4612,1 53750U 22107BC  23327.50598523 -.00001061  00000-0 -48549-4 0  9990,2 53750  53.2197  62.6340 0001547 109.8413 250.2746 15.08839107 67420,6917.883,95.438,540.818,538.678,0.0
53750.0,STARLINK-4612,PAYLOAD,2023-11-23 13:44:00,15.08840442,0.0001518,53.2196,62.3366,107.8094,252.3064,-3.617e-05,-8.64e-06,0.0,0 STARLINK-4612,1 53750U 22107BC  23327.57222409 -.00000864  00000-0 -36170-4 0  9991,2 53750  53.2196  62.3366 0001518 107.8094 252.3064 15.08840442 68224,6917.879,95.438,540.794,538.694,0.0
53750.0,STARLINK-4612,PAYLOAD,2023-11-23 15:19:23,15.08843448,0.0001429,53.2195,62.0392,97.8615,262.254,-8.3372e-06,-4.21e-06,0.0,0 STARLINK-4612,1 53750U 22107BC  23327.63846179 -.00000421  00000-0 -83372-5 0  9990,2 53750  53.2195  62.0392 0001429  97.8615 262.2540 15.08843448 68236,6917.87,95.437,540.723,538.746,0.0
53750.0,STARLINK-4612,PAYLOAD,2023-11-24 11:59:25,15.08830538,0.000187,53.2206,58.1752,99.4429,260.6775,-0.00015835,-2.807e-05,0.0,0 STARLINK-4612,1 53750U 22107BC  23328.49960090 -.00002807  00000-0 -15835-3 0  9991,2 53750  53.2206  58.1752 0001870  99.4429 260.6775 15.08830538 67570,6917.909,95.438,541.068,538.481,0.0
53750.0,STARLINK-4612,PAYLOAD,2023-11-24 13:34:48,15.0883255,0.0001681,53.2198,57.8762,91.2128,268.9057,-0.00013845,-2.49e-05,0.0,0 STARLINK-4612,1 53750U 22107BC  23328.56583960 -.00002490  00000-0 -13845-3 0  9993,2 53750  53.2198  57.8762 0001681  91.2128 268.9057 15.08832550 68372,6917.903,95.438,540.931,538.605,0.0
53750.0,STARLINK-4612,PAYLOAD,2023-11-24 18:20:57,15.08834226,0.0001691,53.2198,56.9791,93.1362,266.9823,-0.00011849,-2.173e-05,0.0,0 STARLINK-4612,1 53750U 22107BC  23328.76455823 -.00002173  00000-0 -11849-3 0  9991,2 53750  53.2198  56.9791 0001691  93.1362 266.9823 15.08834226 68401,6917.898,95.438,540.933,538.593,0.0
53750.0,STARLINK-4612,PAYLOAD,2023-11-25 13:25:33,15.0885704,0.0001633,53.2193,53.4182,86.1787,273.9391,0.00018288,2.625e-05,0.0,0 STARLINK-4612,1 53750U 22107BC  23329.55941882  .00002625  00000-0  18288-3 0  9998,2 53750  53.2193  53.4182 0001633  86.1787 273.9391 15.08857040 68521,6917.828,95.436,540.823,538.564,0.0
53750.0,STARLINK-4612,PAYLOAD,2023-11-25 15:00:56,15.08862642,0.0001502,53.2193,53.1156,93.5243,266.5921,0.00022707,3.33e-05,0.0,0 STARLINK-4612,1 53750U 22107BC  23329.62565216  .00003330  00000-0  22707-3 0  9994,2 53750  53.2193  53.1156 0001502  93.5243 266.5921 15.08862642 68535,6917.811,95.436,540.715,538.637,0.0
53750.0,STARLINK-4612,PAYLOAD,2023-11-26 11:40:57,15.08851191,0.0001772,53.2192,49.2495,99.5809,260.5384,0.00018399,2.642e-05,0.0,0 STARLINK-4612,1 53750U 22107BC  23330.48677862  .00002642  00000-0  18399-3 0  9998,2 53750  53.2192  49.2495 0001772  99.5809 260.5384 15.08851191 67879,6917.846,95.437,540.937,538.485,0.0
53750.0,STARLINK-4612,PAYLOAD,2023-11-27 11:31:47,15.08829083,0.000155,53.2183,44.7915,103.5502,256.5663,-0.00032374,-5.435e-05,0.0,0 STARLINK-4612,1 53750U 22107BC  23331.48041119 -.00005435  00000-0 -32374-3 0  9993,2 53750  53.2183  44.7915 0001550 103.5502 256.5663 15.08829083 68024,6917.914,95.438,540.851,538.706,0.0
53750.0,STARLINK-4612,PAYLOAD,2023-11-28 11:22:31,15.08867121,0.000178,53.2188,40.3317,93.4701,266.6495,4.437e-05,4.19e-06,0.0,0 STARLINK-4612,1 53750U 22107BC  23332.47397766  .00000419  00000-0  44370-4 0  9990,2 53750  53.2188  40.3317 0001780  93.4701 266.6495 15.08867121 68176,6917.797,95.436,540.894,538.431,0.0
53750.0,STARLINK-4612,PAYLOAD,2023-11-29 11:13:20,15.08832332,0.0001583,53.218,35.8708,100.8489,259.2681,0.00025874,3.831e-05,0.0,0 STARLINK-4612,1 53750U 22107BC  23333.46759706  .00003831  00000-0  25874-3 0  9994,2 53750  53.2180  35.8708 0001583 100.8489 259.2681 15.08832332 68326,6917.904,95.438,540.864,538.674,0.0
53750.0,STARLINK-4612,PAYLOAD,2023-12-01 07:44:08,15.08836787,0.0002177,53.2206,27.5531,120.9428,239.1778,1.9577e-06,-2.57e-06,0.0,0 STARLINK-4612,1 53750U 22107BC  23335.32232469 -.00000257  00000-0  19577-5 0  9998,2 53750  53.2206  27.5531 0002177 120.9428 239.1778 15.08836787 68606,6917.89,95.438,541.261,538.249,0.0
53750.0,STARLINK-4612,PAYLOAD,2023-12-01 09:19:31,15.08836919,0.0001948,53.2199,27.2541,112.9577,247.162,8.0582e-06,-1.6e-06,0.0,0 STARLINK-4612,1 53750U 22107BC  23335.38856470 -.00000160  00000-0  80582-5 0  9995,2 53750  53.2199  27.2541 0001948 112.9577 247.1620 15.08836919 69407,6917.89,95.438,541.102,538.407,0.0
53750.0,STARLINK-4612,PAYLOAD,2023-12-02 10:45:39,15.08873847,0.0001756,53.2196,22.4928,79.5909,280.5281,0.00033378,5.033e-05,0.0,0 STARLINK-4612,1 53750U 22107BC  23336.44836987  .00005033  00000-0  33378-3 0  9996,2 53750  53.2196  22.4928 0001756  79.5909 280.5281 15.08873847 68778,6917.777,95.435,540.857,538.427,0.0
53750.0,STARLINK-4612,PAYLOAD,2023-12-02 13:56:24,15.08880066,0.0001668,53.2188,21.896,72.919,287.1984,0.00032714,4.928e-05,0.0,0 STARLINK-4612,1 53750U 22107BC  23336.58084221  .00004928  00000-0  32714-3 0  9992,2 53750  53.2188  21.8960 0001668  72.9190 287.1984 15.08880066 69583,6917.758,95.435,540.777,538.469,0.0
53750.0,STARLINK-4612,PAYLOAD,2023-12-02 23:28:47,15.08835473,0.0001561,53.2186,20.1157,101.8459,258.2708,-0.00014445,-2.586e-05,0.0,0 STARLINK-4612,1 53750U 22107BC  23336.97832304 -.00002586  00000-0 -14445-3 0  9999,2 53750  53.2186  20.1157 0001561 101.8459 258.2708 15.08835473 68857,6917.894,95.438,540.839,538.679,0.0
53750.0,STARLINK-4612,PAYLOAD,2023-12-03 10:36:31,15.0881472,0.0001589,53.2182,18.0369,73.4832,286.6335,-0.00028521,-4.821e-05,0.0,0 STARLINK-4612,1 53750U 22107BC  23337.44202668 -.00004821  00000-0 -28521-3 0  9990,2 53750  53.2182  18.0369 0001589  73.4832 286.6335 15.08814720 68924,6917.958,95.439,540.922,538.723,0.0
53750.0,STARLINK-4612,PAYLOAD,2023-12-03 23:19:35,15.08836484,0.0001422,53.2177,15.6501,94.2395,265.8759,-0.00031713,-5.331e-05,0.0,0 STARLINK-4612,1 53750U 22107BC  23337.97193945 -.00005331  00000-0 -31713-3 0  9999,2 53750  53.2177  15.6501 0001422  94.2395 265.8759 15.08836484 69000,6917.891,95.438,540.74,538.772,0.0
53750.0,STARLINK-4612,PAYLOAD,2023-12-04 07:16:30,15.08844956,0.000153,53.2178,14.1673,75.8285,284.2877,-0.00026308,-4.473e-05,0.0,0 STARLINK-4612,1 53750U 22107BC  23338.30313438 -.00004473  00000-0 -26308-3 0  9998,2 53750  53.2178  14.1673 0001530  75.8285 284.2877 15.08844956 69052,6917.865,95.437,540.789,538.672,0.0
53750.0,STARLINK-4612,PAYLOAD,2023-12-04 12:02:39,15.08845705,0.0001888,53.2183,13.2716,110.3894,249.7301,-0.00024081,-4.119e-05,0.0,0 STARLINK-4612,1 53750U 22107BC  23338.50185065 -.00004119  00000-0 -24081-3 0  9996,2 53750  53.2183  13.2716 0001888 110.3894 249.7301 15.08845705 69874,6917.863,95.437,541.034,538.422,0.0
53750.0,STARLINK-4612,PAYLOAD,2023-12-04 23:10:20,15.08857028,0.0001729,53.2176,11.192,70.786,289.3319,-9.9106e-05,-1.866e-05,0.0,0 STARLINK-4612,1 53750U 22107BC  23338.96551942 -.00001866  00000-0 -99106-4 0  9994,2 53750  53.2176  11.1920 0001729  70.7860 289.3319 15.08857028 69157,6917.828,95.436,540.889,538.497,0.0
53750.0,STARLINK-4612,PAYLOAD,2023-12-05 11:53:26,15.08853836,0.0001759,53.217,8.8103,73.6235,286.495,0.00072114,0.00011212,0.0,0 STARLINK-4612,1 53750U 22107BC  23339.49544940  .00011212  00000-0  72114-3 0  9996,2 53750  53.2170   8.8103 0001759  73.6235 286.4950 15.08853836 69239,6917.838,95.437,540.92,538.486,0.0
53750.0,STARLINK-4612,PAYLOAD,2023-12-06 11:44:13,15.08859372,0.0001811,53.2179,4.3509,79.3772,280.7424,0.00028316,4.224e-05,0.0,0 STARLINK-4612,1 53750U 22107BC  23340.48904431  .00004224  00000-0  28316-3 0  9992,2 53750  53.2179   4.3509 0001811  79.3772 280.7424 15.08859372 69387,6917.821,95.436,540.939,538.433,0.0
53750.0,STARLINK-4612,PAYLOAD,2023-12-07 05:13:28,15.08838301,0.0001881,53.2174,1.0741,100.5129,259.6075,3.2226e-05,2.25e-06,0.0,0 STARLINK-4612,1 53750U 22107BC  23341.21768569  .00000225  00000-0  32226-4 0  9997,2 53750  53.2174   1.0741 0001881 100.5129 259.6075 15.08838301 69492,6917.886,95.438,541.052,538.449,0.0
53750.0,STARLINK-4612,PAYLOAD,2023-12-07 11:35:00,15.08835087,0.0001932,53.2181,359.8869,89.6625,270.4589,-0.00012861,-2.334e-05,0.0,0 STARLINK-4612,1 53750U 22107BC  23341.48264936 -.00002334  00000-0 -12861-3 0  9992,2 53750  53.2181 359.8869 0001932  89.6625 270.4589 15.08835087 70323,6917.895,95.438,541.097,538.424,0.0
53750.0,STARLINK-4612,PAYLOAD,2023-12-08 06:39:38,15.08841134,0.0001911,53.2185,356.3185,96.0992,264.0218,8.5586e-05,1.074e-05,0.0,0 STARLINK-4612,1 53750U 22107BC  23342.27752871  .00001074  00000-0  85586-4 0  9993,2 53750  53.2185 356.3185 0001911  96.0992 264.0218 15.08841134 69658,6917.877,95.437,541.064,538.42,0.0
53750.0,STARLINK-4612,PAYLOAD,2023-12-09 09:41:11,15.08842694,0.0001803,53.2181,351.2651,87.5678,272.552,0.0001635,2.315e-05,0.0,0 STARLINK-4612,1 53750U 22107BC  23343.40360889  .00002315  00000-0  16350-3 0  9994,2 53750  53.2181 351.2651 0001803  87.5678 272.5520 15.08842694 69823,6917.872,95.437,540.984,538.49,0.0
53750.0,STARLINK-4612,PAYLOAD,2023-12-10 09:31:59,15.08833993,0.0001918,53.2188,346.8034,90.2445,269.8767,1.7884e-05,-4e-08,0.0,0 STARLINK-4612,1 53750U 22107BC  23344.39721973 -.00000004  00000-0  17884-4 0  9996,2 53750  53.2188 346.8034 0001918  90.2445 269.8767 15.08833993 69975,6917.899,95.438,541.091,538.437,0.0
53750.0,STARLINK-4612,PAYLOAD,2023-12-11 04:36:36,15.08843017,0.0001984,53.2186,343.2298,111.7665,248.3538,2.5439e-05,1.17e-06,0.0,0 STARLINK-4612,1 53750U 22107BC  23345.19209336  .00000117  00000-0  25439-4 0  9998,2 53750  53.2186 343.2298 0001984 111.7665 248.3538 15.08843017 70093,6917.871,95.437,541.109,538.364,0.0
53750.0,STARLINK-4612,PAYLOAD,2023-12-11 07:47:23,15.08843894,0.0001749,53.2178,342.6459,81.2169,278.9021,7.5543e-05,9.15e-06,0.0,0 STARLINK-4612,1 53750U 22107BC  23345.32457479  .00000915  00000-0  75543-4 0  9993,2 53750  53.2178 342.6459 0001749  81.2169 278.9021 15.08843894 70904,6917.868,95.437,540.943,538.524,0.0
53750.0,STARLINK-4612,PAYLOAD,2023-12-12 06:02:47,15.08845236,0.0001843,53.218,338.4837,75.4336,284.6861,0.00016077,2.272e-05,0.0,0 STARLINK-4612,1 53750U 22107BC  23346.25193364  .00002272  00000-0  16077-3 0  9990,2 53750  53.2180 338.4837 0001843  75.4336 284.6861 15.08845236 70252,6917.864,95.437,541.004,538.454,0.0
53750.0,STARLINK-4612,PAYLOAD,2023-12-13 05:53:34,15.0884471,0.0001704,53.217,334.0271,80.2998,279.8186,6.1528e-05,6.91e-06,0.0,0 STARLINK-4612,1 53750U 22107BC  23347.24553457  .00000691  00000-0  61528-4 0  9998,2 53750  53.2170 334.0271 0001704  80.2998 279.8186 15.08844710 70408,6917.866,95.437,540.91,538.552,0.0
53750.0,STARLINK-4612,PAYLOAD,2023-12-14 04:08:58,15.08840081,0.0001984,53.2186,329.8588,115.2249,244.8949,3.1924e-05,2.2e-06,0.0,0 STARLINK-4612,1 53750U 22107BC  23348.17289421  .00000220  00000-0  31924-4 0  9993,2 53750  53.2186 329.8588 0001984 115.2249 244.8949 15.08840081 70547,6917.88,95.438,541.118,538.373,0.0
53750.0,STARLINK-4612,PAYLOAD,2023-12-14 05:44:21,15.08840654,0.0001904,53.2184,329.5611,112.1245,247.9949,3.3372e-05,2.43e-06,0.0,0 STARLINK-4612,1 53750U 22107BC  23348.23913408  .00000243  00000-0  33372-4 0  9993,2 53750  53.2184 329.5611 0001904 112.1245 247.9949 15.08840654 71342,6917.878,95.438,541.061,538.426,0.0
53750.0,STARLINK-4612,PAYLOAD,2023-12-15 05:35:08,15.08841682,0.0001771,53.2184,325.099,105.0249,255.0939,7.5451e-05,9.13e-06,0.0,0 STARLINK-4612,1 53750U 22107BC  23349.23273267  .00000913  00000-0  75451-4 0  9994,2 53750  53.2184 325.0990 0001771 105.0249 255.0939 15.08841682 70700,6917.875,95.437,540.965,538.515,0.0
53750.0,STARLINK-4612,PAYLOAD,2023-12-16 03:50:32,15.08831172,0.0001897,53.2187,320.9372,115.0053,245.1137,1.354e-05,-7.3e-07,0.0,0 STARLINK-4612,1 53750U 22107BC  23350.16010344 -.00000073  00000-0  13540-4 0  9992,2 53750  53.2187 320.9372 0001897 115.0053 245.1137 15.08831172 70842,6917.907,95.438,541.085,538.46,0.0
53750.0,STARLINK-4612,PAYLOAD,2023-12-16 05:25:55,15.08834109,0.0001668,53.2182,320.6388,108.6072,251.5101,3.9722e-05,3.44e-06,0.0,0 STARLINK-4612,1 53750U 22107BC  23350.22634185  .00000344  00000-0  39722-4 0  9994,2 53750  53.2182 320.6388 0001668 108.6072 251.5101 15.08834109 71640,6917.898,95.438,540.917,538.609,0.0
53750.0,STARLINK-4612,PAYLOAD,2023-12-17 03:41:19,15.0885276,0.0001552,53.2176,316.4757,107.27,252.8462,-9.3374e-05,-1.774e-05,0.0,0 STARLINK-4612,1 53750U 22107BC  23351.15369705 -.00001774  00000-0 -93374-4 0  9993,2 53750  53.2176 316.4757 0001552 107.2700 252.8462 15.08852760 70995,6917.841,95.437,540.78,538.633,0.0
53750.0,STARLINK-4612,PAYLOAD,2023-12-17 05:16:42,15.08831172,0.0001675,53.2179,316.1782,101.7477,258.3703,0.00028896,4.313e-05,0.0,0 STARLINK-4612,1 53750U 22107BC  23351.21994094  .00004313  00000-0  28896-3 0  9991,2 53750  53.2179 316.1782 0001675 101.7477 258.3703 15.08831172 71005,6917.907,95.438,540.931,538.614,0.0
53750.0,STARLINK-4612,PAYLOAD,2023-12-18 05:07:29,15.08840911,0.0001943,53.2182,311.7168,68.8803,291.2397,0.00077403,0.00012052,0.0,0 STARLINK-4612,1 53750U 22107BC  23352.21354133  .00012052  00000-0  77403-3 0  9993,2 53750  53.2182 311.7168 0001943  68.8803 291.2397 15.08840911 71941,6917.878,95.437,541.087,538.398,0.0
53750.0,STARLINK-4612,PAYLOAD,2023-12-19 03:22:54,15.08831025,0.0001706,53.2174,307.5569,77.7011,282.4172,-9.799e-05,-1.847e-05,0.0,0 STARLINK-4612,1 53750U 22107BC  23353.14090730 -.00001847  00000-0 -97990-4 0  9992,2 53750  53.2174 307.5569 0001706  77.7011 282.4172 15.08831025 71294,6917.908,95.438,540.953,538.593,0.0
53750.0,STARLINK-4612,PAYLOAD,2023-12-20 03:13:41,15.08849902,0.0001688,53.2171,303.0912,99.0285,261.0898,0.00032558,4.899e-05,0.0,0 STARLINK-4612,1 53750U 22107BC  23354.13450274  .00004899  00000-0  32558-3 0  9991,2 53750  53.2171 303.0912 0001688  99.0285 261.0898 15.08849902 71441,6917.85,95.437,540.883,538.547,0.0
53750.0,STARLINK-4612,PAYLOAD,2023-12-21 03:04:27,15.08860287,0.0001888,53.2167,298.6343,111.6993,248.42,0.00045306,6.934e-05,0.0,0 STARLINK-4612,1 53750U 22107BC  23355.12809634  .00006934  00000-0  45306-3 0  9996,2 53750  53.2167 298.6343 0001888 111.6993 248.4200 15.08860287 72381,6917.818,95.436,540.989,538.377,0.0
53750.0,STARLINK-4612,PAYLOAD,2023-12-22 02:55:14,15.08841213,0.0001641,53.2165,294.1722,109.1531,250.9639,1.4166e-05,-6.3e-07,0.0,0 STARLINK-4612,1 53750U 22107BC  23356.12170041 -.00000063  00000-0  14166-4 0  9999,2 53750  53.2165 294.1722 0001641 109.1531 250.9639 15.08841213 71749,6917.877,95.437,540.877,538.606,0.0
53750.0,STARLINK-4612,PAYLOAD,2023-12-23 05:56:48,15.08841065,0.0001587,53.2167,289.1099,100.0205,260.0966,0.00025907,3.838e-05,0.0,0 STARLINK-4612,1 53750U 22107BC  23357.24778374  .00003838  00000-0  25907-3 0  9992,2 53750  53.2167 289.1099 0001587 100.0205 260.0966 15.08841065 71918,6917.877,95.437,540.84,538.644,0.0
53750.0,STARLINK-4612,PAYLOAD,2023-12-24 04:12:11,15.08835299,0.0001407,53.2162,284.9525,96.8771,263.2381,-0.0002276,-3.908e-05,0.0,0 STARLINK-4612,1 53750U 22107BC  23358.17513088 -.00003908  00000-0 -22760-3 0  9998,2 53750  53.2162 284.9525 0001407  96.8771 263.2381 15.08835299 72842,6917.895,95.438,540.733,538.786,0.0
53750.0,STARLINK-4612,PAYLOAD,2023-12-25 02:27:36,15.08831809,0.0001692,53.2171,280.7877,77.3955,282.7226,-0.0001402,-2.518e-05,0.0,0 STARLINK-4612,1 53750U 22107BC  23359.10250684 -.00002518  00000-0 -14020-3 0  9998,2 53750  53.2171 280.7877 0001692  77.3955 282.7226 15.08831809 72195,6917.905,95.438,540.941,538.6,0.0
53750.0,STARLINK-4612,PAYLOAD,2023-12-25 04:02:59,15.08834796,0.0001703,53.2176,280.489,89.2919,270.8268,-0.00010508,-1.96e-05,0.0,0 STARLINK-4612,1 53750U 22107BC  23359.16874250 -.00001960  00000-0 -10508-3 0  9992,2 53750  53.2176 280.4890 0001703  89.2919 270.8268 15.08834796 72997,6917.896,95.438,540.939,538.583,0.0
53750.0,STARLINK-4612,PAYLOAD,2023-12-26 03:53:47,15.0883368,0.0001628,53.2172,276.0257,90.4814,269.6364,0.00040874,6.222e-05,0.0,0 STARLINK-4612,1 53750U 22107BC  23360.16235161  .00006222  00000-0  40874-3 0  9999,2 53750  53.2172 276.0257 0001628  90.4814 269.6364 15.08833680 72359,6917.9,95.438,540.891,538.638,0.0
53750.0,STARLINK-4612,PAYLOAD,2023-12-27 00:33:48,15.08838223,0.0001931,53.2173,272.158,76.076,284.0446,0.00025832,3.825e-05,0.0,0 STARLINK-4612,1 53750U 22107BC  23361.02347654  .00003825  00000-0  25832-3 0  9999,2 53750  53.2173 272.1580 0001931  76.0760 284.0446 15.08838223 72487,6917.886,95.438,541.087,538.415,0.0
53750.0,STARLINK-4612,PAYLOAD,2023-12-27 21:13:49,15.08843782,0.0001922,53.2164,268.2997,79.1663,280.9545,0.00020116,2.915e-05,0.0,0 STARLINK-4612,1 53750U 22107BC  23361.88459667  .00002915  00000-0  20116-3 0  9990,2 53750  53.2164 268.2997 0001922  79.1663 280.9545 15.08843782 73405,6917.869,95.437,541.063,538.404,0.0
53750.0,STARLINK-4612,PAYLOAD,2023-12-28 00:24:35,15.08846303,0.0001661,53.2149,267.7132,58.432,301.6834,0.00026202,3.885e-05,0.0,0 STARLINK-4612,1 53750U 22107BC  23362.01707615  .00003885  00000-0  26202-3 0  9994,2 53750  53.2149 267.7132 0001661  58.4320 301.6834 15.08846303 73429,6917.861,95.437,540.875,538.577,0.0
53750.0,STARLINK-4612,PAYLOAD,2023-12-28 22:39:59,15.08841625,0.0001638,53.2157,263.5418,112.0803,248.0364,3.2224e-05,2.25e-06,0.0,0 STARLINK-4612,1 53750U 22107BC  23362.94443443  .00000225  00000-0  32224-4 0  9999,2 53750  53.2157 263.5418 0001638 112.0803 248.0364 15.08841625 73565,6917.875,95.437,540.874,538.607,0.0
53750.0,STARLINK-4612,PAYLOAD,2023-12-29 03:26:08,15.08841706,0.000141,53.215,262.6516,103.9353,256.1796,3.8419e-05,3.24e-06,0.0,0 STARLINK-4612,1 53750U 22107BC  23363.14315456  .00000324  00000-0  38419-4 0  9996,2 53750  53.2150 262.6516 0001410 103.9353 256.1796 15.08841706 72809,6917.875,95.437,540.716,538.765,0.0
53750.0,STARLINK-4612,PAYLOAD,2023-12-29 22:30:45,15.08850548,0.0001552,53.2158,259.0824,128.5259,231.5872,0.00024694,3.645e-05,0.0,0 STARLINK-4612,1 53750U 22107BC  23363.93802919  .00003645  00000-0  24694-3 0  9996,2 53750  53.2158 259.0824 0001552 128.5259 231.5872 15.08850548 73711,6917.848,95.437,540.787,538.639,0.0
53750.0,STARLINK-4612,PAYLOAD,2023-12-30 03:16:55,15.08852046,0.0001532,53.2156,258.19,89.6399,270.4769,5.5919e-05,6.02e-06,0.0,0 STARLINK-4612,1 53750U 22107BC  23364.13674997  .00000602  00000-0  55919-4 0  9997,2 53750  53.2156 258.1900 0001532  89.6399 270.4769 15.08852046 73749,6917.844,95.437,540.768,538.649,0.0
53750.0,STARLINK-4612,PAYLOAD,2023-12-30 16:00:00,15.08837434,0.0001592,53.216,255.8097,95.0402,265.0772,8.3109e-05,1.035e-05,0.0,0 STARLINK-4612,1 53750U 22107BC  23364.66667792  .00001035  00000-0  83109-4 0  9993,2 53750  53.2160 255.8097 0001592  95.0402 265.0772 15.08837434 73037,6917.888,95.438,540.855,538.652,0.0
53750.0,STARLINK-4612,PAYLOAD,2023-12-30 22:21:33,15.08838055,0.0001526,53.2157,254.6201,107.1596,252.9563,5.6127e-05,6.05e-06,0.0,0 STARLINK-4612,1 53750U 22107BC  23364.93163610  .00000605  00000-0  56127-4 0  9995,2 53750  53.2157 254.6201 0001526 107.1596 252.9563 15.08838055 73867,6917.886,95.438,540.807,538.696,0.0
53750.0,STARLINK-4612,PAYLOAD,2023-12-31 22:12:20,15.08843069,0.0001446,53.2168,250.1623,109.2353,250.8796,1.0059e-05,-1.28e-06,0.0,0 STARLINK-4612,1 53750U 22107BC  23365.92523837 -.00000128  00000-0  10059-4 0  9991,2 53750  53.2168 250.1623 0001446 109.2353 250.8796 15.08843069 74017,6917.871,95.437,540.736,538.736,0.0
53750.0,STARLINK-4612,PAYLOAD,2024-01-01 22:03:07,15.08845934,0.000122,53.2155,245.7021,87.5501,272.5631,0.00017293,2.466e-05,0.0,0 STARLINK-4612,1 53750U 22107BC  24001.91883362  .00002466  00000-0  17293-3 0  9992,2 53750  53.2155 245.7021 0001220  87.5501 272.5631 15.08845934 74166,6917.862,95.437,540.571,538.883,0.0
53750.0,STARLINK-4612,PAYLOAD,2024-01-02 01:13:53,15.08850602,0.0001262,53.2147,245.1073,91.3026,268.8111,0.00022549,3.304e-05,0.0,0 STARLINK-4612,1 53750U 22107BC  24002.05131051  .00003304  00000-0  22549-3 0  9991,2 53750  53.2147 245.1073 0001262  91.3026 268.8111 15.08850602 73392,6917.848,95.437,540.586,538.84,0.0
53750.0,STARLINK-4612,PAYLOAD,2024-01-02 21:53:54,15.08844988,0.0001638,53.2161,241.2423,116.0568,244.0592,0.00010108,1.321e-05,0.0,0 STARLINK-4612,1 53750U 22107BC  24002.91243108  .00001321  00000-0  10108-3 0  9998,2 53750  53.2161 241.2423 0001638 116.0568 244.0592 15.08844988 74319,6917.865,95.437,540.863,538.597,0.0
53750.0,STARLINK-4612,PAYLOAD,2024-01-02 23:29:17,15.08845605,0.0001364,53.2149,240.9448,78.1929,281.9216,0.00011515,1.545e-05,0.0,0 STARLINK-4612,1 53750U 22107BC  24002.97867261  .00001545  00000-0  11515-3 0  9997,2 53750  53.2149 240.9448 0001364  78.1929 281.9216 15.08845605 73536,6917.863,95.437,540.672,538.785,0.0
53750.0,STARLINK-4612,PAYLOAD,2024-01-03 20:09:18,15.0884112,0.0001576,53.2155,237.0761,77.0561,283.0607,-6.4387e-05,-1.313e-05,0.0,0 STARLINK-4612,1 53750U 22107BC  24003.83979536 -.00001313  00000-0 -64387-4 0  9993,2 53750  53.2155 237.0761 0001576  77.0561 283.0607 15.08841120 73662,6917.877,95.437,540.832,538.652,0.0
53750.0,STARLINK-4612,PAYLOAD,2024-01-03 21:44:41,15.08838799,0.0001623,53.2153,236.7836,68.6134,291.5031,-4.7045e-06,-3.63e-06,0.0,0 STARLINK-4612,1 53750U 22107BC  24003.90603742 -.00000363  00000-0 -47045-5 0  9991,2 53750  53.2153 236.7836 0001623  68.6134 291.5031 15.08838799 74466,6917.884,95.438,540.872,538.626,0.0
53750.0,STARLINK-4612,PAYLOAD,2024-01-04 21:35:28,15.08839922,0.0001516,53.2158,232.3207,86.4398,273.6768,5.6295e-05,6.08e-06,0.0,0 STARLINK-4612,1 53750U 22107BC  24004.89963676  .00000608  00000-0  56295-4 0  9991,2 53750  53.2158 232.3207 0001516  86.4398 273.6768 15.08839922 74610,6917.881,95.438,540.794,538.697,0.0
53750.0,STARLINK-4612,PAYLOAD,2024-01-05 15:04:43,15.08835928,0.0001555,53.2161,229.0488,93.7579,266.3591,7.5664e-05,9.16e-06,0.0,0 STARLINK-4612,1 53750U 22107BC  24005.62828014  .00000916  00000-0  75664-4 0  9992,2 53750  53.2161 229.0488 0001555  93.7579 266.3591 15.08835928 74720,6917.893,95.438,540.834,538.682,0.0
53750.0,STARLINK-4612,PAYLOAD,2024-01-05 21:26:15,15.08837334,0.0001555,53.2162,227.8612,97.3462,262.7707,7.9684e-05,9.8e-06,0.0,0 STARLINK-4612,1 53750U 22107BC  24005.89323957  .00000980  00000-0  79684-4 0  9994,2 53750  53.2162 227.8612 0001555  97.3462 262.7707 15.08837334 74763,6917.889,95.438,540.829,538.678,0.0
53750.0,STARLINK-4612,PAYLOAD,2024-01-06 00:37:02,15.08838504,0.0001515,53.2159,227.2651,93.5976,266.5189,8.6165e-05,1.084e-05,0.0,0 STARLINK-4612,1 53750U 22107BC  24006.02571887  .00001084  00000-0  86165-4 0  9995,2 53750  53.2159 227.2651 0001515  93.5976 266.5189 15.08838504 73990,6917.885,95.438,540.798,538.702,0.0
53750.0,STARLINK-4612,PAYLOAD,2024-01-06 21:17:02,15.08839928,0.0001504,53.2158,223.3989,97.0315,263.0848,7.3025e-05,8.74e-06,0.0,0 STARLINK-4612,1 53750U 22107BC  24006.88683893  .00000874  00000-0  73025-4 0  9997,2 53750  53.2158 223.3989 0001504  97.0315 263.0848 15.08839928 74912,6917.881,95.438,540.786,538.705,0.0
53750.0,STARLINK-4612,PAYLOAD,2024-01-07 14:46:17,15.08836572,0.0001492,53.2158,220.1279,94.3712,265.7451,4.2886e-05,3.95e-06,0.0,0 STARLINK-4612,1 53750U 22107BC  24007.61548426  .00000395  00000-0  42886-4 0  9990,2 53750  53.2158 220.1279 0001492  94.3712 265.7451 15.08836572 75020,6917.891,95.438,540.788,538.724,0.0
53750.0,STARLINK-4612,PAYLOAD,2024-01-07 19:32:27,15.08835167,0.0001482,53.2158,219.2356,99.9345,260.1814,2.3287e-05,8.3e-07,0.0,0 STARLINK-4612,1 53750U 22107BC  24007.81420560  .00000083  00000-0  23287-4 0  9998,2 53750  53.2158 219.2356 0001482  99.9345 260.1814 15.08835167 74263,6917.895,95.438,540.785,538.735,0.0
53750.0,STARLINK-4612,PAYLOAD,2024-01-08 20:58:37,15.08841794,0.000145,53.2158,214.4783,99.5712,260.5444,7.6028e-05,9.22e-06,0.0,0 STARLINK-4612,1 53750U 22107BC  24008.87404155  .00000922  00000-0  76028-4 0  9990,2 53750  53.2158 214.4783 0001450  99.5712 260.5444 15.08841794 75215,6917.875,95.437,540.743,538.737,0.0
53750.0,STARLINK-4612,PAYLOAD,2024-01-09 22:24:47,15.0884042,0.0001357,53.2157,209.7193,87.2697,272.8451,0.00010797,1.431e-05,0.0,0 STARLINK-4612,1 53750U 22107BC  24009.93388337  .00001431  00000-0  10797-3 0  9997,2 53750  53.2157 209.7193 0001357  87.2697 272.8451 15.08840420 75374,6917.879,95.438,540.683,538.805,0.0
53750.0,STARLINK-4612,PAYLOAD,2024-01-10 20:40:11,15.08844859,0.0001465,53.2158,205.5578,80.5119,279.6039,8.2389e-05,1.024e-05,0.0,0 STARLINK-4612,1 53750U 22107BC  24010.86124180  .00001024  00000-0  82389-4 0  9990,2 53750  53.2158 205.5578 0001465  80.5119 279.6039 15.08844859 75514,6917.866,95.437,540.744,538.717,0.0
53750.0,STARLINK-4612,PAYLOAD,2024-01-11 18:55:34,15.08846473,0.000131,53.2148,201.3934,89.8886,270.2256,8.6798e-05,1.094e-05,0.0,0 STARLINK-4612,1 53750U 22107BC  24011.78859766  .00001094  00000-0  86798-4 0  9992,2 53750  53.2148 201.3934 0001310  89.8886 270.2256 15.08846473 74864,6917.861,95.437,540.632,538.819,0.0
53750.0,STARLINK-4612,PAYLOAD,2024-01-12 18:46:22,15.08838749,0.0001236,53.2149,196.9321,97.5677,262.5455,-4.6033e-06,-3.61e-06,0.0,0 STARLINK-4612,1 53750U 22107BC  24012.78220415 -.00000361  00000-0 -46033-5 0  9993,2 53750  53.2149 196.9321 0001236  97.5677 262.5455 15.08838749 75015,6917.884,95.438,540.604,538.894,0.0
53750.0,STARLINK-4612,PAYLOAD,2024-01-12 21:57:08,15.0883848,0.0001234,53.2148,196.3374,98.2589,261.8543,-9.1588e-06,-4.34e-06,0.0,0 STARLINK-4612,1 53750U 22107BC  24012.91468416 -.00000434  00000-0 -91588-5 0  9999,2 53750  53.2148 196.3374 0001234  98.2589 261.8543 15.08838480 75825,6917.885,95.438,540.604,538.896,0.0
53750.0,STARLINK-4612,PAYLOAD,2024-01-13 12:15:36,15.08836519,0.0001221,53.2144,193.6609,108.8032,251.3093,2.6235e-05,1.3e-06,0.0,0 STARLINK-4612,1 53750U 22107BC  24013.51084438  .00000130  00000-0  26235-4 0  9991,2 53750  53.2144 193.6609 0001221 108.8032 251.3093 15.08836519 75914,6917.891,95.438,540.601,538.911,0.0
53750.0,STARLINK-4612,PAYLOAD,2024-01-14 12:06:23,15.08836936,0.0001258,53.2155,189.1997,89.1164,270.9972,9.8835e-05,1.285e-05,0.0,0 STARLINK-4612,1 53750U 22107BC  24014.50444444  .00001285  00000-0  98835-4 0  9995,2 53750  53.2155 189.1997 0001258  89.1164 270.9972 15.08836936 75278,6917.89,95.438,540.625,538.884,0.0
53750.0,STARLINK-4612,PAYLOAD,2024-01-14 16:52:33,15.08840416,0.0001248,53.2155,188.3077,89.6674,270.4461,0.00012586,1.716e-05,0.0,0 STARLINK-4612,1 53750U 22107BC  24014.70316234  .00001716  00000-0  12586-3 0  9999,2 53750  53.2155 188.3077 0001248  89.6674 270.4461 15.08840416 76095,6917.879,95.438,540.607,538.881,0.0
53750.0,STARLINK-4612,PAYLOAD,2024-01-15 13:32:34,15.08837738,0.0001254,53.2153,184.4422,84.0857,276.0278,4.018e-05,3.52e-06,0.0,0 STARLINK-4612,1 53750U 22107BC  24015.56428804  .00000352  00000-0  40180-4 0  9998,2 53750  53.2153 184.4422 0001254  84.0857 276.0278 15.08837738 76229,6917.887,95.438,540.62,538.885,0.0
53750.0,STARLINK-4612,PAYLOAD,2024-01-15 16:43:20,15.08838008,0.0001241,53.2154,183.8474,83.8058,276.3076,3.681e-05,2.98e-06,0.0,0 STARLINK-4612,1 53750U 22107BC  24015.69676792  .00000298  00000-0  36810-4 0  9997,2 53750  53.2154 183.8474 0001241  83.8058 276.3076 15.08838008 75450,6917.886,95.438,540.61,538.893,0.0
53750.0,STARLINK-4612,PAYLOAD,2024-01-16 14:58:44,15.08841195,0.0001199,53.2153,179.6852,81.3268,278.786,2.813e-05,1.6e-06,0.0,0 STARLINK-4612,1 53750U 22107BC  24016.62412732  .00000160  00000-0  28130-4 0  9997,2 53750  53.2153 179.6852 0001199  81.3268 278.7860 15.08841195 76381,6917.877,95.437,540.571,538.912,0.0
53750.0,STARLINK-4612,PAYLOAD,2024-01-16 19:44:53,15.08846244,0.000121,53.2153,178.7928,86.1829,273.9301,6.7613e-05,7.89e-06,0.0,0 STARLINK-4612,1 53750U 22107BC  24016.82284236  .00000789  00000-0  67613-4 0  9991,2 53750  53.2153 178.7928 0001210  86.1829 273.9301 15.08846244 75628,6917.861,95.437,540.563,538.889,0.0
53750.0,STARLINK-4612,PAYLOAD,2024-01-17 14:49:32,15.08828493,0.00014,53.2157,175.2249,68.7305,291.3836,1.0463e-05,-1.21e-06,0.0,0 STARLINK-4612,1 53750U 22107BC  24017.61773916 -.00000121  00000-0  10463-4 0  9999,2 53750  53.2157 175.2249 0001400  68.7305 291.3836 15.08828493 76530,6917.916,95.438,540.749,538.812,0.0
53750.0,STARLINK-4612,PAYLOAD,2024-01-17 18:00:18,15.0883443,0.0001389,53.2154,174.6296,77.825,282.2898,5.9961e-05,6.66e-06,0.0,0 STARLINK-4612,1 53750U 22107BC  24017.75021493  .00000666  00000-0  59961-4 0  9999,2 53750  53.2154 174.6296 0001389  77.8250 282.2898 15.08834430 75767,6917.897,95.438,540.723,538.802,0.0
53750.0,STARLINK-4612,PAYLOAD,2024-01-18 14:40:18,15.08847564,0.0001343,53.2154,170.7644,77.9701,282.1442,9.8277e-05,1.277e-05,0.0,0 STARLINK-4612,1 53750U 22107BC  24018.61132803  .00001277  00000-0  98277-4 0  9995,2 53750  53.2154 170.7644 0001343  77.9701 282.1442 15.08847564 76681,6917.857,95.437,540.651,538.793,0.0
53750.0,STARLINK-4612,PAYLOAD,2024-01-18 17:51:05,15.08849447,0.00014,53.2147,170.1692,78.9068,281.2081,0.0002027,2.94e-05,0.0,0 STARLINK-4612,1 53750U 22107BC  24018.74380796  .00002940  00000-0  20270-3 0  9990,2 53750  53.2147 170.1692 0001400  78.9068 281.2081 15.08849447 75917,6917.852,95.437,540.685,538.748,0.0
53750.0,STARLINK-4612,PAYLOAD,2024-01-19 14:31:05,15.08828428,0.0001479,53.2143,166.3045,66.9209,293.1939,-0.00014176,-2.543e-05,0.0,0 STARLINK-4612,1 53750U 22107BC  24019.60492982 -.00002543  00000-0 -14176-3 0  9996,2 53750  53.2143 166.3045 0001479  66.9209 293.1939 15.08828428 76834,6917.916,95.438,540.804,538.758,0.0
53750.0,STARLINK-4612,PAYLOAD,2024-01-19 16:06:28,15.08828804,0.0001635,53.2139,166.0072,68.4939,291.6227,-0.0003078,-5.182e-05,0.0,0 STARLINK-4612,1 53750U 22107BC  24019.67116622 -.00005182  00000-0 -30780-3 0  9998,2 53750  53.2139 166.0072 0001635  68.4939 291.6227 15.08828804 76052,6917.915,95.438,540.911,538.649,0.0
53750.0,STARLINK-4612,PAYLOAD,2024-01-20 14:21:53,15.08830659,0.0001693,53.2149,161.8425,72.3672,287.7505,-0.0001705,-3e-05,0.0,0 STARLINK-4612,1 53750U 22107BC  24020.59853094 -.00003000  00000-0 -17050-3 0  9994,2 53750  53.2149 161.8425 0001693  72.3672 287.7505 15.08830659 76988,6917.909,95.438,540.945,538.603,0.0
53750.0,STARLINK-4612,PAYLOAD,2024-01-20 19:08:02,15.0883389,0.0001687,53.215,160.9492,67.9671,292.15,-1.51e-05,-5.28e-06,0.0,0 STARLINK-4612,1 53750U 22107BC  24020.79725177 -.00000528  00000-0 -15100-4 0  9993,2 53750  53.2150 160.9492 0001687  67.9671 292.1500 15.08833890 76228,6917.899,95.438,540.931,538.597,0.0
53750.0,STARLINK-4612,PAYLOAD,2024-01-21 14:12:40,15.08847038,0.0001759,53.2155,157.3815,76.7816,283.3372,0.00066876,0.00010373,0.0,0 STARLINK-4612,1 53750U 22107BC  24021.59213524  .00010373  00000-0  66876-3 0  9992,2 53750  53.2155 157.3815 0001759  76.7816 283.3372 15.08847038 76342,6917.859,95.437,540.941,538.507,0.0
53750.0,STARLINK-4612,PAYLOAD,2024-01-22 09:17:19,15.08830769,0.0001671,53.2155,153.813,79.6908,280.4272,0.00010852,1.439e-05,0.0,0 STARLINK-4612,1 53750U 22107BC  24022.38702564  .00001439  00000-0  10852-3 0  9993,2 53750  53.2155 153.8130 0001671  79.6908 280.4272 15.08830769 76463,6917.909,95.438,540.93,538.618,0.0
53750.0,STARLINK-4612,PAYLOAD,2024-01-22 15:38:51,15.08826623,0.0001696,53.2154,152.6238,79.2576,280.8607,8.5663e-05,1.075e-05,0.0,0 STARLINK-4612,1 53750U 22107BC  24022.65198942  .00001075  00000-0  85663-4 0  9991,2 53750  53.2154 152.6238 0001696  79.2576 280.8607 15.08826623 77294,6917.921,95.438,540.96,538.613,0.0
53750.0,STARLINK-4612,PAYLOAD,2024-01-23 12:18:52,15.08861619,0.0001645,53.2155,148.7581,80.1799,279.9379,0.00098015,0.00015355,0.0,0 STARLINK-4612,1 53750U 22107BC  24023.51310230  .00015355  00000-0  98015-3 0  9993,2 53750  53.2155 148.7581 0001645  80.1799 279.9379 15.08861619 76630,6917.814,95.436,540.817,538.541,0.0
53750.0,STARLINK-4612,PAYLOAD,2024-01-23 13:54:15,15.08872136,0.0001666,53.2153,148.4606,82.1264,277.9918,0.0013303,0.00020966,0.0,0 STARLINK-4612,1 53750U 22107BC  24023.57934046  .00020966  00000-0  13303-2 0  9996,2 53750  53.2153 148.4606 0001666  82.1264 277.9918 15.08872136 77437,6917.782,95.436,540.8,538.495,0.0
53750.0,STARLINK-4612,PAYLOAD,2024-01-24 12:09:38,15.08868235,0.0001785,53.2153,144.2981,87.1612,272.9584,0.0010605,0.00016643,0.0,0 STARLINK-4612,1 53750U 22107BC  24024.50669803  .00016643  00000-0  10605-2 0  9995,2 53750  53.2153 144.2981 0001785  87.1612 272.9584 15.08868235 76787,6917.794,95.436,540.894,538.424,0.0
53750.0,STARLINK-4612,PAYLOAD,2024-01-24 13:45:01,15.08859128,0.0001697,53.2152,144.001,114.5653,245.5517,0.0015103,0.00023843,0.0,0 STARLINK-4612,1 53750U 22107BC  24024.57293764  .00023843  00000-0  15103-2 0  9999,2 53750  53.2152 144.0010 0001697 114.5653 245.5517 15.08859128 77581,6917.822,95.436,540.861,538.513,0.0
53750.0,STARLINK-4612,PAYLOAD,2024-01-24 15:20:25,15.08839885,0.0001816,53.2153,143.704,74.4879,285.6314,0.0017059,0.00026966,0.0,0 STARLINK-4612,1 53750U 22107BC  24024.63918109  .00026966  00000-0  17059-2 0  9994,2 53750  53.2153 143.7040 0001816  74.4879 285.6314 15.08839885 76800,6917.881,95.438,541.002,538.489,0.0
53750.0,STARLINK-4612,PAYLOAD,2024-01-25 12:00:26,15.08840532,0.0002053,53.2155,139.8379,65.215,294.9055,0.00042488,6.48e-05,0.0,0 STARLINK-4612,1 53750U 22107BC  24025.50030479  .00006480  00000-0  42488-3 0  9990,2 53750  53.2155 139.8379 0002053  65.2150 294.9055 15.08840532 76937,6917.879,95.438,541.164,538.324,0.0
53750.0,STARLINK-4612,PAYLOAD,2024-01-25 13:35:49,15.08840297,0.0001811,53.2152,139.5407,75.1073,285.0119,0.00022292,3.262e-05,0.0,0 STARLINK-4612,1 53750U 22107BC  24025.56654360  .00003262  00000-0  22292-3 0  9993,2 53750  53.2152 139.5407 0001811  75.1073 285.0119 15.08840297 77737,6917.879,95.438,540.997,538.492,0.0
53750.0,STARLINK-4612,PAYLOAD,2024-01-25 15:11:13,15.08833193,0.0001966,53.2155,139.2434,78.3925,281.7288,0.00062833,9.724e-05,0.0,0 STARLINK-4612,1 53750U 22107BC  24025.63279010  .00009724  00000-0  62833-3 0  9990,2 53750  53.2155 139.2434 0001966  78.3925 281.7288 15.08833193 76959,6917.901,95.438,541.126,538.406,0.0
53750.0,STARLINK-4612,PAYLOAD,2024-01-26 13:26:36,15.08847498,0.0002004,53.2161,135.0799,68.7126,291.408,0.00029005,4.332e-05,0.0,0 STARLINK-4612,1 53750U 22107BC  24026.56014230  .00004332  00000-0  29005-3 0  9998,2 53750  53.2161 135.0799 0002004  68.7126 291.4080 15.08847498 77888,6917.857,95.437,541.109,538.336,0.0
53750.0,STARLINK-4612,PAYLOAD,2024-01-27 13:17:23,15.08844291,0.0001972,53.2164,130.6191,65.3346,294.7851,0.00016054,2.268e-05,0.0,0 STARLINK-4612,1 53750U 22107BC  24027.55374333  .00002268  00000-0  16054-3 0  9997,2 53750  53.2164 130.6191 0001972  65.3346 294.7851 15.08844291 77248,6917.867,95.437,541.096,538.368,0.0
53750.0,STARLINK-4612,PAYLOAD,2024-01-28 13:08:10,15.08843228,0.0001887,53.2171,126.1642,95.0842,265.0366,0.00012458,1.695e-05,0.0,0 STARLINK-4612,1 53750U 22107BC  24028.54734212  .00001695  00000-0  12458-3 0  9990,2 53750  53.2171 126.1642 0001887  95.0842 265.0366 15.08843228 78188,6917.871,95.437,541.041,538.43,0.0
53750.0,STARLINK-4612,PAYLOAD,2024-01-29 11:23:33,15.08847853,0.00018,53.2174,122.001,100.2663,259.8532,0.00020912,3.042e-05,0.0,0 STARLINK-4612,1 53750U 22107BC  24029.47469789  .00003042  00000-0  20912-3 0  9999,2 53750  53.2174 122.0010 0001800 100.2663 259.8532 15.08847853 77532,6917.856,95.437,540.967,538.476,0.0
53750.0,STARLINK-4612,PAYLOAD,2024-01-30 11:14:21,15.08835448,0.0001813,53.2168,117.5396,108.47,251.649,-3.5605e-05,-8.55e-06,0.0,0 STARLINK-4612,1 53750U 22107BC  24030.46830396 -.00000855  00000-0 -35605-4 0  9993,2 53750  53.2168 117.5396 0001813 108.4700 251.6490 15.08835448 77683,6917.894,95.438,541.014,538.505,0.0
53750.0,STARLINK-4612,PAYLOAD,2024-01-30 12:49:44,15.08835511,0.000178,53.2167,117.242,107.247,252.8717,-3.9679e-05,-9.19e-06,0.0,0 STARLINK-4612,1 53750U 22107BC  24030.53454402 -.00000919  00000-0 -39679-4 0  9997,2 53750  53.2167 117.2420 0001780 107.2470 252.8717 15.08835511 78486,6917.894,95.438,540.99,538.528,0.0
53750.0,STARLINK-4612,PAYLOAD,2024-01-31 14:15:54,15.08844057,0.0001649,53.2168,112.4777,95.5852,264.5328,2.2787e-05,7.5e-07,0.0,0 STARLINK-4612,1 53750U 22107BC  24031.59438465  .00000075  00000-0  22787-4 0  9998,2 53750  53.2168 112.4777 0001649  95.5852 264.5328 15.08844057 78647,6917.868,95.437,540.874,538.592,0.0
53750.0,STARLINK-4612,PAYLOAD,2024-02-01 10:55:57,15.08794079,0.0001788,53.2178,108.608,83.42,276.6996,0.00052683,8.096e-05,0.0,0 STARLINK-4612,1 53750U 22107BC  24032.45553052  .00008096  00000-0  52683-3 0  9992,2 53750  53.2178 108.6080 0001788  83.4200 276.6996 15.08794079 77988,6918.021,95.44,541.123,538.649,0.0
53750.0,STARLINK-4612,PAYLOAD,2024-02-02 10:46:42,15.0885202,0.0002079,53.2171,104.1543,52.0529,308.0651,0.00017094,2.434e-05,0.0,0 STARLINK-4612,1 53750U 22107BC  24033.44910486  .00002434  00000-0  17094-3 0  9997,2 53750  53.2171 104.1543 0002079  52.0529 308.0651 15.08852020 78133,6917.844,95.437,541.147,538.27,0.0
53750.0,STARLINK-4612,PAYLOAD,2024-02-03 10:37:30,15.08846876,0.0001542,53.2178,99.6803,61.422,298.6928,4.9684e-05,5.03e-06,0.0,0 STARLINK-4612,1 53750U 22107BC  24034.44270929  .00000503  00000-0  49684-4 0  9995,2 53750  53.2178  99.6803 0001542  61.4220 298.6928 15.08846876 79070,6917.859,95.437,540.791,538.658,0.0
53750.0,STARLINK-4612,PAYLOAD,2024-02-04 10:28:16,15.08853062,0.0001571,53.2173,95.2398,105.1934,254.9232,3.146e-05,2.13e-06,0.0,0 STARLINK-4612,1 53750U 22107BC  24035.43630260  .00000213  00000-0  31460-4 0  9994,2 53750  53.2173  95.2398 0001571 105.1934 254.9232 15.08853062 79221,6917.84,95.437,540.792,538.619,0.0
53750.0,STARLINK-4612,PAYLOAD,2024-02-05 03:57:31,15.08838579,0.0001591,53.2161,91.9722,83.9356,276.1817,0.00010661,1.409e-05,0.0,0 STARLINK-4612,1 53750U 22107BC  24036.16494948  .00001409  00000-0  10661-3 0  9993,2 53750  53.2161  91.9722 0001591  83.9356 276.1817 15.08838579 78540,6917.885,95.438,540.85,538.649,0.0
53750.0,STARLINK-4612,PAYLOAD,2024-02-05 08:43:41,15.08838013,0.0001568,53.2167,91.0728,89.0624,271.0548,9.4175e-05,1.211e-05,0.0,0 STARLINK-4612,1 53750U 22107BC  24036.36367008  .00001211  00000-0  94175-4 0  9995,2 53750  53.2167  91.0728 0001568  89.0624 271.0548 15.08838013 79361,6917.886,95.438,540.836,538.667,0.0
53750.0,STARLINK-4612,PAYLOAD,2024-02-06 10:09:50,15.08845592,0.0001643,53.2168,86.3157,93.136,266.982,6.7732e-05,7.9e-06,0.0,0 STARLINK-4612,1 53750U 22107BC  24037.42350661  .00000790  00000-0  67732-4 0  9990,2 53750  53.2168  86.3157 0001643  93.1360 266.9820 15.08845592 78738,6917.863,95.437,540.865,538.592,0.0
53750.0,STARLINK-4612,PAYLOAD,2024-02-07 03:39:06,15.0883773,0.0001832,53.2175,83.0427,98.7635,261.3565,5.6985e-05,6.19e-06,0.0,0 STARLINK-4612,1 53750U 22107BC  24038.15215285  .00000619  00000-0  56985-4 0  9991,2 53750  53.2175  83.0427 0001832  98.7635 261.3565 15.08837730 78848,6917.887,95.438,541.02,538.485,0.0
53750.0,STARLINK-4612,PAYLOAD,2024-02-07 10:00:38,15.08840337,0.0001669,53.2174,81.8543,104.863,255.2547,9.6968e-05,1.256e-05,0.0,0 STARLINK-4612,1 53750U 22107BC  24038.41711015  .00001256  00000-0  96968-4 0  9995,2 53750  53.2174  81.8543 0001669 104.8630 255.2547 15.08840337 79675,6917.879,95.438,540.899,538.59,0.0
53750.0,STARLINK-4612,PAYLOAD,2024-02-07 19:32:57,15.08839418,0.0001482,53.2166,80.0694,90.0829,270.0333,0.00011098,1.479e-05,0.0,0 STARLINK-4612,1 53750U 22107BC  24038.81455195  .00001479  00000-0  11098-3 0  9990,2 53750  53.2166  80.0694 0001482  90.0829 270.0333 15.08839418 79736,6917.882,95.438,540.772,538.722,0.0
53750.0,STARLINK-4612,PAYLOAD,2024-02-08 11:26:47,15.08851932,0.0001576,53.2175,77.0955,109.0746,251.0417,0.00013202,1.814e-05,0.0,0 STARLINK-4612,1 53750U 22107BC  24039.47694297  .00001814  00000-0  13202-3 0  9993,2 53750  53.2175  77.0955 0001576 109.0746 251.0417 15.08851932 79046,6917.844,95.437,540.799,538.619,0.0
53750.0,STARLINK-4612,PAYLOAD,2024-02-09 11:17:35,15.08846939,0.0001775,53.2172,72.6315,108.8286,251.2898,9.7793e-05,1.269e-05,0.0,0 STARLINK-4612,1 53750U 22107BC  24040.47054806  .00001269  00000-0  97793-4 0  9993,2 53750  53.2172  72.6315 0001775 108.8286 251.2898 15.08846939 79193,6917.859,95.437,540.952,538.496,0.0
53750.0,STARLINK-4612,PAYLOAD,2024-02-10 01:36:04,15.08831383,0.000154,53.2174,69.9566,91.1415,268.9754,5.6534e-05,6.12e-06,0.0,0 STARLINK-4612,1 53750U 22107BC  24041.06672157  .00000612  00000-0  56534-4 0  9993,2 53750  53.2174  69.9566 0001540  91.1415 268.9754 15.08831383 79283,6917.907,95.438,540.837,538.706,0.0
53750.0,STARLINK-4612,PAYLOAD,2024-02-10 09:33:00,15.08838002,0.0001706,53.2172,68.4709,84.8531,275.2656,-5.4055e-06,-3.74e-06,0.0,0 STARLINK-4612,1 53750U 22107BC  24041.39792222 -.00000374  00000-0 -54055-5 0  9999,2 53750  53.2172  68.4709 0001706  84.8531 275.2656 15.08838002 80128,6917.886,95.438,540.932,538.571,0.0
53750.0,STARLINK-4612,PAYLOAD,2024-02-11 07:48:24,15.08841283,0.000148,53.2172,64.308,91.2856,268.8305,-7.8281e-06,-4.13e-06,0.0,0 STARLINK-4612,1 53750U 22107BC  24042.32528297 -.00000413  00000-0 -78281-5 0  9993,2 53750  53.2172  64.3080 0001480  91.2856 268.8305 15.08841283 79476,6917.876,95.437,540.765,538.718,0.0
53750.0,STARLINK-4612,PAYLOAD,2024-02-12 10:49:57,15.08857616,0.0001509,53.2163,59.2509,84.8092,275.3072,0.00040278,6.131e-05,0.0,0 STARLINK-4612,1 53750U 22107BC  24043.45135453  .00006131  00000-0  40278-3 0  9990,2 53750  53.2163  59.2509 0001509  84.8092 275.3072 15.08857616 79647,6917.827,95.436,540.735,538.648,0.0
53750.0,STARLINK-4612,PAYLOAD,2024-02-13 01:08:25,15.08841655,0.0001888,53.2167,56.5631,138.5586,221.555,-5.8975e-05,-1.227e-05,0.0,0 STARLINK-4612,1 53750U 22107BC  24044.04751943 -.00001227  00000-0 -58975-4 0  9991,2 53750  53.2167  56.5631 0001888 138.5586 221.5550 15.08841655 79732,6917.875,95.437,541.046,538.434,0.0
53750.0,STARLINK-4612,PAYLOAD,2024-02-13 07:29:58,15.08846545,0.0001432,53.2169,55.3854,93.6625,266.4531,0.00014571,2.032e-05,0.0,0 STARLINK-4612,1 53750U 22107BC  24044.31248036  .00002032  00000-0  14571-3 0  9991,2 53750  53.2169  55.3854 0001432  93.6625 266.4531 15.08846545 80561,6917.86,95.437,540.716,538.735,0.0
53750.0,STARLINK-4612,PAYLOAD,2024-02-13 17:02:17,15.08845712,0.0001517,53.2172,53.6012,103.9954,256.1207,0.00012419,1.689e-05,0.0,0 STARLINK-4612,1 53750U 22107BC  24044.70991928  .00001689  00000-0  12419-3 0  9995,2 53750  53.2172  53.6012 0001517 103.9954 256.1207 15.08845712 80624,6917.863,95.437,540.777,538.678,0.0
53750.0,STARLINK-4612,PAYLOAD,2024-02-14 04:09:59,15.08842626,0.0001614,53.2176,51.5228,106.1607,253.9563,1.7963e-05,-2e-08,0.0,0 STARLINK-4612,1 53750U 22107BC  24045.17360077 -.00000002  00000-0  17963-4 0  9991,2 53750  53.2176  51.5228 0001614 106.1607 253.9563 15.08842626 79902,6917.872,95.437,540.854,538.621,0.0
53750.0,STARLINK-4612,PAYLOAD,2024-02-14 07:20:45,15.0884471,0.0001674,53.2177,50.9295,111.8146,248.3024,8.6981e-05,1.097e-05,0.0,0 STARLINK-4612,1 53750U 22107BC  24045.30607974  .00001097  00000-0  86981-4 0  9996,2 53750  53.2177  50.9295 0001674 111.8146 248.3024 15.08844710 80714,6917.866,95.437,540.889,538.573,0.0
53750.0,STARLINK-4612,PAYLOAD,2024-02-14 16:53:04,15.08842116,0.0001572,53.2176,49.1455,107.9511,252.1653,9.13e-05,1.165e-05,0.0,0 STARLINK-4612,1 53750U 22107BC  24045.70352146  .00001165  00000-0  91300-4 0  9995,2 53750  53.2176  49.1455 0001572 107.9511 252.1653 15.08842116 80775,6917.874,95.437,540.826,538.651,0.0
53750.0,STARLINK-4612,PAYLOAD,2024-02-15 04:00:46,15.0883123,0.0001571,53.2191,47.0628,100.9358,259.1811,-1.0309e-05,-4.52e-06,0.0,0 STARLINK-4612,1 53750U 22107BC  24046.16720918 -.00000452  00000-0 -10309-4 0  9992,2 53750  53.2191  47.0628 0001571 100.9358 259.1811 15.08831230 80051,6917.907,95.438,540.859,538.685,0.0
53750.0,STARLINK-4612,PAYLOAD,2024-02-15 07:11:33,15.08831847,0.000164,53.219,46.4683,101.9751,258.1425,-1.5967e-05,-5.42e-06,0.0,0 STARLINK-4612,1 53750U 22107BC  24046.29968801 -.00000542  00000-0 -15967-4 0  9996,2 53750  53.2190  46.4683 0001640 101.9751 258.1425 15.08831847 80862,6917.905,95.438,540.905,538.636,0.0
53750.0,STARLINK-4612,PAYLOAD,2024-02-15 16:43:52,15.08835807,0.0001531,53.2189,44.6834,100.5613,259.5551,7.434e-05,8.95e-06,0.0,0 STARLINK-4612,1 53750U 22107BC  24046.69713058  .00000895  00000-0  74340-4 0  9991,2 53750  53.2189  44.6834 0001531 100.5613 259.5551 15.08835807 80921,6917.893,95.438,540.817,538.699,0.0
53750.0,STARLINK-4612,PAYLOAD,2024-02-16 03:51:33,15.08839895,0.000151,53.2182,42.6013,101.7285,258.3876,0.00013067,1.792e-05,0.0,0 STARLINK-4612,1 53750U 22107BC  24047.16080813  .00001792  00000-0  13067-3 0  9995,2 53750  53.2182  42.6013 0001510 101.7285 258.3876 15.08839895 80205,6917.881,95.438,540.79,538.701,0.0
53750.0,STARLINK-4612,PAYLOAD,2024-02-16 08:37:42,15.08846996,0.0001399,53.2172,41.7074,89.7842,270.331,0.00015653,2.205e-05,0.0,0 STARLINK-4612,1 53750U 22107BC  24047.35952411  .00002205  00000-0  15653-3 0  9991,2 53750  53.2172  41.7074 0001399  89.7842 270.3310 15.08846996 81028,6917.859,95.437,540.692,538.756,0.0
53750.0,STARLINK-4612,PAYLOAD,2024-02-17 03:42:21,15.08836742,0.0001915,53.2174,38.1383,71.0652,289.0548,0.00017597,2.513e-05,0.0,0 STARLINK-4612,1 53750U 22107BC  24048.15441365  .00002513  00000-0  17597-3 0  9992,2 53750  53.2174  38.1383 0001915  71.0652 289.0548 15.08836742 80353,6917.89,95.438,541.08,538.431,0.0
53750.0,STARLINK-4612,PAYLOAD,2024-02-17 08:28:30,15.08844589,0.0001579,53.2177,37.245,75.309,284.8077,0.00014802,2.069e-05,0.0,0 STARLINK-4612,1 53750U 22107BC  24048.35312796  .00002069  00000-0  14802-3 0  9991,2 53750  53.2177  37.2450 0001579  75.3090 284.8077 15.08844589 81179,6917.866,95.437,540.824,538.639,0.0
53750.0,STARLINK-4612,PAYLOAD,2024-02-17 16:25:26,15.08839996,0.000149,53.2174,35.7597,89.2238,270.8925,8.922e-05,1.132e-05,0.0,0 STARLINK-4612,1 53750U 22107BC  24048.68432985  .00001132  00000-0  89220-4 0  9997,2 53750  53.2174  35.7597 0001490  89.2238 270.8925 15.08839996 81220,6917.88,95.438,540.776,538.715,0.0
53750.0,STARLINK-4612,PAYLOAD,2024-02-18 08:19:16,15.08855574,0.0001502,53.2174,32.7821,100.6623,259.4538,0.00019507,2.819e-05,0.0,0 STARLINK-4612,1 53750U 22107BC  24049.34671977  .00002819  00000-0  19507-3 0  9990,2 53750  53.2174  32.7821 0001502 100.6623 259.4538 15.08855574 80533,6917.833,95.437,540.737,538.659,0.0
53750.0,STARLINK-4612,PAYLOAD,2024-02-18 16:16:13,15.08842347,0.0001979,53.2187,31.298,82.3087,277.813,5.9314e-05,6.56e-06,0.0,0 STARLINK-4612,1 53750U 22107BC  24049.67792941  .00000656  00000-0  59314-4 0  9999,2 53750  53.2187  31.2980 0001979  82.3087 277.8130 15.08842347 80586,6917.873,95.437,541.107,538.369,0.0
53750.0,STARLINK-4612,PAYLOAD,2024-02-19 08:10:03,15.08852108,0.0001518,53.2177,28.3231,98.399,261.7175,0.00019214,2.772e-05,0.0,0 STARLINK-4612,1 53750U 22107BC  24050.34032064  .00002772  00000-0  19214-3 0  9993,2 53750  53.2177  28.3231 0001518  98.3990 261.7175 15.08852108 80688,6917.843,95.437,540.759,538.658,0.0
53750.0,STARLINK-4612,PAYLOAD,2024-02-19 16:06:59,15.0883861,0.0001482,53.2186,26.8383,97.5501,262.5659,1.5668e-05,-3.9e-07,0.0,0 STARLINK-4612,1 53750U 22107BC  24050.67152725 -.00000039  00000-0  15668-4 0  9991,2 53750  53.2186  26.8383 0001482  97.5501 262.5659 15.08838610 80732,6917.885,95.438,540.775,538.724,0.0
53750.0,STARLINK-4612,PAYLOAD,2024-02-19 22:28:32,15.08836718,0.0001953,53.2175,25.6464,107.0229,253.0977,-2.057e-05,-6.16e-06,0.0,0 STARLINK-4612,1 53750U 22107BC  24050.93648950 -.00000616  00000-0 -20570-4 0  9990,2 53750  53.2175  25.6464 0001953 107.0229 253.0977 15.08836718 81561,6917.89,95.438,541.106,538.404,0.0
53750.0,STARLINK-4612,PAYLOAD,2024-02-20 04:50:05,15.08836113,0.0001553,53.2182,24.4611,100.544,259.5727,-2.6545e-06,-3.3e-06,0.0,0 STARLINK-4612,1 53750U 22107BC  24051.20144974 -.00000330  00000-0 -26545-5 0  9990,2 53750  53.2182  24.4611 0001553 100.5440 259.5727 15.08836113 81607,6917.892,95.438,540.832,538.683,0.0
53750.0,STARLINK-4612,PAYLOAD,2024-02-20 22:19:20,15.08836321,0.0001558,53.2189,21.1906,100.467,259.6497,9.1574e-05,1.17e-05,0.0,0 STARLINK-4612,1 53750U 22107BC  24051.93009281  .00001170  00000-0  91574-4 0  9995,2 53750  53.2189  21.1906 0001558 100.4670 259.6497 15.08836321 81712,6917.892,95.438,540.834,538.679,0.0
53750.0,STARLINK-4612,PAYLOAD,2024-02-21 03:05:29,15.08842987,0.000159,53.2181,20.2985,103.6132,256.5037,0.00021045,3.063e-05,0.0,0 STARLINK-4612,1 53750U 22107BC  24052.12881090  .00003063  00000-0  21045-3 0  9991,2 53750  53.2181  20.2985 0001590 103.6132 256.5037 15.08842987 80951,6917.871,95.437,540.836,538.636,0.0
53750.0,STARLINK-4612,PAYLOAD,2024-02-21 14:13:11,15.08843255,0.0001406,53.2176,18.2186,101.5102,258.6048,0.00014635,2.042e-05,0.0,0 STARLINK-4612,1 53750U 22107BC  24052.59249083  .00002042  00000-0  14635-3 0  9995,2 53750  53.2176  18.2186 0001406 101.5102 258.6048 15.08843255 81815,6917.87,95.437,540.708,538.763,0.0
53750.0,STARLINK-4612,PAYLOAD,2024-02-22 04:31:39,15.08835957,0.0001531,53.2184,15.5433,104.1913,255.9249,0.00020936,3.045e-05,0.0,0 STARLINK-4612,1 53750U 22107BC  24053.18865655  .00003045  00000-0  20936-3 0  9995,2 53750  53.2184  15.5433 0001531 104.1913 255.9249 15.08835957 81113,6917.893,95.438,540.817,538.699,0.0
53750.0,STARLINK-4612,PAYLOAD,2024-02-22 14:03:58,15.08842414,0.0001398,53.2178,13.7552,91.0409,269.0744,0.0001633,2.312e-05,0.0,0 STARLINK-4612,1 53750U 22107BC  24053.58609302  .00002312  00000-0  16330-3 0  9993,2 53750  53.2178  13.7552 0001398  91.0409 269.0744 15.08842414 81968,6917.873,95.437,540.705,538.771,0.0
53750.0,STARLINK-4612,PAYLOAD,2024-02-23 13:54:45,15.08840644,0.0001625,53.2187,9.296,95.4481,264.6696,6.9605e-05,8.2e-06,0.0,0 STARLINK-4612,1 53750U 22107BC  24054.57969492  .00000820  00000-0  69605-4 0  9998,2 53750  53.2187   9.2960 0001625  95.4481 264.6696 15.08840644 82110,6917.878,95.438,540.868,538.619,0.0
53750.0,STARLINK-4612,PAYLOAD,2024-02-23 20:16:18,15.0883854,0.0001589,53.2184,8.1072,94.6028,265.5146,0.00011384,1.524e-05,0.0,0 STARLINK-4612,1 53750U 22107BC  24054.84465671  .00001524  00000-0  11384-3 0  9990,2 53750  53.2184   8.1072 0001589  94.6028 265.5146 15.08838540 81364,6917.885,95.438,540.849,538.651,0.0
53750.0,STARLINK-4612,PAYLOAD,2024-02-24 13:45:32,15.08843583,0.0001835,53.2205,4.8348,87.2506,272.8696,-0.00013228,-2.393e-05,0.0,0 STARLINK-4612,1 53750U 22107BC  24055.57329566 -.00002393  00000-0 -13228-3 0  9999,2 53750  53.2205   4.8348 0001835  87.2506 272.8696 15.08843583 82264,6917.869,95.437,541.004,538.465,0.0
53750.0,STARLINK-4612,PAYLOAD,2024-02-25 05:39:23,15.08848861,0.0001532,53.2195,1.858,93.8903,266.2265,0.00020162,2.923e-05,0.0,0 STARLINK-4612,1 53750U 22107BC  24056.23569248  .00002923  00000-0  20162-3 0  9998,2 53750  53.2195   1.8580 0001532  93.8903 266.2265 15.08848861 81571,6917.853,95.437,540.778,538.658,0.0
53750.0,STARLINK-4612,PAYLOAD,2024-02-25 13:36:19,15.08842558,0.0001375,53.2187,0.3711,97.6211,262.4938,7.5899e-05,9.2e-06,0.0,0 STARLINK-4612,1 53750U 22107BC  24056.56689491  .00000920  00000-0  75899-4 0  9990,2 53750  53.2187   0.3711 0001375  97.6211 262.4938 15.08842558 82417,6917.873,95.437,540.689,538.786,0.0
53750.0,STARLINK-4612,PAYLOAD,2024-02-26 05:30:10,15.08856051,0.0001458,53.2179,357.3977,106.4859,253.6294,0.00026982,4.011e-05,0.0,0 STARLINK-4612,1 53750U 22107BC  24057.22928828  .00004011  00000-0  26982-3 0  9997,2 53750  53.2179 357.3977 0001458 106.4859 253.6294 15.08856051 81729,6917.831,95.437,540.705,538.688,0.0
53750.0,STARLINK-4612,PAYLOAD,2024-02-26 22:59:25,15.08839405,0.0001268,53.219,354.1287,90.5648,269.549,3.9805e-05,3.46e-06,0.0,0 STARLINK-4612,1 53750U 22107BC  24057.95793734  .00000346  00000-0  39805-4 0  9999,2 53750  53.2190 354.1287 0001268  90.5648 269.5490 15.08839405 82627,6917.882,95.438,540.624,538.87,0.0
53750.0,STARLINK-4612,PAYLOAD,2024-02-27 02:10:11,15.08845164,0.0001552,53.2183,353.5355,108.5311,251.585,-3.3834e-05,-8.27e-06,0.0,0 STARLINK-4612,1 53750U 22107BC  24058.09041412 -.00000827  00000-0 -33834-4 0  9996,2 53750  53.2183 353.5355 0001552 108.5311 251.5850 15.08845164 81855,6917.865,95.437,540.803,538.656,0.0
53750.0,STARLINK-4612,PAYLOAD,2024-02-27 05:20:57,15.08846401,0.000151,53.2183,352.9374,109.5491,250.5664,4.8788e-05,4.89e-06,0.0,0 STARLINK-4612,1 53750U 22107BC  24058.22289280  .00000489  00000-0  48788-4 0  9994,2 53750  53.2183 352.9374 0001510 109.5491 250.5664 15.08846401 82660,6917.861,95.437,540.77,538.681,0.0
53750.0,STARLINK-4612,PAYLOAD,2024-02-27 22:50:12,15.08838463,0.0001641,53.2177,349.665,112.1298,247.9869,3.59e-05,2.83e-06,0.0,0 STARLINK-4612,1 53750U 22107BC  24058.95153782  .00000283  00000-0  35900-4 0  9995,2 53750  53.2177 349.6650 0001641 112.1298 247.9869 15.08838463 82771,6917.885,95.438,540.885,538.615,0.0
53750.0,STARLINK-4612,PAYLOAD,2024-02-28 00:25:35,15.08838906,0.0001629,53.2177,349.3677,110.7687,249.3479,4.331e-05,4.01e-06,0.0,0 STARLINK-4612,1 53750U 22107BC  24059.01777774  .00000401  00000-0  43310-4 0  9992,2 53750  53.2177 349.3677 0001629 110.7687 249.3479 15.08838906 81997,6917.884,95.438,540.876,538.622,0.0
53750.0,STARLINK-4612,PAYLOAD,2024-02-28 05:11:45,15.08840763,0.0001658,53.2183,348.4753,109.5291,250.588,9.3382e-06,-1.39e-06,0.0,0 STARLINK-4612,1 53750U 22107BC  24059.21649714 -.00000139  00000-0  93382-5 0  9990,2 53750  53.2183 348.4753 0001658 109.5291 250.5880 15.08840763 82814,6917.878,95.438,540.89,538.596,0.0
53750.0,STARLINK-4612,PAYLOAD,2024-02-28 22:41:00,15.0883925,0.0001685,53.2178,345.2041,118.7198,241.3964,8.6304e-05,1.086e-05,0.0,0 STARLINK-4612,1 53750U 22107BC  24059.94513950  .00001086  00000-0  86304-4 0  9998,2 53750  53.2178 345.2041 0001685 118.7198 241.3964 15.08839250 82923,6917.883,95.438,540.913,538.582,0.0
53750.0,STARLINK-4612,PAYLOAD,2024-02-29 01:51:46,15.08839373,0.0001352,53.2187,344.6092,102.1306,257.9838,9.9675e-05,1.299e-05,0.0,0 STARLINK-4612,1 53750U 22107BC  24060.07762018  .00001299  00000-0  99675-4 0  9996,2 53750  53.2187 344.6092 0001352 102.1306 257.9838 15.08839373 82155,6917.882,95.438,540.683,538.812,0.0
53750.0,STARLINK-4612,PAYLOAD,2024-02-29 11:24:05,15.08841049,0.0001318,53.2189,342.8263,108.1177,251.9958,4.739e-05,4.66e-06,0.0,0 STARLINK-4612,1 53750U 22107BC  24060.47506064  .00000466  00000-0  47390-4 0  9999,2 53750  53.2189 342.8263 0001318 108.1177 251.9958 15.08841049 83006,6917.877,95.437,540.654,538.83,0.0
53750.0,STARLINK-4612,PAYLOAD,2024-02-29 22:31:47,15.08841777,0.0001662,53.2197,340.7516,118.6555,241.4605,6.5154e-05,7.49e-06,0.0,0 STARLINK-4612,1 53750U 22107BC  24060.93874417  .00000749  00000-0  65154-4 0  9992,2 53750  53.2197 340.7516 0001662 118.6555 241.4605 15.08841777 83079,6917.875,95.437,540.89,538.59,0.0
53750.0,STARLINK-4612,PAYLOAD,2024-03-01 11:14:52,15.08846652,0.0001286,53.2186,338.3682,84.8022,275.3117,0.00013909,1.927e-05,0.0,0 STARLINK-4612,1 53750U 22107BC  24061.46865867  .00001927  00000-0  13909-3 0  9999,2 53750  53.2186 338.3682 0001286  84.8022 275.3117 15.08846652 83159,6917.86,95.437,540.615,538.835,0.0
53750.0,STARLINK-4612,PAYLOAD,2024-03-01 22:22:34,15.08839225,0.0001481,53.2192,336.2918,101.3481,258.7677,8.622e-05,1.084e-05,0.0,0 STARLINK-4612,1 53750U 22107BC  24061.93234586  .00001084  00000-0  86220-4 0  9990,2 53750  53.2192 336.2918 0001481 101.3481 258.7677 15.08839225 83228,6917.883,95.438,540.772,538.723,0.0
53750.0,STARLINK-4612,PAYLOAD,2024-03-02 01:33:20,15.08843437,0.00015,53.2194,335.6985,107.1598,252.9559,0.0001036,1.361e-05,0.0,0 STARLINK-4612,1 53750U 22107BC  24062.06482206  .00001361  00000-0  10360-3 0  9998,2 53750  53.2194 335.6985 0001500 107.1598 252.9559 15.08843437 82451,6917.87,95.437,540.773,538.697,0.0
53750.0,STARLINK-4612,PAYLOAD,2024-03-02 22:13:21,15.08840426,0.0001518,53.2199,331.8308,93.0668,267.0498,0.00011304,1.512e-05,0.0,0 STARLINK-4612,1 53750U 22107BC  24062.92594475  .00001512  00000-0  11304-3 0  9992,2 53750  53.2199 331.8308 0001518  93.0668 267.0498 15.08840426 83379,6917.879,95.438,540.794,538.694,0.0
53750.0,STARLINK-4612,PAYLOAD,2024-03-03 02:59:30,15.08846937,0.0001473,53.219,330.9356,89.4273,270.6888,6.8196e-05,7.98e-06,0.0,0 STARLINK-4612,1 53750U 22107BC  24063.12466097  .00000798  00000-0  68196-4 0  9990,2 53750  53.2190 330.9356 0001473  89.4273 270.6888 15.08846937 82616,6917.859,95.437,540.743,538.705,0.0
53750.0,STARLINK-4612,PAYLOAD,2024-03-03 10:56:26,15.08845032,0.0001235,53.2178,329.4487,89.1835,270.9299,5.1498e-05,5.32e-06,0.0,0 STARLINK-4612,1 53750U 22107BC  24063.45586119  .00000532  00000-0  51498-4 0  9997,2 53750  53.2178 329.4487 0001235  89.1835 270.9299 15.08845032 83454,6917.865,95.437,540.584,538.876,0.0
53750.0,STARLINK-4612,PAYLOAD,2024-03-03 17:17:59,15.08839015,0.0001323,53.2171,328.2603,90.3389,269.7754,7.6938e-05,9.37e-06,0.0,0 STARLINK-4612,1 53750U 22107BC  24063.72082427  .00000937  00000-0  76938-4 0  9995,2 53750  53.2171 328.2603 0001323  90.3389 269.7754 15.08839015 83490,6917.883,95.438,540.664,538.833,0.0
53750.0,STARLINK-4612,PAYLOAD,2024-03-04 01:14:53,15.0885774,0.0001491,53.2188,326.7744,82.6946,277.4216,0.00018201,2.611e-05,0.0,0 STARLINK-4612,1 53750U 22107BC  24064.05201096  .00002611  00000-0  18201-3 0  9996,2 53750  53.2188 326.7744 0001491  82.6946 277.4216 15.08857740 82758,6917.826,95.436,540.723,538.66,0.0
53750.0,STARLINK-4612,PAYLOAD,2024-03-04 10:47:12,15.08851391,0.0001552,53.2182,324.9901,79.093,281.0236,0.00013657,1.887e-05,0.0,0 STARLINK-4612,1 53750U 22107BC  24064.44945459  .00001887  00000-0  13657-3 0  9991,2 53750  53.2182 324.9901 0001552  79.0930 281.0236 15.08851391 82814,6917.846,95.437,540.784,538.637,0.0
53750.0,STARLINK-4612,PAYLOAD,2024-03-04 23:30:17,15.08852671,0.0001366,53.2178,322.6086,92.5202,267.5947,8.0854e-05,1e-05,0.0,0 STARLINK-4612,1 53750U 22107BC  24064.97936941  .00001000  00000-0  80854-4 0  9996,2 53750  53.2178 322.6086 0001366  92.5202 267.5947 15.08852671 83689,6917.842,95.437,540.652,538.762,0.0
53750.0,STARLINK-4612,PAYLOAD,2024-03-05 21:45:43,15.08829218,0.0001406,53.2175,318.4484,93.8029,266.3124,-6.1223e-05,-1.262e-05,0.0,0 STARLINK-4612,1 53750U 22107BC  24065.90674831 -.00001262  00000-0 -61223-4 0  9998,2 53750  53.2175 318.4484 0001406  93.8029 266.3124 15.08829218 83031,6917.913,95.438,540.751,538.806,0.0
53750.0,STARLINK-4612,PAYLOAD,2024-03-05 23:21:05,15.08837387,0.0001486,53.218,318.1489,112.8537,247.2612,-0.00010702,-1.991e-05,0.0,0 STARLINK-4612,1 53750U 22107BC  24065.97298417 -.00001991  00000-0 -10702-3 0  9991,2 53750  53.2180 318.1489 0001486 112.8537 247.2612 15.08837387 83040,6917.888,95.438,540.781,538.725,0.0
53750.0,STARLINK-4612,PAYLOAD,2024-03-07 02:22:38,15.08841159,0.000153,53.2183,313.0921,109.1134,251.0024,-1.6286e-05,-5.47e-06,0.0,0 STARLINK-4612,1 53750U 22107BC  24067.09906201 -.00000547  00000-0 -16286-4 0  9993,2 53750  53.2183 313.0921 0001530 109.1134 251.0024 15.08841159 83211,6917.877,95.437,540.8,538.683,0.0
53750.0,STARLINK-4612,PAYLOAD,2024-03-08 08:34:59,15.08826466,0.0001501,53.2183,307.4422,81.9632,278.1531,0.00041675,6.348e-05,0.0,0 STARLINK-4612,1 53750U 22107BC  24068.35763487  .00006348  00000-0  41675-3 0  9992,2 53750  53.2183 307.4422 0001501  81.9632 278.1531 15.08826466 83400,6917.922,95.438,540.825,538.748,0.0
53750.0,STARLINK-4612,PAYLOAD,2024-03-08 22:53:27,15.08842533,0.0001417,53.2175,304.769,85.7793,274.3361,8.3343e-05,1.039e-05,0.0,0 STARLINK-4612,1 53750U 22107BC  24068.95378808  .00001039  00000-0  83343-4 0  9998,2 53750  53.2175 304.7690 0001417  85.7793 274.3361 15.08842533 84283,6917.873,95.437,540.718,538.757,0.0
53750.0,STARLINK-4612,PAYLOAD,2024-03-09 08:25:46,15.08841443,0.0001386,53.2172,302.9856,91.5451,268.57,8.99e-05,1.143e-05,0.0,0 STARLINK-4612,1 53750U 22107BC  24069.35122886  .00001143  00000-0  89900-4 0  9997,2 53750  53.2172 302.9856 0001386  91.5451 268.5700 15.08841443 84343,6917.876,95.437,540.7,538.782,0.0
53750.0,STARLINK-4612,PAYLOAD,2024-03-10 00:19:37,15.08844999,0.00013,53.2165,300.0119,88.7789,271.3352,6.8702e-05,8.06e-06,0.0,0 STARLINK-4612,1 53750U 22107BC  24070.01362576  .00000806  00000-0  68702-4 0  9996,2 53750  53.2165 300.0119 0001300  88.7789 271.3352 15.08844999 83651,6917.865,95.437,540.629,538.831,0.0
53750.0,STARLINK-4612,PAYLOAD,2024-03-10 14:38:06,15.08836437,0.0001226,53.2131,297.3323,81.7851,278.3281,8.1264e-05,1.006e-05,0.0,0 STARLINK-4612,1 53750U 22107BC  24070.60979227  .00001006  00000-0  81264-4 0  9999,2 53750  53.2131 297.3323 0001226  81.7851 278.3281 15.08836437 84533,6917.891,95.438,540.604,538.908,0.0
53750.0,STARLINK-4612,PAYLOAD,2024-03-10 20:59:38,15.08835091,0.0001361,53.2158,296.1445,87.0635,273.0513,2.9194e-05,1.77e-06,0.0,0 STARLINK-4612,1 53750U 22107BC  24070.87475504  .00000177  00000-0  29194-4 0  9999,2 53750  53.2158 296.1445 0001361  87.0635 273.0513 15.08835091 83784,6917.895,95.438,540.702,538.819,0.0
53750.0,STARLINK-4612,PAYLOAD,2024-03-10 22:35:01,15.0884633,0.0001168,53.2168,295.8471,82.1115,278.0009,-8.9385e-05,-1.71e-05,0.0,0 STARLINK-4612,1 53750U 22107BC  24070.94099215 -.00001710  00000-0 -89385-4 0  9992,2 53750  53.2168 295.8471 0001168  82.1115 278.0009 15.08846330 84586,6917.861,95.437,540.534,538.918,0.0
53750.0,STARLINK-4612,PAYLOAD,2024-03-11 00:10:24,15.08864967,5.09e-05,53.2176,295.5501,32.463,327.6393,-0.00028252,-4.784e-05,0.0,0 STARLINK-4612,1 53750U 22107BC  24071.00722572 -.00004784  00000-0 -28252-3 0  9998,2 53750  53.2176 295.5501 0000509  32.4630 327.6393 15.08864967 83801,6917.804,95.436,540.021,539.317,0.0
53750.0,STARLINK-4612,PAYLOAD,2024-03-11 08:07:20,15.08837057,0.0001407,53.2163,294.0622,84.1579,275.9574,4.5448e-05,4.35e-06,0.0,0 STARLINK-4612,1 53750U 22107BC  24071.33843387  .00000435  00000-0  45448-4 0  9996,2 53750  53.2163 294.0622 0001407  84.1579 275.9574 15.08837057 83850,6917.889,95.438,540.728,538.781,0.0
53750.0,STARLINK-4612,PAYLOAD,2024-03-11 14:28:53,15.08837227,0.0001193,53.2164,292.8722,87.9962,272.1167,2.5689e-05,1.21e-06,0.0,0 STARLINK-4612,1 53750U 22107BC  24071.60339375  .00000121  00000-0  25689-4 0  9990,2 53750  53.2164 292.8722 0001193  87.9962 272.1167 15.08837227 84685,6917.889,95.438,540.579,538.929,0.0
53750.0,STARLINK-4612,PAYLOAD,2024-03-12 20:41:12,15.0884096,0.0001363,53.2164,287.2238,85.6245,274.4903,0.00011502,1.543e-05,0.0,0 STARLINK-4612,1 53750U 22107BC  24072.86194972  .00001543  00000-0  11502-3 0  9998,2 53750  53.2164 287.2238 0001363  85.6245 274.4903 15.08840960 84088,6917.877,95.437,540.685,538.8,0.0
53750.0,STARLINK-4612,PAYLOAD,2024-03-13 14:10:27,15.08819409,0.0001369,53.2146,283.9502,106.5389,253.5754,0.00030937,4.636e-05,0.0,0 STARLINK-4612,1 53750U 22107BC  24073.59059776  .00004636  00000-0  30937-3 0  9990,2 53750  53.2146 283.9502 0001369 106.5389 253.5754 15.08819409 84988,6917.943,95.439,540.755,538.861,0.0
53750.0,STARLINK-4612,PAYLOAD,2024-03-13 20:31:59,15.08842165,0.0001745,53.2124,282.7626,87.7103,272.4089,-1.0898e-05,-4.62e-06,0.0,0 STARLINK-4612,1 53750U 22107BC  24073.85555232 -.00000462  00000-0 -10898-4 0  9997,2 53750  53.2124 282.7626 0001745  87.7103 272.4089 15.08842165 85022,6917.874,95.437,540.946,538.532,0.0
53750.0,STARLINK-4612,PAYLOAD,2024-03-14 20:22:46,15.0883781,0.0001585,53.2181,278.3037,92.4312,267.6862,5.0125e-05,5.1e-06,0.0,0 STARLINK-4612,1 53750U 22107BC  24074.84915323  .00000510  00000-0  50125-4 0  9997,2 53750  53.2181 278.3037 0001585  92.4312 267.6862 15.08837810 85171,6917.887,95.438,540.849,538.656,0.0
53750.0,STARLINK-4612,PAYLOAD,2024-03-15 13:52:01,15.08836609,0.0001564,53.2178,275.0325,91.9765,268.1406,4.4401e-05,4.19e-06,0.0,0 STARLINK-4612,1 53750U 22107BC  24075.57779564  .00000419  00000-0  44401-4 0  9991,2 53750  53.2178 275.0325 0001564  91.9765 268.1406 15.08836609 84493,6917.891,95.438,540.838,538.674,0.0
53750.0,STARLINK-4612,PAYLOAD,2024-03-16 12:07:25,15.08837905,0.0001405,53.2165,270.8683,90.9897,269.1256,1.4955e-05,-5e-07,0.0,0 STARLINK-4612,1 53750U 22107BC  24076.50515664 -.00000050  00000-0  14955-4 0  9997,2 53750  53.2165 270.8683 0001405  90.9897 269.1256 15.08837905 85426,6917.887,95.438,540.724,538.78,0.0
53750.0,STARLINK-4612,PAYLOAD,2024-03-16 18:28:58,15.08836899,0.0001493,53.2174,269.6804,107.4346,252.6809,6.9035e-05,8.11e-06,0.0,0 STARLINK-4612,1 53750U 22107BC  24076.77011630  .00000811  00000-0  69035-4 0  9993,2 53750  53.2174 269.6804 0001493 107.4346 252.6809 15.08836899 84675,6917.89,95.438,540.788,538.722,0.0
53750.0,STARLINK-4612,PAYLOAD,2024-03-17 11:58:12,15.08838382,0.0001354,53.2171,266.4091,96.0785,264.0362,7.6356e-05,9.27e-06,0.0,0 STARLINK-4612,1 53750U 22107BC  24077.49875701  .00000927  00000-0  76356-4 0  9992,2 53750  53.2171 266.4091 0001354  96.0785 264.0362 15.08838382 85571,6917.885,95.438,540.687,538.814,0.0
53750.0,STARLINK-4612,PAYLOAD,2024-03-17 19:55:08,15.08838247,0.0001276,53.2164,264.9213,84.3606,275.7532,7.2369e-05,8.64e-06,0.0,0 STARLINK-4612,1 53750U 22107BC  24077.82995818  .00000864  00000-0  72369-4 0  9991,2 53750  53.2164 264.9213 0001276  84.3606 275.7532 15.08838247 84833,6917.886,95.438,540.633,538.868,0.0
53750.0,STARLINK-4612,PAYLOAD,2024-03-17 21:30:31,15.08839987,0.0001329,53.2167,264.6237,94.3979,265.7165,8.6155e-05,1.084e-05,0.0,0 STARLINK-4612,1 53750U 22107BC  24077.89619642  .00001084  00000-0  86155-4 0  9999,2 53750  53.2167 264.6237 0001329  94.3979 265.7165 15.08839987 85634,6917.88,95.438,540.665,538.826,0.0
53750.0,STARLINK-4612,PAYLOAD,2024-03-18 11:49:00,15.08816999,0.0001412,53.2171,261.9473,104.4522,255.6627,0.00030115,4.505e-05,0.0,0 STARLINK-4612,1 53750U 22107BC  24078.49236317  .00004505  00000-0  30115-3 0  9995,2 53750  53.2171 261.9473 0001412 104.4522 255.6627 15.08816999 84932,6917.951,95.439,540.793,538.839,0.0
53750.0,STARLINK-4612,PAYLOAD,2024-03-18 21:21:18,15.08834828,0.0001427,53.2172,260.1636,106.0549,254.06,0.00013663,1.887e-05,0.0,0 STARLINK-4612,1 53750U 22107BC  24078.88979972  .00001887  00000-0  13663-3 0  9998,2 53750  53.2172 260.1636 0001427 106.0549 254.0600 15.08834828 85787,6917.896,95.438,540.748,538.774,0.0
53750.0,STARLINK-4612,PAYLOAD,2024-03-19 11:39:46,15.08839789,0.0001367,53.2159,257.4875,88.4063,271.7086,8.7587e-05,1.106e-05,0.0,0 STARLINK-4612,1 53750U 22107BC  24079.48595883  .00001106  00000-0  87587-4 0  9991,2 53750  53.2159 257.4875 0001367  88.4063 271.7086 15.08839789 85878,6917.881,95.438,540.692,538.8,0.0
53750.0,STARLINK-4612,PAYLOAD,2024-03-20 11:30:34,15.08841796,0.0001394,53.2181,253.0267,100.0104,260.1045,1.5494e-05,-4.1e-07,0.0,0 STARLINK-4612,1 53750U 22107BC  24080.47956047 -.00000041  00000-0  15494-4 0  9991,2 53750  53.2181 253.0267 0001394 100.0104 260.1045 15.08841796 86023,6917.875,95.437,540.704,538.776,0.0
53750.0,STARLINK-4612,PAYLOAD,2024-03-20 17:52:06,15.08839721,0.0001569,53.2178,251.8377,92.0782,268.039,2.4001e-05,9.4e-07,0.0,0 STARLINK-4612,1 53750U 22107BC  24080.74452174  .00000094  00000-0  24001-4 0  9994,2 53750  53.2178 251.8377 0001569  92.0782 268.0390 15.08839721 85274,6917.881,95.438,540.832,538.661,0.0
53750.0,STARLINK-4612,PAYLOAD,2024-03-21 14:32:07,15.08841165,0.0001547,53.2179,247.9722,99.4132,260.7035,1.3768e-05,-6.9e-07,0.0,0 STARLINK-4612,1 53750U 22107BC  24081.60564207 -.00000069  00000-0  13768-4 0  9992,2 53750  53.2179 247.9722 0001547  99.4132 260.7035 15.08841165 86193,6917.877,95.437,540.812,538.672,0.0
53750.0,STARLINK-4612,PAYLOAD,2024-03-21 17:42:53,15.08843062,0.0001573,53.218,247.3775,98.7545,261.3625,2.9809e-05,1.86e-06,0.0,0 STARLINK-4612,1 53750U 22107BC  24081.73812034  .00000186  00000-0  29809-4 0  9992,2 53750  53.2180 247.3775 0001573  98.7545 261.3625 15.08843062 86219,6917.871,95.437,540.824,538.648,0.0
53750.0,STARLINK-4612,PAYLOAD,2024-03-22 11:12:08,15.08835872,0.0001584,53.2184,244.1083,96.8731,263.2442,7.3066e-05,8.75e-06,0.0,0 STARLINK-4612,1 53750U 22107BC  24082.46676462  .00000875  00000-0  73066-4 0  9995,2 53750  53.2184 244.1083 0001584  96.8731 263.2442 15.08835872 85530,6917.893,95.438,540.854,538.662,0.0
53750.0,STARLINK-4612,PAYLOAD,2024-03-22 14:22:54,15.08838442,0.0001441,53.2188,243.5153,93.9854,266.1303,0.00010544,1.39e-05,0.0,0 STARLINK-4612,1 53750U 22107BC  24082.59924224  .00001390  00000-0  10544-3 0  9995,2 53750  53.2188 243.5153 0001441  93.9854 266.1303 15.08838442 86345,6917.885,95.438,540.747,538.753,0.0
53750.0,STARLINK-4612,PAYLOAD,2024-03-22 20:44:26,15.08849164,0.0001312,53.2169,242.3167,102.7835,257.3304,0.00010267,1.347e-05,0.0,0 STARLINK-4612,1 53750U 22107BC  24082.86419402  .00001347  00000-0  10267-3 0  9996,2 53750  53.2169 242.3167 0001312 102.7835 257.3304 15.08849164 85593,6917.852,95.437,540.625,538.81,0.0
53750.0,STARLINK-4612,PAYLOAD,2024-03-23 11:02:56,15.08828029,0.0001097,53.218,239.6479,98.9361,261.1755,-1.8874e-05,-5.88e-06,0.0,0 STARLINK-4612,1 53750U 22107BC  24083.46037434 -.00000588  00000-0 -18874-4 0  9995,2 53750  53.2180 239.6479 0001097  98.9361 261.1755 15.08828029 85681,6917.917,95.438,540.541,539.023,0.0
53750.0,STARLINK-4612,PAYLOAD,2024-03-23 20:35:13,15.0885035,0.0001538,53.2176,237.8587,113.145,246.9705,0.00013786,1.907e-05,0.0,0 STARLINK-4612,1 53750U 22107BC  24083.85779524  .00001907  00000-0  13786-3 0  9991,2 53750  53.2176 237.8587 0001538 113.1450 246.9705 15.08850350 85740,6917.849,95.437,540.778,538.65,0.0
53750.0,STARLINK-4612,PAYLOAD,2024-03-24 09:18:19,15.08844954,0.0001534,53.2175,235.4762,112.6484,247.4671,1.2032e-05,-9.6e-07,0.0,0 STARLINK-4612,1 53750U 22107BC  24084.38772232 -.00000096  00000-0  12032-4 0  9992,2 53750  53.2175 235.4762 0001534 112.6484 247.4671 15.08844954 85825,6917.865,95.437,540.791,538.669,0.0
53750.0,STARLINK-4612,PAYLOAD,2024-03-24 14:04:27,15.08851846,0.0002158,53.2181,234.5866,133.4032,226.714,7.5232e-05,9.1e-06,0.0,0 STARLINK-4612,1 53750U 22107BC  24084.58643482  .00000910  00000-0  75232-4 0  9993,2 53750  53.2181 234.5866 0002158 133.4032 226.7140 15.08851846 86640,6917.844,95.437,541.202,538.216,0.0
53750.0,STARLINK-4612,PAYLOAD,2024-03-24 18:50:36,15.08869106,0.0001266,53.2171,233.6921,109.8418,250.2711,0.00022856,3.354e-05,0.0,0 STARLINK-4612,1 53750U 22107BC  24084.78514234  .00003354  00000-0  22856-3 0  9995,2 53750  53.2171 233.6921 0001266 109.8418 250.2711 15.08869106 85884,6917.791,95.436,540.532,538.781,0.0
53750.0,STARLINK-4612,PAYLOAD,2024-03-25 17:06:01,15.08843776,0.0001729,53.2175,229.5315,76.421,283.6975,3.7372e-05,3.07e-06,0.0,0 STARLINK-4612,1 53750U 22107BC  24085.71252133  .00000307  00000-0  37372-4 0  9991,2 53750  53.2175 229.5315 0001729  76.4210 283.6975 15.08843776 86026,6917.869,95.437,540.93,538.538,0.0
53750.0,STARLINK-4612,PAYLOAD,2024-03-26 13:46:03,15.08829583,0.0001525,53.2167,225.6663,83.0224,277.0941,-0.00016005,-2.834e-05,0.0,0 STARLINK-4612,1 53750U 22107BC  24086.57365220 -.00002834  00000-0 -16005-3 0  9996,2 53750  53.2167 225.6663 0001525  83.0224 277.0941 15.08829583 86157,6917.912,95.438,540.832,538.722,0.0
53750.0,STARLINK-4612,PAYLOAD,2024-03-26 15:21:26,15.08828536,0.000143,53.2174,225.369,104.1747,255.9404,-0.00015277,-2.718e-05,0.0,0 STARLINK-4612,1 53750U 22107BC  24086.63989239 -.00002718  00000-0 -15277-3 0  9996,2 53750  53.2174 225.3690 0001430 104.1747 255.9404 15.08828536 86956,6917.915,95.438,540.77,538.791,0.0
53750.0,STARLINK-4612,PAYLOAD,2024-03-26 18:32:12,15.08837677,0.0001439,53.2163,224.7722,105.9215,254.1936,-9.3981e-06,-4.38e-06,0.0,0 STARLINK-4612,1 53750U 22107BC  24086.77236882 -.00000438  00000-0 -93981-5 0  9997,2 53750  53.2163 224.7722 0001439 105.9215 254.1936 15.08837677 86970,6917.887,95.438,540.748,538.757,0.0
53750.0,STARLINK-4612,PAYLOAD,2024-03-27 13:36:50,15.08839402,5.71e-05,53.2165,221.2054,128.5164,231.5879,7.5258e-05,9.1e-06,0.0,0 STARLINK-4612,1 53750U 22107BC  24087.56724687  .00000910  00000-0  75258-4 0  9999,2 53750  53.2165 221.2054 0000571 128.5164 231.5879 15.08839402 86302,6917.882,95.438,540.142,539.352,0.0
53750.0,STARLINK-4612,PAYLOAD,2024-03-27 15:12:13,15.08841018,0.0001057,53.217,220.9115,83.9583,276.1529,0.00011916,1.609e-05,0.0,0 STARLINK-4612,1 53750U 22107BC  24087.63348906  .00001609  00000-0  11916-3 0  9999,2 53750  53.2170 220.9115 0001057  83.9583 276.1529 15.08841018 87103,6917.877,95.437,540.473,539.011,0.0
53750.0,STARLINK-4612,PAYLOAD,2024-03-28 02:19:54,15.08850299,0.000116,53.2152,218.8293,101.3043,258.8079,0.00026768,3.976e-05,0.0,0 STARLINK-4612,1 53750U 22107BC  24088.09716322  .00003976  00000-0  26768-3 0  9991,2 53750  53.2152 218.8293 0001160 101.3043 258.8079 15.08850299 86384,6917.849,95.437,540.516,538.911,0.0
53750.0,STARLINK-4612,PAYLOAD,2024-03-28 11:52:14,15.08843436,0.0001717,53.2177,217.0429,111.3568,248.7607,0.00015259,2.141e-05,0.0,0 STARLINK-4612,1 53750U 22107BC  24088.49461077  .00002141  00000-0  15259-3 0  9995,2 53750  53.2177 217.0429 0001717 111.3568 248.7607 15.08843436 86441,6917.87,95.437,540.923,538.547,0.0
53750.0,STARLINK-4612,PAYLOAD,2024-03-28 15:03:00,15.08845021,0.0001733,53.2168,216.4473,108.2466,251.8715,0.00015994,2.259e-05,0.0,0 STARLINK-4612,1 53750U 22107BC  24088.62708975  .00002259  00000-0  15994-3 0  9997,2 53750  53.2168 216.4473 0001733 108.2466 251.8715 15.08845021 87250,6917.865,95.437,540.929,538.531,0.0
53750.0,STARLINK-4612,PAYLOAD,2024-03-28 18:13:46,15.08846664,0.0001778,53.2173,215.8533,107.1967,252.922,0.00014563,2.031e-05,0.0,0 STARLINK-4612,1 53750U 22107BC  24088.75956797  .00002031  00000-0  14563-3 0  9997,2 53750  53.2173 215.8533 0001778 107.1967 252.9220 15.08846664 87278,6917.86,95.437,540.955,538.495,0.0
53750.0,STARLINK-4612,PAYLOAD,2024-03-29 14:53:47,15.08852019,0.0001502,53.2155,211.9888,90.3434,269.7731,0.0001389,1.924e-05,0.0,0 STARLINK-4612,1 53750U 22107BC  24089.62068448  .00001924  00000-0  13890-3 0  9993,2 53750  53.2155 211.9888 0001502  90.3434 269.7731 15.08852019 87404,6917.844,95.437,540.748,538.67,0.0
53750.0,STARLINK-4612,PAYLOAD,2024-03-30 13:09:11,15.08841852,0.0001549,53.2171,207.8243,95.7076,264.4093,7.1925e-05,8.57e-06,0.0,0 STARLINK-4612,1 53750U 22107BC  24090.54804950  .00000857  00000-0  71925-4 0  9990,2 53750  53.2171 207.8243 0001549  95.7076 264.4093 15.08841852 86756,6917.875,95.437,540.811,538.668,0.0
53750.0,STARLINK-4612,PAYLOAD,2024-03-30 14:44:34,15.08842612,0.0001223,53.2163,207.5273,95.5298,264.5834,0.00012374,1.682e-05,0.0,0 STARLINK-4612,1 53750U 22107BC  24090.61428747  .00001682  00000-0  12374-3 0  9993,2 53750  53.2163 207.5273 0001223  95.5298 264.5834 15.08842612 87558,6917.872,95.437,540.583,538.891,0.0
53750.0,STARLINK-4612,PAYLOAD,2024-03-31 14:35:21,15.08841068,0.0001593,53.2173,203.073,104.6024,255.5145,7.216e-05,8.61e-06,0.0,0 STARLINK-4612,1 53750U 22107BC  24091.60789009  .00000861  00000-0  72160-4 0  9992,2 53750  53.2173 203.0730 0001593 104.6024 255.5145 15.08841068 87703,6917.877,95.437,540.844,538.64,0.0
53750.0,STARLINK-4612,PAYLOAD,2024-04-01 03:18:27,15.08832366,0.000173,53.2174,200.695,103.3651,256.7534,3.0264e-05,1.94e-06,0.0,0 STARLINK-4612,1 53750U 22107BC  24092.13781917  .00000194  00000-0  30264-4 0  9999,2 53750  53.2174 200.6950 0001730 103.3651 256.7534 15.08832366 86992,6917.904,95.438,540.966,538.572,0.0
53750.0,STARLINK-4612,PAYLOAD,2024-04-01 12:50:47,15.08821692,0.0001555,53.2182,198.9099,102.5628,257.5538,-8.2202e-05,-1.595e-05,0.0,0 STARLINK-4612,1 53750U 22107BC  24092.53527109 -.00001595  00000-0 -82202-4 0  9991,2 53750  53.2182 198.9099 0001555 102.5628 257.5538 15.08821692 87055,6917.936,95.439,540.877,538.726,0.0
53750.0,STARLINK-4612,PAYLOAD,2024-04-01 14:26:10,15.08822639,0.0001588,53.2181,198.6123,100.4852,259.6319,-6.3326e-05,-1.295e-05,0.0,0 STARLINK-4612,1 53750U 22107BC  24092.60151064 -.00001295  00000-0 -63326-4 0  9995,2 53750  53.2181 198.6123 0001588 100.4852 259.6319 15.08822639 87851,6917.933,95.439,540.897,538.7,0.0
53750.0,STARLINK-4612,PAYLOAD,2024-04-01 23:58:28,15.08837735,0.0001514,53.2172,196.8267,96.1176,263.9989,3.5667e-05,2.8e-06,0.0,0 STARLINK-4612,1 53750U 22107BC  24092.99894038  .00000280  00000-0  35667-4 0  9990,2 53750  53.2172 196.8267 0001514  96.1176 263.9989 15.08837735 87123,6917.887,95.438,540.8,538.705,0.0
53750.0,STARLINK-4612,PAYLOAD,2024-04-02 11:06:09,15.08849158,0.0001677,53.2173,194.7454,98.016,262.1022,0.00018324,2.63e-05,0.0,0 STARLINK-4612,1 53750U 22107BC  24093.46260946  .00002630  00000-0  18324-3 0  9999,2 53750  53.2173 194.7454 0001677  98.0160 262.1022 15.08849158 87191,6917.852,95.437,540.878,538.557,0.0
53750.0,STARLINK-4612,PAYLOAD,2024-04-02 12:41:32,15.08852311,0.0001652,53.2175,194.4476,97.8766,262.2414,0.00016143,2.283e-05,0.0,0 STARLINK-4612,1 53750U 22107BC  24093.52884822  .00002283  00000-0  16143-3 0  9992,2 53750  53.2175 194.4476 0001652  97.8766 262.2414 15.08852311 87995,6917.843,95.437,540.851,538.565,0.0
53750.0,STARLINK-4612,PAYLOAD,2024-04-02 14:16:55,15.08854474,0.0001629,53.2174,194.1501,95.9752,264.1426,0.00018241,2.617e-05,0.0,0 STARLINK-4612,1 53750U 22107BC  24093.59508644  .00002617  00000-0  18241-3 0  9996,2 53750  53.2174 194.1501 0001629  95.9752 264.1426 15.08854474 88007,6917.836,95.437,540.828,538.574,0.0
53750.0,STARLINK-4612,PAYLOAD,2024-04-03 12:32:20,15.08828077,0.0001278,53.2169,189.9862,94.7555,265.3583,0.00017723,2.533e-05,0.0,0 STARLINK-4612,1 53750U 22107BC  24094.52246526  .00002533  00000-0  17723-3 0  9999,2 53750  53.2169 189.9862 0001278  94.7555 265.3583 15.08828077 87355,6917.917,95.438,540.666,538.898,0.0
53750.0,STARLINK-4612,PAYLOAD,2024-04-03 14:07:44,15.08832508,0.0001367,53.2169,189.6883,95.3978,264.717,0.00022695,3.325e-05,0.0,0 STARLINK-4612,1 53750U 22107BC  24094.58870383  .00003325  00000-0  22695-3 0  9993,2 53750  53.2169 189.6883 0001367  95.3978 264.7170 15.08832508 88158,6917.903,95.438,540.714,538.823,0.0
53750.0,STARLINK-4612,PAYLOAD,2024-04-04 12:23:06,15.08850653,0.0001268,53.2158,185.5247,96.1648,263.9488,6.1145e-06,-1.91e-06,0.0,0 STARLINK-4612,1 53750U 22107BC  24095.51605165 -.00000191  00000-0  61145-5 0  9995,2 53750  53.2158 185.5247 0001268  96.1648 263.9488 15.08850653 87500,6917.848,95.437,540.59,538.836,0.0
53750.0,STARLINK-4612,PAYLOAD,2024-04-05 12:13:54,15.08845449,0.0001186,53.2154,181.0655,85.0397,275.0731,0.00020982,3.053e-05,0.0,0 STARLINK-4612,1 53750U 22107BC  24096.50965329  .00003053  00000-0  20982-3 0  9997,2 53750  53.2154 181.0655 0001186  85.0397 275.0731 15.08845449 87655,6917.864,95.437,540.549,538.908,0.0
53750.0,STARLINK-4612,PAYLOAD,2024-04-06 12:04:41,15.0884341,0.0001303,53.2171,176.604,87.8423,272.2718,4.2885e-05,3.95e-06,0.0,0 STARLINK-4612,1 53750U 22107BC  24097.50325238  .00000395  00000-0  42885-4 0  9990,2 53750  53.2171 176.6040 0001303  87.8423 272.2718 15.08843410 87800,6917.87,95.437,540.636,538.834,0.0
53750.0,STARLINK-4612,PAYLOAD,2024-04-07 11:55:28,15.08837977,0.0001272,53.2173,172.1429,85.6268,274.487,2.0545e-06,-2.55e-06,0.0,0 STARLINK-4612,1 53750U 22107BC  24098.49685920 -.00000255  00000-0  20545-5 0  9992,2 53750  53.2173 172.1429 0001272  85.6268 274.4870 15.08837977 88740,6917.887,95.438,540.632,538.872,0.0
53750.0,STARLINK-4612,PAYLOAD,2024-04-07 21:27:47,15.08840344,0.0001192,53.2167,170.3594,80.4812,279.6315,-2.2872e-05,-6.52e-06,0.0,0 STARLINK-4612,1 53750U 22107BC  24098.89429859 -.00000652  00000-0 -22872-4 0  9999,2 53750  53.2167 170.3594 0001192  80.4812 279.6315 15.08840344 88805,6917.879,95.438,540.569,538.92,0.0
53750.0,STARLINK-4612,PAYLOAD,2024-04-08 03:49:20,15.08787206,0.0001545,53.2169,169.1696,90.2677,269.8493,0.00069036,0.000107,0.0,0 STARLINK-4612,1 53750U 22107BC  24099.15926435  .00010700  00000-0  69036-3 0  9996,2 53750  53.2169 169.1696 0001545  90.2677 269.8493 15.08787206 88058,6918.042,95.441,540.976,538.838,0.0
53750.0,STARLINK-4612,PAYLOAD,2024-04-08 11:46:15,15.08841563,0.0001166,53.2164,167.6847,93.185,266.9275,8.4122e-05,1.051e-05,0.0,0 STARLINK-4612,1 53750U 22107BC  24099.49045752  .00001051  00000-0  84122-4 0  9990,2 53750  53.2164 167.6847 0001166  93.1850 266.9275 15.08841563 88107,6917.876,95.437,540.547,538.934,0.0
53750.0,STARLINK-4612,PAYLOAD,2024-04-08 21:18:32,15.0889559,0.0001103,53.2168,165.8995,100.6184,259.4933,-0.00068088,-0.00011124,0.0,0 STARLINK-4612,1 53750U 22107BC  24099.88787566 -.00011124  00000-0 -68088-3 0  9995,2 53750  53.2168 165.8995 0001103 100.6184 259.4933 15.08895590 88163,6917.71,95.434,540.339,538.812,0.0
53750.0,STARLINK-4612,PAYLOAD,2024-04-09 03:40:06,15.08840247,0.0001243,53.2169,164.7114,96.7429,263.3705,0.00013041,1.788e-05,0.0,0 STARLINK-4612,1 53750U 22107BC  24100.15285842  .00001788  00000-0  13041-3 0  9990,2 53750  53.2169 164.7114 0001243  96.7429 263.3705 15.08840247 88202,6917.88,95.438,540.605,538.885,0.0
53750.0,STARLINK-4612,PAYLOAD,2024-04-09 10:01:39,15.08836029,0.0001309,53.217,163.5218,95.3282,264.786,8.707e-05,1.098e-05,0.0,0 STARLINK-4612,1 53750U 22107BC  24100.41782348  .00001098  00000-0  87070-4 0  9990,2 53750  53.2170 163.5218 0001309  95.3282 264.7860 15.08836029 89033,6917.893,95.438,540.663,538.852,0.0
53750.0,STARLINK-4612,PAYLOAD,2024-04-10 03:30:53,15.08844207,0.000129,53.2186,160.2517,102.3002,257.8134,0.00011524,1.547e-05,0.0,0 STARLINK-4612,1 53750U 22107BC  24101.14645720  .00001547  00000-0  11524-3 0  9992,2 53750  53.2186 160.2517 0001290 102.3002 257.8134 15.08844207 88352,6917.868,95.437,540.625,538.84,0.0
53750.0,STARLINK-4612,PAYLOAD,2024-04-10 13:03:12,15.08847261,0.0001672,53.2187,158.4656,104.0524,256.0654,0.00010735,1.421e-05,0.0,0 STARLINK-4612,1 53750U 22107BC  24101.54389499  .00001421  00000-0  10735-3 0  9998,2 53750  53.2187 158.4656 0001672 104.0524 256.0654 15.08847261 89204,6917.858,95.437,540.88,538.567,0.0
53750.0,STARLINK-4612,PAYLOAD,2024-04-10 21:00:08,15.08838705,0.0001673,53.2185,156.9807,83.0572,277.061,5.2318e-06,-2.05e-06,0.0,0 STARLINK-4612,1 53750U 22107BC  24101.87510374 -.00000205  00000-0  52318-5 0  9997,2 53750  53.2185 156.9807 0001673  83.0572 277.0610 15.08838705 88468,6917.884,95.438,540.907,538.592,0.0
53750.0,STARLINK-4612,PAYLOAD,2024-04-11 09:43:14,15.08833787,0.0001357,53.2168,154.5991,85.1277,274.987,3.4639e-05,2.63e-06,0.0,0 STARLINK-4612,1 53750U 22107BC  24102.40502651  .00000263  00000-0  34639-4 0  9994,2 53750  53.2168 154.5991 0001357  85.1277 274.9870 15.08833787 89337,6917.899,95.438,540.703,538.826,0.0
53750.0,STARLINK-4612,PAYLOAD,2024-04-11 20:50:57,15.08823167,0.0001414,53.2176,152.5169,96.5685,263.5468,-7.7431e-05,-1.519e-05,0.0,0 STARLINK-4612,1 53750U 22107BC  24102.86871912 -.00001519  00000-0 -77431-4 0  9997,2 53750  53.2176 152.5169 0001414  96.5685 263.5468 15.08823167 88612,6917.932,95.439,540.775,538.819,0.0
53750.0,STARLINK-4612,PAYLOAD,2024-04-12 09:34:01,15.08840185,0.0001377,53.2176,150.1383,94.6892,265.4258,2.4598e-05,1.04e-06,0.0,0 STARLINK-4612,1 53750U 22107BC  24103.39863311  .00000104  00000-0  24598-4 0  9993,2 53750  53.2176 150.1383 0001377  94.6892 265.4258 15.08840185 88696,6917.88,95.438,540.697,538.792,0.0
53750.0,STARLINK-4612,PAYLOAD,2024-04-13 09:24:48,15.08850958,0.0001439,53.2177,145.6772,89.4889,270.6268,0.00022768,3.338e-05,0.0,0 STARLINK-4612,1 53750U 22107BC  24104.39222445  .00003338  00000-0  22768-3 0  9999,2 53750  53.2177 145.6772 0001439  89.4889 270.6268 15.08850958 88840,6917.847,95.437,540.707,538.716,0.0
53750.0,STARLINK-4612,PAYLOAD,2024-04-14 02:54:03,15.08836006,0.0001473,53.2173,142.4074,84.4488,275.6672,0.00033594,5.062e-05,0.0,0 STARLINK-4612,1 53750U 22107BC  24105.12087424  .00005062  00000-0  33594-3 0  9992,2 53750  53.2173 142.4074 0001473  84.4488 275.6672 15.08836006 88958,6917.893,95.438,540.777,538.739,0.0
53750.0,STARLINK-4612,PAYLOAD,2024-04-14 07:40:12,15.08835358,0.0001488,53.2171,141.5126,110.0952,250.02,0.0002996,4.483e-05,0.0,0 STARLINK-4612,1 53750U 22107BC  24105.31959452  .00004483  00000-0  29960-3 0  9990,2 53750  53.2171 141.5126 0001488 110.0952 250.0200 15.08835358 89776,6917.895,95.438,540.789,538.73,0.0
53750.0,STARLINK-4612,PAYLOAD,2024-04-15 09:06:22,15.08851991,0.0001625,53.2176,136.7569,105.1212,254.996,2.7957e-05,1.57e-06,0.0,0 STARLINK-4612,1 53750U 22107BC  24106.37942572  .00000157  00000-0  27957-4 0  9991,2 53750  53.2176 136.7569 0001625 105.1212 254.9960 15.08851991 89143,6917.844,95.437,540.833,538.585,0.0
53750.0,STARLINK-4612,PAYLOAD,2024-04-15 18:38:41,15.08850377,0.0001486,53.2168,134.9731,94.3096,265.8066,2.9161e-05,1.76e-06,0.0,0 STARLINK-4612,1 53750U 22107BC  24106.77686474  .00000176  00000-0  29161-4 0  9991,2 53750  53.2168 134.9731 0001486  94.3096 265.8066 15.08850377 89997,6917.849,95.437,540.742,538.686,0.0
53750.0,STARLINK-4612,PAYLOAD,2024-04-16 05:46:23,15.08838907,0.0001538,53.2177,132.894,101.2151,258.9014,4.1357e-05,3.7e-06,0.0,0 STARLINK-4612,1 53750U 22107BC  24107.24055138  .00000370  00000-0  41357-4 0  9998,2 53750  53.2177 132.8940 0001538 101.2151 258.9014 15.08838907 89276,6917.884,95.438,540.813,538.685,0.0
53750.0,STARLINK-4612,PAYLOAD,2024-04-16 07:21:46,15.08839883,0.0001555,53.2173,132.5967,101.6482,258.4684,4.8749e-05,4.88e-06,0.0,0 STARLINK-4612,1 53750U 22107BC  24107.30679042  .00000488  00000-0  48749-4 0  9993,2 53750  53.2173 132.5967 0001555 101.6482 258.4684 15.08839883 90070,6917.881,95.438,540.821,538.67,0.0
53750.0,STARLINK-4612,PAYLOAD,2024-04-17 05:37:09,15.08850873,0.0001554,53.2176,128.4332,99.7,260.4168,8.3457e-05,1.041e-05,0.0,0 STARLINK-4612,1 53750U 22107BC  24108.23414104  .00001041  00000-0  83457-4 0  9993,2 53750  53.2176 128.4332 0001554  99.7000 260.4168 15.08850873 89424,6917.847,95.437,540.787,538.637,0.0
53750.0,STARLINK-4612,PAYLOAD,2024-04-17 10:23:18,15.08855198,0.0001543,53.2163,127.5407,96.6019,263.5149,0.00017413,2.485e-05,0.0,0 STARLINK-4612,1 53750U 22107BC  24108.43285662  .00002485  00000-0  17413-3 0  9991,2 53750  53.2163 127.5407 0001543  96.6019 263.5149 15.08855198 90247,6917.834,95.437,540.766,538.632,0.0
53750.0,STARLINK-4612,PAYLOAD,2024-04-18 00:41:48,15.08834202,0.0001694,53.2158,124.8622,80.8826,279.2358,1.1531e-05,-1.05e-06,0.0,0 STARLINK-4612,1 53750U 22107BC  24109.02902933 -.00000105  00000-0  11531-4 0  9998,2 53750  53.2158 124.8622 0001694  80.8826 279.2358 15.08834202 89548,6917.898,95.438,540.935,538.591,0.0
53750.0,STARLINK-4612,PAYLOAD,2024-04-18 08:38:44,15.08829337,0.000143,53.2152,123.3737,88.168,271.9476,-8.4561e-05,-1.633e-05,0.0,0 STARLINK-4612,1 53750U 22107BC  24109.36023327 -.00001633  00000-0 -84561-4 0  9997,2 53750  53.2152 123.3737 0001430  88.1680 271.9476 15.08829337 90387,6917.913,95.438,540.767,538.789,0.0
53750.0,STARLINK-4612,PAYLOAD,2024-04-19 05:18:44,15.08843601,0.000121,53.2161,119.5069,98.4186,261.6943,6.1124e-05,6.85e-06,0.0,0 STARLINK-4612,1 53750U 22107BC  24110.22134827  .00000685  00000-0  61124-4 0  9996,2 53750  53.2161 119.5069 0001210  98.4186 261.6943 15.08843601 89724,6917.869,95.437,540.571,538.897,0.0
53750.0,STARLINK-4612,PAYLOAD,2024-04-19 10:04:53,15.08850575,0.0001316,53.2158,118.6151,88.039,272.0753,0.00020751,3.017e-05,0.0,0 STARLINK-4612,1 53750U 22107BC  24110.42006610  .00003017  00000-0  20751-3 0  9998,2 53750  53.2158 118.6151 0001316  88.0390 272.0753 15.08850575 90546,6917.848,95.437,540.623,538.803,0.0
53750.0,STARLINK-4612,PAYLOAD,2024-04-20 06:44:54,15.08858801,0.0001491,53.2157,114.7506,76.7411,283.3747,0.00050403,7.747e-05,0.0,0 STARLINK-4612,1 53750U 22107BC  24111.28118477  .00007747  00000-0  50403-3 0  9999,2 53750  53.2157 114.7506 0001491  76.7411 283.3747 15.08858801 89881,6917.823,95.436,540.719,538.656,0.0
53750.0,STARLINK-4612,PAYLOAD,2024-04-21 03:24:56,15.0882935,0.0001402,53.2161,110.8858,111.1648,248.9494,-0.00013313,-2.405e-05,0.0,0 STARLINK-4612,1 53750U 22107BC  24112.14231608 -.00002405  00000-0 -13313-3 0  9994,2 53750  53.2161 110.8858 0001402 111.1648 248.9494 15.08829350 90011,6917.913,95.438,540.748,538.808,0.0
53750.0,STARLINK-4612,PAYLOAD,2024-04-21 09:46:29,15.08824592,0.0001293,53.2159,109.6972,108.1911,251.9222,-0.00013787,-2.48e-05,0.0,0 STARLINK-4612,1 53750U 22107BC  24112.40728035 -.00002480  00000-0 -13787-3 0  9996,2 53750  53.2159 109.6972 0001293 108.1911 251.9222 15.08824592 90845,6917.927,95.439,540.687,538.898,0.0
53750.0,STARLINK-4612,PAYLOAD,2024-04-21 22:29:34,15.08837073,0.0001142,53.2165,107.3204,108.4393,251.6723,0.00017213,2.452e-05,0.0,0 STARLINK-4612,1 53750U 22107BC  24112.93720066  .00002452  00000-0  17213-3 0  9995,2 53750  53.2165 107.3204 0001142 108.4393 251.6723 15.08837073 90925,6917.889,95.438,540.544,538.964,0.0
53750.0,STARLINK-4612,PAYLOAD,2024-04-22 04:51:06,15.08848354,0.0001133,53.216,106.1279,105.9581,254.1536,0.00060726,9.392e-05,0.0,0 STARLINK-4612,1 53750U 22107BC  24113.20215959  .00009392  00000-0  60726-3 0  9993,2 53750  53.2160 106.1279 0001133 105.9581 254.1536 15.08848354 90171,6917.855,95.437,540.504,538.936,0.0
53750.0,STARLINK-4612,PAYLOAD,2024-04-22 09:37:15,15.08860121,0.0001182,53.2158,105.2358,115.2594,244.8521,0.0010801,0.00016953,0.0,0 STARLINK-4612,1 53750U 22107BC  24113.40087813  .00016953  00000-0  10801-2 0  9990,2 53750  53.2158 105.2358 0001182 115.2594 244.8521 15.08860121 90994,6917.819,95.436,540.502,538.866,0.0
53750.0,STARLINK-4612,PAYLOAD,2024-04-23 04:41:53,15.08841081,0.000131,53.2159,101.6635,112.5682,247.5449,0.00021915,3.202e-05,0.0,0 STARLINK-4612,1 53750U 22107BC  24114.19576002  .00003202  00000-0  21915-3 0  9992,2 53750  53.2159 101.6635 0001310 112.5682 247.5449 15.08841081 90324,6917.877,95.437,540.648,538.836,0.0
53750.0,STARLINK-4612,PAYLOAD,2024-04-23 09:28:03,15.08839052,0.0001228,53.2158,100.7721,103.1261,256.9869,0.00024489,3.612e-05,0.0,0 STARLINK-4612,1 53750U 22107BC  24114.39448103  .00003612  00000-0  24489-3 0  9998,2 53750  53.2158 100.7721 0001228 103.1261 256.9869 15.08839052 91142,6917.883,95.438,540.598,538.899,0.0
53750.0,STARLINK-4612,PAYLOAD,2024-04-24 09:18:49,15.08846255,0.0001436,53.217,96.3131,106.2082,253.9068,6.0484e-05,6.75e-06,0.0,0 STARLINK-4612,1 53750U 22107BC  24115.38807737  .00000675  00000-0  60484-4 0  9992,2 53750  53.2170  96.3131 0001436 106.2082 253.9068 15.08846255 90507,6917.861,95.437,540.72,538.733,0.0
53750.0,STARLINK-4612,PAYLOAD,2024-04-25 04:23:27,15.08841318,0.000155,53.2185,92.7442,94.2118,265.9051,8.9089e-05,1.13e-05,0.0,0 STARLINK-4612,1 53750U 22107BC  24116.18296108  .00001130  00000-0  89089-4 0  9994,2 53750  53.2185  92.7442 0001550  94.2118 265.9051 15.08841318 90624,6917.876,95.437,540.814,538.669,0.0
53750.0,STARLINK-4612,PAYLOAD,2024-04-25 07:34:13,15.08848822,0.000155,53.2186,92.1486,92.5767,267.5403,3.7663e-05,3.12e-06,0.0,0 STARLINK-4612,1 53750U 22107BC  24116.31543716  .00000312  00000-0  37663-4 0  9991,2 53750  53.2186  92.1486 0001550  92.5767 267.5403 15.08848822 91434,6917.853,95.437,540.791,538.646,0.0
53750.0,STARLINK-4612,PAYLOAD,2024-04-26 04:14:14,15.08844059,0.0001574,53.2179,88.2829,82.1473,277.9698,8.6057e-05,1.082e-05,0.0,0 STARLINK-4612,1 53750U 22107BC  24117.17656011  .00001082  00000-0  86057-4 0  9995,2 53750  53.2179  88.2829 0001574  82.1473 277.9698 15.08844059 90773,6917.868,95.437,540.822,538.644,0.0
53750.0,STARLINK-4612,PAYLOAD,2024-04-26 07:25:00,15.08850717,0.0001528,53.2182,87.687,93.6,266.5167,0.00017967,2.573e-05,0.0,0 STARLINK-4612,1 53750U 22107BC  24117.30903594  .00002573  00000-0  17967-3 0  9990,2 53750  53.2182  87.6870 0001528  93.6000 266.5167 15.08850717 91581,6917.848,95.437,540.77,538.656,0.0
53750.0,STARLINK-4612,PAYLOAD,2024-04-26 15:21:56,15.08845541,0.0001428,53.2185,86.2036,90.0887,270.0269,8.3417e-05,1.04e-05,0.0,0 STARLINK-4612,1 53750U 22107BC  24117.64023821  .00001040  00000-0  83417-4 0  9995,2 53750  53.2185  86.2036 0001428  90.0887 270.0269 15.08845541 91634,6917.863,95.437,540.716,538.741,0.0
53750.0,STARLINK-4612,PAYLOAD,2024-04-27 04:05:01,15.08849815,0.0001408,53.2164,83.8213,105.048,255.0668,0.00014218,1.976e-05,0.0,0 STARLINK-4612,1 53750U 22107BC  24118.17015461  .00001976  00000-0  14218-3 0  9995,2 53750  53.2164  83.8213 0001408 105.0480 255.0668 15.08849815 91718,6917.85,95.437,540.689,538.741,0.0
53750.0,STARLINK-4612,PAYLOAD,2024-04-27 15:12:43,15.08847758,0.0001124,53.2145,81.7454,98.7686,261.3433,9.2624e-05,1.187e-05,0.0,0 STARLINK-4612,1 53750U 22107BC  24118.63383514  .00001187  00000-0  92624-4 0  9995,2 53750  53.2145  81.7454 0001124  98.7686 261.3433 15.08847758 90995,6917.857,95.437,540.499,538.944,0.0
53750.0,STARLINK-4612,PAYLOAD,2024-04-28 03:55:49,15.08832932,0.0001245,53.2169,79.3661,112.4038,247.7086,-0.00015677,-2.781e-05,0.0,0 STARLINK-4612,1 53750U 22107BC  24119.16376414 -.00002781  00000-0 -15677-3 0  9990,2 53750  53.2169  79.3661 0001245 112.4038 247.7086 15.08832932 91073,6917.902,95.438,540.628,538.906,0.0
53750.0,STARLINK-4612,PAYLOAD,2024-04-28 07:06:35,15.08836385,0.0001485,53.2185,78.7699,107.3926,252.7228,-8.7658e-05,-1.683e-05,0.0,0 STARLINK-4612,1 53750U 22107BC  24119.29624336 -.00001683  00000-0 -87658-4 0  9992,2 53750  53.2185  78.7699 0001485 107.3926 252.7228 15.08836385 91889,6917.891,95.438,540.784,538.729,0.0
53750.0,STARLINK-4612,PAYLOAD,2024-04-28 21:25:04,15.08834156,0.0001632,53.2192,76.0941,105.6781,254.4392,2.3647e-05,8.8e-07,0.0,0 STARLINK-4612,1 53750U 22107BC  24119.89240750  .00000088  00000-0  23647-4 0  9996,2 53750  53.2192  76.0941 0001632 105.6781 254.4392 15.08834156 91977,6917.898,95.438,540.892,538.634,0.0
53750.0,STARLINK-4612,PAYLOAD,2024-04-29 03:46:36,15.08838809,0.0001401,53.2177,74.9068,98.765,261.35,0.00010409,1.369e-05,0.0,0 STARLINK-4612,1 53750U 22107BC  24120.15736600  .00001369  00000-0  10409-3 0  9995,2 53750  53.2177  74.9068 0001401  98.7650 261.3500 15.08838809 91223,6917.884,95.438,540.718,538.78,0.0
53750.0,STARLINK-4612,PAYLOAD,2024-04-29 21:15:51,15.08833141,0.0001385,53.2176,71.6353,105.9894,254.125,0.0001738,2.479e-05,0.0,0 STARLINK-4612,1 53750U 22107BC  24120.88601113  .00002479  00000-0  17380-3 0  9993,2 53750  53.2176  71.6353 0001385 105.9894 254.1250 15.08833141 91333,6917.901,95.438,540.724,538.808,0.0
53750.0,STARLINK-4612,PAYLOAD,2024-04-30 13:09:42,15.08839991,0.0001399,53.2178,68.6638,106.2128,253.9018,0.00010824,1.435e-05,0.0,0 STARLINK-4612,1 53750U 22107BC  24121.54840915  .00001435  00000-0  10824-3 0  9999,2 53750  53.2178  68.6638 0001399 106.2128 253.9018 15.08839991 92223,6917.88,95.438,540.713,538.778,0.0
53750.0,STARLINK-4612,PAYLOAD,2024-05-01 03:28:10,15.08840901,0.0001468,53.2192,65.9885,109.1031,251.0121,0.00011938,1.613e-05,0.0,0 STARLINK-4612,1 53750U 22107BC  24122.14457110  .00001613  00000-0  11938-3 0  9992,2 53750  53.2192  65.9885 0001468 109.1031 251.0121 15.08840901 91524,6917.878,95.437,540.758,538.727,0.0
53750.0,STARLINK-4612,PAYLOAD,2024-05-01 13:00:29,15.08844714,0.000142,53.2195,64.2043,107.7719,252.3429,0.00012895,1.765e-05,0.0,0 STARLINK-4612,1 53750U 22107BC  24122.54200764  .00001765  00000-0  12895-3 0  9998,2 53750  53.2195  64.2043 0001420 107.7719 252.3429 15.08844714 92375,6917.866,95.437,540.713,538.749,0.0
53750.0,STARLINK-4612,PAYLOAD,2024-05-02 04:54:20,15.08848444,0.0001352,53.2188,61.2283,95.8423,264.2723,0.00013098,1.798e-05,0.0,0 STARLINK-4612,1 53750U 22107BC  24123.20440454  .00001798  00000-0  13098-3 0  9996,2 53750  53.2188  61.2283 0001352  95.8423 264.2723 15.08848444 91689,6917.855,95.437,540.655,538.784,0.0
53750.0,STARLINK-4612,PAYLOAD,2024-05-02 12:51:16,15.08841373,0.0001516,53.2191,59.7423,91.7192,268.3974,6.5814e-05,7.6e-06,0.0,0 STARLINK-4612,1 53750U 22107BC  24123.53561004  .00000760  00000-0  65814-4 0  9999,2 53750  53.2191  59.7423 0001516  91.7192 268.3974 15.08841373 91734,6917.876,95.437,540.79,538.692,0.0
53750.0,STARLINK-4612,PAYLOAD,2024-05-03 04:45:06,15.0885822,0.0001344,53.2179,56.7669,92.5284,267.5862,0.00014344,1.997e-05,0.0,0 STARLINK-4612,1 53750U 22107BC  24124.19799497  .00001997  00000-0  14344-3 0  9995,2 53750  53.2179  56.7669 0001344  92.5284 267.5862 15.08858220 91836,6917.825,95.436,540.619,538.76,0.0
53750.0,STARLINK-4612,PAYLOAD,2024-05-03 12:42:03,15.08837677,0.0001285,53.2191,55.2811,96.5065,263.6073,-2.5337e-05,-6.91e-06,0.0,0 STARLINK-4612,1 53750U 22107BC  24124.52921088 -.00000691  00000-0 -25337-4 0  9992,2 53750  53.2191  55.2811 0001285  96.5065 263.6073 15.08837677 91887,6917.887,95.438,540.641,538.864,0.0
53750.0,STARLINK-4612,PAYLOAD,2024-05-03 22:14:23,15.08824885,0.0001604,53.2174,53.4962,94.3015,265.8161,-7.3706e-05,-1.46e-05,0.0,0 STARLINK-4612,1 53750U 22107BC  24124.92666366 -.00001460  00000-0 -73706-4 0  9999,2 53750  53.2174  53.4962 0001604  94.3015 265.8161 15.08824885 92735,6917.927,95.439,540.901,538.682,0.0
53750.0,STARLINK-4612,PAYLOAD,2024-05-04 04:35:55,15.08834106,0.0001323,53.2182,52.3066,102.8638,257.2502,-7.7341e-05,-1.518e-05,0.0,0 STARLINK-4612,1 53750U 22107BC  24125.19161863 -.00001518  00000-0 -77341-4 0  9994,2 53750  53.2182  52.3066 0001323 102.8638 257.2502 15.08834106 91988,6917.898,95.438,540.679,538.848,0.0
53750.0,STARLINK-4612,PAYLOAD,2024-05-04 12:32:51,15.08841313,0.0001337,53.2183,50.8204,101.2098,258.9045,-9.7043e-06,-4.42e-06,0.0,0 STARLINK-4612,1 53750U 22107BC  24125.52281359 -.00000442  00000-0 -97043-5 0  9991,2 53750  53.2183  50.8204 0001337 101.2098 258.9045 15.08841313 92039,6917.876,95.437,540.666,538.816,0.0
53750.0,STARLINK-4612,PAYLOAD,2024-05-05 01:15:55,15.08848079,0.000153,53.2173,48.4414,96.6632,263.4534,0.0002533,3.746e-05,0.0,0 STARLINK-4612,1 53750U 22107BC  24126.05273135  .00003746  00000-0  25330-3 0  9999,2 53750  53.2173  48.4414 0001530  96.6632 263.4534 15.08848079 92119,6917.856,95.437,540.779,538.662,0.0
53750.0,STARLINK-4612,PAYLOAD,2024-05-06 01:06:43,15.08847452,0.0001454,53.217,43.982,97.4955,262.6202,0.00036478,5.523e-05,0.0,0 STARLINK-4612,1 53750U 22107BC  24127.04633389  .00005523  00000-0  36478-3 0  9990,2 53750  53.2170  43.9820 0001454  97.4955 262.6202 15.08847452 92262,6917.858,95.437,540.728,538.717,0.0
53750.0,STARLINK-4612,PAYLOAD,2024-05-06 21:46:43,15.08852135,0.0001213,53.2151,40.1172,94.4005,265.7125,0.00017085,2.433e-05,0.0,0 STARLINK-4612,1 53750U 22107BC  24127.90744673  .00002433  00000-0  17085-3 0  9994,2 53750  53.2151  40.1172 0001213  94.4005 265.7125 15.08852135 93180,6917.843,95.437,540.547,538.869,0.0
53750.0,STARLINK-4612,PAYLOAD,2024-05-07 10:29:48,15.08848479,0.0001137,53.2166,37.7364,89.1894,270.9228,0.00010055,1.313e-05,0.0,0 STARLINK-4612,1 53750U 22107BC  24128.43736667  .00001313  00000-0  10055-3 0  9993,2 53750  53.2166  37.7364 0001137  89.1894 270.9228 15.08848479 92472,6917.854,95.437,540.506,538.933,0.0
53750.0,STARLINK-4612,PAYLOAD,2024-05-07 20:02:08,15.08830557,0.0001486,53.2176,35.9519,98.5846,261.5315,-0.00015289,-2.72e-05,0.0,0 STARLINK-4612,1 53750U 22107BC  24128.83481529 -.00002720  00000-0 -15289-3 0  9990,2 53750  53.2176  35.9519 0001486  98.5846 261.5315 15.08830557 92531,6917.909,95.438,540.802,538.746,0.0
53750.0,STARLINK-4612,PAYLOAD,2024-05-08 10:20:36,15.08836924,0.0001523,53.2184,33.2787,106.0397,254.0763,-3.8706e-05,-9.04e-06,0.0,0 STARLINK-4612,1 53750U 22107BC  24129.43097405 -.00000904  00000-0 -38706-4 0  9995,2 53750  53.2184  33.2787 0001523 106.0397 254.0763 15.08836924 92624,6917.89,95.438,540.808,538.701,0.0
53750.0,STARLINK-4612,PAYLOAD,2024-05-08 21:28:18,15.08838249,0.0001723,53.2194,31.1997,116.6072,243.5097,2.2625e-06,-2.52e-06,0.0,0 STARLINK-4612,1 53750U 22107BC  24129.89465531 -.00000252  00000-0  22625-5 0  9993,2 53750  53.2194  31.1997 0001723 116.6072 243.5097 15.08838249 93484,6917.886,95.438,540.943,538.559,0.0
53750.0,STARLINK-4612,PAYLOAD,2024-05-09 10:11:21,15.08869773,0.000131,53.2186,28.8132,79.088,281.026,0.00042038,6.414e-05,0.0,0 STARLINK-4612,1 53750U 22107BC  24130.42455628  .00006414  00000-0  42038-3 0  9993,2 53750  53.2186  28.8132 0001310  79.0880 281.0260 15.08869773 92776,6917.789,95.436,540.561,538.748,0.0
53750.0,STARLINK-4612,PAYLOAD,2024-05-09 21:19:05,15.08828698,0.0001474,53.2186,26.739,106.5127,253.6027,4.9571e-05,5.01e-06,0.0,0 STARLINK-4612,1 53750U 22107BC  24130.88826109  .00000501  00000-0  49571-4 0  9990,2 53750  53.2186  26.7390 0001474 106.5127 253.6027 15.08828698 92845,6917.915,95.438,540.8,538.76,0.0
53750.0,STARLINK-4612,PAYLOAD,2024-05-09 22:54:28,15.08830228,0.000142,53.2182,26.4413,105.09,255.0249,3.6037e-05,2.86e-06,0.0,0 STARLINK-4612,1 53750U 22107BC  24130.95450061  .00000286  00000-0  36037-4 0  9991,2 53750  53.2182  26.4413 0001420 105.0900 255.0249 15.08830228 93641,6917.91,95.438,540.758,538.793,0.0
53750.0,STARLINK-4612,PAYLOAD,2024-05-10 10:02:10,15.08838447,0.0001623,53.2191,24.3553,83.5524,276.5652,9.2882e-05,1.19e-05,0.0,0 STARLINK-4612,1 53750U 22107BC  24131.41817780  .00001190  00000-0  92882-4 0  9993,2 53750  53.2191  24.3553 0001623  83.5524 276.5652 15.08838447 92927,6917.885,95.438,540.873,538.627,0.0
53750.0,STARLINK-4612,PAYLOAD,2024-05-10 22:45:15,15.08848715,0.0001578,53.2179,21.9789,84.8882,275.229,0.00036802,5.575e-05,0.0,0 STARLINK-4612,1 53750U 22107BC  24131.94809750  .00005575  00000-0  36802-3 0  9999,2 53750  53.2179  21.9789 0001578  84.8882 275.2290 15.08848715 93796,6917.854,95.437,540.81,538.627,0.0
53750.0,STARLINK-4612,PAYLOAD,2024-05-11 00:20:38,15.08862562,0.00013,53.218,21.6817,93.1031,267.011,0.001059,0.00016617,0.0,0 STARLINK-4612,1 53750U 22107BC  24132.01433515  .00016617  00000-0  10590-2 0  9994,2 53750  53.2180  21.6817 0001300  93.1031 267.0110 15.08862562 93010,6917.811,95.436,540.576,538.777,0.0
53750.0,STARLINK-4612,PAYLOAD,2024-05-11 09:52:55,15.089178,0.0001259,53.2169,19.8966,80.683,279.4304,0.0026048,0.000415,0.0,0 STARLINK-4612,1 53750U 22107BC  24132.41175728  .00041500  00000-0  26048-2 0  9991,2 53750  53.2169  19.8966 0001259  80.6830 279.4304 15.08917800 93076,6917.643,95.433,540.379,538.637,0.0
53750.0,STARLINK-4612,PAYLOAD,2024-05-11 21:00:38,15.08846176,0.0001499,53.2188,17.8128,54.9741,305.1391,-0.00059734,-9.784e-05,0.0,0 STARLINK-4612,1 53750U 22107BC  24132.87544209 -.00009784  00000-0 -59734-3 0  9994,2 53750  53.2188  17.8128 0001499  54.9741 305.1391 15.08846176 93144,6917.862,95.437,540.763,538.69,0.0
53750.0,STARLINK-4612,PAYLOAD,2024-05-11 22:36:02,15.08739126,0.0002171,53.2188,17.516,98.016,262.1079,-0.0052057,-0.00081972,0.0,0 STARLINK-4612,1 53750U 22107BC  24132.94170016 -.00081972  00000-0 -52057-2 0  9992,2 53750  53.2188  17.5160 0002171  98.0160 262.1079 15.08739126 93948,6918.189,95.444,541.556,538.552,0.0
53750.0,STARLINK-4612,PAYLOAD,2024-05-12 04:57:39,15.08614986,0.0001878,53.2181,16.328,117.9726,242.1456,-0.0049648,-0.00077969,0.0,0 STARLINK-4612,1 53750U 22107BC  24133.20670925 -.00077969  00000-0 -49648-2 0  9999,2 53750  53.2181  16.3280 0001878 117.9726 242.1456 15.08614986 93193,6918.568,95.452,541.733,539.134,0.0
53750.0,STARLINK-4612,PAYLOAD,2024-05-12 09:43:52,15.08560727,0.0001878,53.2184,15.436,75.8127,284.3074,-0.0065904,-0.00102893,0.0,0 STARLINK-4612,1 53750U 22107BC  24133.40547383 -.00102893  00000-0 -65904-2 0  9990,2 53750  53.2184  15.4360 0001878  75.8127 284.3074 15.08560727 93223,6918.734,95.455,541.898,539.3,0.0
53750.0,STARLINK-4612,PAYLOAD,2024-05-12 20:51:53,15.08199128,0.000161,53.2165,13.3573,19.5684,340.537,-0.010099,-0.00154843,0.0,0 STARLINK-4612,1 53750U 22107BC  24133.86937083 -.00154843  00000-0 -10099-1 0  9996,2 53750  53.2165  13.3573 0001610  19.5684 340.5370 15.08199128 93296,6919.84,95.478,542.819,540.591,0.0
53750.0,STARLINK-4612,PAYLOAD,2024-05-12 22:27:19,15.08180451,0.0001379,53.2175,13.0596,75.8742,284.2403,-0.0095127,-0.00145974,0.0,0 STARLINK-4612,1 53750U 22107BC  24133.93564154 -.00145974  00000-0 -95127-2 0  9990,2 53750  53.2175  13.0596 0001379  75.8742 284.2403 15.08180451 94090,6919.897,95.479,542.716,540.808,0.0
53750.0,STARLINK-4612,PAYLOAD,2024-05-13 04:49:05,15.08035502,0.0001127,53.2179,11.8701,95.5418,264.5702,-0.0035541,-0.00055194,0.0,0 STARLINK-4612,1 53750U 22107BC  24134.20075575 -.00055194  00000-0 -35541-2 0  9993,2 53750  53.2179  11.8701 0001127  95.5418 264.5702 15.08035502 93344,6920.341,95.488,542.985,541.426,0.0
53750.0,STARLINK-4612,PAYLOAD,2024-05-13 14:00:01,15.08036818,0.0001101,53.2172,10.1538,90.8957,187.3137,0.029395,0.0048495,0.0,0 STARLINK-4612,1 53750U 22107BC  24134.58334491  .00484950  00000-0  29395-1 0  9992,2 53750  53.2172  10.1538 0001101  90.8957 187.3137 15.08036818 93395,6920.336,95.488,542.963,541.44,0.0
53750.0,STARLINK-4612,PAYLOAD,2024-05-13 22:00:00,15.08312523,0.0001173,53.2173,8.6606,77.9897,211.0419,0.029523,0.00491089,0.0,0 STARLINK-4612,1 53750U 22107BC  24134.91667824  .00491089  00000-0  29523-1 0  9992,2 53750  53.2173   8.6606 0001173  77.9897 211.0419 15.08312523  5843,6919.493,95.471,542.17,540.546,0.0
53750.0,STARLINK-4612,PAYLOAD,2024-05-14 00:00:00,15.0837766,0.0001187,53.2175,8.2871,79.1411,302.6459,0.031458,0.00526488,0.0,0 STARLINK-4612,1 53750U 22107BC  24135.00001157  .00526488  00000-0  31458-1 0  9996,2 53750  53.2175   8.2871 0001187  79.1411 302.6459 15.08377660 93465,6919.294,95.467,541.98,540.338,0.0
53750.0,STARLINK-4612,PAYLOAD,2024-05-14 22:09:46,15.08491064,0.00028,53.2173,4.1428,131.9548,228.1683,0.0013644,0.00021287,0.0,0 STARLINK-4612,1 53750U 22107BC  24135.92345305  .00021287  00000-0  13644-2 0  9998,2 53750  53.2173   4.1428 0002800 131.9548 228.1683 15.08491064 94396,6918.947,95.46,542.749,538.875,0.0
53750.0,STARLINK-4612,PAYLOAD,2024-05-15 07:42:06,15.0883616,0.0001214,53.2187,2.358,82.1891,277.9239,0.0027828,0.00044274,0.0,0 STARLINK-4612,1 53750U 22107BC  24136.32090374  .00044274  00000-0  27828-2 0  9996,2 53750  53.2187   2.3580 0001214  82.1891 277.9239 15.08836160 93664,6917.892,95.438,540.597,538.917,0.0
53750.0,STARLINK-4612,PAYLOAD,2024-05-15 22:00:33,15.08859458,9.47e-05,53.2174,359.6815,78.803,281.3068,0.0012026,0.00018913,0.0,0 STARLINK-4612,1 53750U 22107BC  24136.91705819  .00018913  00000-0  12026-2 0  9993,2 53750  53.2174 359.6815 0000947  78.8030 281.3068 15.08859458 93752,6917.821,95.436,540.341,539.031,0.0
53750.0,STARLINK-4612,PAYLOAD,2024-05-16 07:32:52,15.08867357,0.0001041,53.2164,357.8935,38.8225,321.2842,0.00092959,0.00014548,0.0,0 STARLINK-4612,1 53750U 22107BC  24137.31449212  .00014548  00000-0  92959-3 0  9994,2 53750  53.2164 357.8935 0001041  38.8225 321.2842 15.08867357 94608,6917.797,95.436,540.382,538.942,0.0
53750.0,STARLINK-4612,PAYLOAD,2024-05-16 15:29:48,15.08844472,0.0001107,53.2171,356.406,49.4487,310.6601,-2.5097e-05,-6.87e-06,0.0,0 STARLINK-4612,1 53750U 22107BC  24137.64569458 -.00000687  00000-0 -25097-4 0  9996,2 53750  53.2171 356.4060 0001107  49.4487 310.6601 15.08844472 93866,6917.867,95.437,540.498,538.966,0.0
53750.0,STARLINK-4612,PAYLOAD,2024-05-16 23:26:43,15.08859285,0.0001549,53.2182,354.9224,71.8014,288.3147,0.00064805,0.00010046,0.0,0 STARLINK-4612,1 53750U 22107BC  24137.97689271  .00010046  00000-0  64805-3 0  9995,2 53750  53.2182 354.9224 0001549  71.8014 288.3147 15.08859285 93918,6917.821,95.436,540.758,538.615,0.0
53750.0,STARLINK-4612,PAYLOAD,2024-05-17 21:42:08,15.08830018,0.0001163,53.2165,350.7613,75.5777,284.5344,0.00059616,9.21e-05,0.0,0 STARLINK-4612,1 53750U 22107BC  24138.90426607  .00009210  00000-0  59616-3 0  9996,2 53750  53.2165 350.7613 0001163  75.5777 284.5344 15.08830018 94847,6917.911,95.438,540.58,538.971,0.0
53750.0,STARLINK-4612,PAYLOAD,2024-05-17 23:17:31,15.08833466,0.0001076,53.2164,350.4637,121.358,238.7518,0.00060609,9.369e-05,0.0,0 STARLINK-4612,1 53750U 22107BC  24138.97050354  .00009369  00000-0  60609-3 0  9994,2 53750  53.2164 350.4637 0001076 121.3580 238.7518 15.08833466 94062,6917.9,95.438,540.51,539.021,0.0
53750.0,STARLINK-4612,PAYLOAD,2024-05-18 13:35:59,15.08854167,0.0001075,53.217,347.7841,98.8059,261.3055,0.0010578,0.00016593,0.0,0 STARLINK-4612,1 53750U 22107BC  24139.56666286  .00016593  00000-0  10578-2 0  9993,2 53750  53.2170 347.7841 0001075  98.8059 261.3055 15.08854167 94949,6917.837,95.437,540.446,538.958,0.0
53750.0,STARLINK-4612,PAYLOAD,2024-05-18 21:32:54,15.08889942,0.0001162,53.2156,346.302,87.4377,272.6748,0.0020237,0.0003211,0.0,0 STARLINK-4612,1 53750U 22107BC  24139.89785338  .00032110  00000-0  20237-2 0  9995,2 53750  53.2156 346.3020 0001162  87.4377 272.6748 15.08889942 94203,6917.728,95.434,540.397,538.789,0.0
53750.0,STARLINK-4612,PAYLOAD,2024-05-18 23:08:17,15.08895557,0.0001167,53.2155,346.0037,88.4479,271.6647,0.0020564,0.00032641,0.0,0 STARLINK-4612,1 53750U 22107BC  24139.96409063  .00032641  00000-0  20564-2 0  9993,2 53750  53.2155 346.0037 0001167  88.4479 271.6647 15.08895557 95001,6917.711,95.434,540.383,538.768,0.0
53750.0,STARLINK-4612,PAYLOAD,2024-05-19 19:48:19,15.08821802,0.0001069,53.217,342.1354,128.0533,232.0556,0.00096526,0.000151,0.0,0 STARLINK-4612,1 53750U 22107BC  24140.82522602  .00015100  00000-0  96526-3 0  9998,2 53750  53.2170 342.1354 0001069 128.0533 232.0556 15.08821802 94348,6917.936,95.439,540.541,539.061,0.0
53750.0,STARLINK-4612,PAYLOAD,2024-05-19 22:59:05,15.08833072,9.83e-05,53.217,341.5419,95.9492,264.1612,0.00051032,7.842e-05,0.0,0 STARLINK-4612,1 53750U 22107BC  24140.95770749  .00007842  00000-0  51032-3 0  9996,2 53750  53.2170 341.5419 0000983  95.9492 264.1612 15.08833072 95154,6917.902,95.438,540.447,539.087,0.0
53750.0,STARLINK-4612,PAYLOAD,2024-05-21 02:00:38,15.08890327,0.000116,53.2169,336.4872,54.8724,305.2377,0.0018484,0.00029292,0.0,0 STARLINK-4612,1 53750U 22107BC  24142.08377826  .00029292  00000-0  18484-2 0  9997,2 53750  53.2169 336.4872 0001160  54.8724 305.2377 15.08890327 94530,6917.727,95.434,540.394,538.789,0.0
53750.0,STARLINK-4612,PAYLOAD,2024-05-21 19:29:53,15.0884694,9.71e-05,53.2176,333.2142,73.9486,286.1613,0.0015158,0.00023923,0.0,0 STARLINK-4612,1 53750U 22107BC  24142.81242528  .00023923  00000-0  15158-2 0  9998,2 53750  53.2176 333.2142 0000971  73.9486 286.1613 15.08846940 94643,6917.859,95.437,540.396,539.052,0.0
53750.0,STARLINK-4612,PAYLOAD,2024-05-21 22:40:39,15.08850535,9.44e-05,53.2175,332.6201,82.5219,277.5881,0.0018602,0.0002945,0.0,0 STARLINK-4612,1 53750U 22107BC  24142.94490464  .00029450  00000-0  18602-2 0  9994,2 53750  53.2175 332.6201 0000944  82.5219 277.5881 15.08850535 95457,6917.848,95.437,540.366,539.06,0.0
53750.0,STARLINK-4612,PAYLOAD,2024-05-22 19:20:40,15.08844319,8.66e-05,53.2174,328.7485,105.2664,254.8423,0.00072112,0.00011209,0.0,0 STARLINK-4612,1 53750U 22107BC  24143.80602716  .00011209  00000-0  72112-3 0  9995,2 53750  53.2174 328.7485 0000866 105.2664 254.8423 15.08844319 94795,6917.867,95.437,540.331,539.133,0.0
53750.0,STARLINK-4612,PAYLOAD,2024-05-23 20:46:48,15.08951495,9.24e-05,53.2177,323.9924,92.4423,267.6675,0.0030871,0.00049338,0.0,0 STARLINK-4612,1 53750U 22107BC  24144.86583338  .00049338  00000-0  30871-2 0  9999,2 53750  53.2177 323.9924 0000924  92.4423 267.6675 15.08951495 94951,6917.54,95.431,540.044,538.765,0.0
53750.0,STARLINK-4612,PAYLOAD,2024-05-24 12:40:21,15.09221108,0.000289,53.217,321.0225,46.0704,314.0527,0.005678,0.00092224,0.0,0 STARLINK-4612,1 53750U 22107BC  24145.52803197  .00092224  00000-0  56780-2 0  9990,2 53750  53.2170 321.0225 0002890  46.0704 314.0527 15.09221108 95055,6916.716,95.413,540.58,536.582,0.0
53750.0,STARLINK-4612,PAYLOAD,2024-05-24 20:36:55,15.09621909,9.71e-05,53.2165,319.5322,131.5797,228.5279,0.011729,0.00195765,0.0,0 STARLINK-4612,1 53750U 22107BC  24145.85897885  .00195765  00000-0  11729-1 0  9990,2 53750  53.2165 319.5322 0000971 131.5797 228.5279 15.09621909 95101,6915.491,95.388,538.028,536.685,0.0
53750.0,STARLINK-4612,PAYLOAD,2024-05-24 22:12:15,15.0966148,0.0001462,53.2164,319.2323,47.8935,312.2182,0.011872,0.00198444,0.0,0 STARLINK-4612,1 53750U 22107BC  24145.92517716  .00198444  00000-0  11872-1 0  9996,2 53750  53.2164 319.2323 0001462  47.8935 312.2182 15.09661480 95907,6915.371,95.386,538.247,536.225,0.0
53750.0,STARLINK-4612,PAYLOAD,2024-05-25 02:58:10,15.09802531,0.0001181,53.2162,318.3511,148.697,211.4093,0.012253,0.00205833,0.0,0 STARLINK-4612,1 53750U 22107BC  24146.12373570  .00205833  00000-0  12253-1 0  9992,2 53750  53.2162 318.3511 0001181 148.6970 211.4093 15.09802531 95142,6914.94,95.377,537.622,535.988,0.0
53750.0,STARLINK-4612,PAYLOAD,2024-05-25 14:00:01,15.10493824,0.0001223,53.2164,316.275,89.8054,250.7742,-0.0019827,-0.00033163,0.0,0 STARLINK-4612,1 53750U 22107BC  24146.58334491 -.00033163  00000-0 -19827-2 0  9993,2 53750  53.2164 316.2750 0001223  89.8054 250.7742 15.10493824 95210,6912.83,95.333,535.54,533.849,0.0
53750.0,STARLINK-4612,PAYLOAD,2024-05-26 14:00:01,15.10489669,0.0001304,53.2167,311.7716,93.0924,288.1487,-0.0011646,-0.00019635,0.0,0 STARLINK-4612,1 53750U 22107BC  24147.58334491 -.00019635  00000-0 -11646-2 0  9993,2 53750  53.2167 311.7716 0001304  93.0924 288.1487 15.10489669 95367,6912.843,95.333,535.609,533.806,0.0
53750.0,STARLINK-4612,PAYLOAD,2024-05-26 22:00:00,15.10458567,0.0001264,53.2162,310.2757,85.0464,309.7693,0.0014593,0.00024072,0.0,0 STARLINK-4612,1 53750U 22107BC  24147.91667824  .00024072  00000-0  14593-2 0  9992,2 53750  53.2162 310.2757 0001264  85.0464 309.7693 15.10458567  5853,6912.937,95.335,535.676,533.929,0.0
53750.0,STARLINK-4612,PAYLOAD,2024-05-27 14:00:01,15.10553622,0.0001209,53.2165,307.2743,92.0775,329.8365,-0.0089702,-0.00146912,0.0,0 STARLINK-4612,1 53750U 22107BC  24148.58334491 -.00146912  00000-0 -89702-2 0  9991,2 53750  53.2165 307.2743 0001209  92.0775 329.8365 15.10553622 95518,6912.647,95.329,535.348,533.677,0.0
53750.0,STARLINK-4612,PAYLOAD,2024-05-27 22:00:00,15.10468014,0.0001159,53.2164,305.7751,82.3631,353.1438,-0.025093,-0.00395614,0.0,0 STARLINK-4612,1 53750U 22107BC  24148.91667824 -.00395614  00000-0 -25093-1 0  9994,2 53750  53.2164 305.7751 0001159  82.3631 353.1438 15.10468014 95562,6912.909,95.335,535.575,533.972,0.0
53750.0,STARLINK-4612,PAYLOAD,2024-05-28 06:00:00,15.1016052,0.0001052,53.2167,304.2735,94.2023,354.7021,-0.028135,-0.00437246,0.0,0 STARLINK-4612,1 53750U 22107BC  24149.25001157 -.00437246  00000-0 -28135-1 0  9991,2 53750  53.2167 304.2735 0001052  94.2023 354.7021 15.10160520 95612,6913.847,95.354,536.439,534.985,0.0
53750.0,STARLINK-4612,PAYLOAD,2024-05-28 11:57:46,15.10126659,0.0001103,53.2168,303.1571,84.6261,275.4857,-0.0072952,-0.00118599,0.0,0 STARLINK-4612,1 53750U 22107BC  24149.49845149 -.00118599  00000-0 -72952-2 0  9998,2 53750  53.2168 303.1571 0001103  84.6261 275.4857 15.10126659 95658,6913.95,95.356,536.578,535.053,0.0
53750.0,STARLINK-4612,PAYLOAD,2024-05-28 13:33:04,15.10102413,0.0001224,53.2167,302.8594,89.5715,270.5418,-0.0065057,-0.00105912,0.0,0 STARLINK-4612,1 53750U 22107BC  24149.56463824 -.00105912  00000-0 -65057-2 0  9995,2 53750  53.2167 302.8594 0001224  89.5715 270.5418 15.10102413 96450,6914.024,95.358,536.736,535.043,0.0
53750.0,STARLINK-4612,PAYLOAD,2024-05-28 19:54:24,15.09816203,0.0001093,53.2169,301.669,90.4368,269.675,-0.0088301,-0.00141811,0.0,0 STARLINK-4612,1 53750U 22107BC  24149.82944639 -.00141811  00000-0 -88301-2 0  9997,2 53750  53.2169 301.6690 0001093  90.4368 269.6750 15.09816203 95707,6914.898,95.376,537.519,536.007,0.0
53750.0,STARLINK-4612,PAYLOAD,2024-05-28 21:29:44,15.09756961,8.28e-05,53.2169,301.3715,89.3278,270.781,-0.0084591,-0.00135755,0.0,0 STARLINK-4612,1 53750U 22107BC  24149.89565258 -.00135755  00000-0 -84591-2 0  9997,2 53750  53.2169 301.3715 0000828  89.3278 270.7810 15.09756961 96507,6915.079,95.38,537.517,536.371,0.0
53750.0,STARLINK-4612,PAYLOAD,2024-05-29 13:23:19,15.09193321,0.0001226,53.2168,298.3965,88.5134,271.5999,-0.013939,-0.00217592,0.0,0 STARLINK-4612,1 53750U 22107BC  24150.55786599 -.00217592  00000-0 -13939-1 0  9992,2 53750  53.2168 298.3965 0001226  88.5134 271.5999 15.09193321 95818,6916.801,95.415,539.514,537.818,0.0
53750.0,STARLINK-4612,PAYLOAD,2024-05-29 22:00:01,15.08824409,0.0001242,53.2166,296.7867,80.3814,69.8458,0.001602,0.00025289,0.0,0 STARLINK-4612,1 53750U 22107BC  24150.91668981  .00025289  00000-0  16020-2 0  9999,2 53750  53.2166 296.7867 0001242  80.3814  69.8458 15.08824409 95862,6917.928,95.439,540.652,538.934,0.0
53750.0,STARLINK-4612,PAYLOAD,2024-05-30 14:00:01,15.08875415,0.0001267,53.2168,293.7933,93.5128,79.8273,-0.0041852,-0.00066345,0.0,0 STARLINK-4612,1 53750U 22107BC  24151.58334491 -.00066345  00000-0 -41852-2 0  9990,2 53750  53.2168 293.7933 0001267  93.5128  79.8273 15.08875415  5855,6917.772,95.435,540.514,538.761,0.0
53750.0,STARLINK-4612,PAYLOAD,2024-05-30 22:00:01,15.08816667,0.0001187,53.2164,292.2974,89.607,95.4102,0.0016362,0.00025831,0.0,0 STARLINK-4612,1 53750U 22107BC  24151.91668981  .00025831  00000-0  16362-2 0  9992,2 53750  53.2164 292.2974 0001187  89.6070  95.4102 15.08816667 96010,6917.952,95.439,540.638,538.996,0.0
53750.0,STARLINK-4612,PAYLOAD,2024-05-31 14:00:01,15.08865991,0.0001232,53.2165,289.3044,78.3895,129.7086,-0.0037084,-0.00058866,0.0,0 STARLINK-4612,1 53750U 22107BC  24152.58334491 -.00058866  00000-0 -37084-2 0  9992,2 53750  53.2165 289.3044 0001232  78.3895 129.7086 15.08865991 96114,6917.801,95.436,540.518,538.814,0.0
53750.0,STARLINK-4612,PAYLOAD,2024-05-31 22:00:00,15.08820716,0.0001243,53.216,287.8082,74.1106,145.5916,0.0014815,0.00023356,0.0,0 STARLINK-4612,1 53750U 22107BC  24152.91667824  .00023356  00000-0  14815-2 0  9999,2 53750  53.2160 287.8082 0001243  74.1106 145.5916 15.08820716  5850,6917.939,95.439,540.664,538.944,0.0
53750.0,STARLINK-4612,PAYLOAD,2024-06-01 06:00:00,15.0881247,0.0001179,53.2159,286.3102,88.1056,143.1797,0.0042996,0.00068756,0.0,0 STARLINK-4612,1 53750U 22107BC  24153.25001157  .00068756  00000-0  42996-2 0  9992,2 53750  53.2159 286.3102 0001179  88.1056 143.1797 15.08812470 96211,6917.965,95.439,540.645,539.014,0.0
53750.0,STARLINK-4612,PAYLOAD,2024-06-01 14:00:01,15.08861801,0.0001227,53.2159,284.8152,83.6843,159.1675,-0.0026444,-0.00042152,0.0,0 STARLINK-4612,1 53750U 22107BC  24153.58334491 -.00042152  00000-0 -26444-2 0  9992,2 53750  53.2159 284.8152 0001227  83.6843 159.1675 15.08861801 96266,6917.814,95.436,540.528,538.83,0.0
53750.0,STARLINK-4612,PAYLOAD,2024-06-02 01:38:46,15.0884923,4.21e-05,53.2157,282.6359,99.7118,260.3922,0.0010577,0.0001659,0.0,0 STARLINK-4612,1 53750U 22107BC  24154.06859758  .00016590  00000-0  10577-2 0  9999,2 53750  53.2157 282.6359 0000421  99.7118 260.3922 15.08849230 96348,6917.852,95.437,540.008,539.426,0.0
53750.0,STARLINK-4612,PAYLOAD,2024-06-02 08:00:19,15.08851871,0.0001487,53.2157,281.4461,84.9509,275.1653,0.0011644,0.00018298,0.0,0 STARLINK-4612,1 53750U 22107BC  24154.33356059  .00018298  00000-0  11644-2 0  9998,2 53750  53.2157 281.4461 0001487  84.9509 275.1653 15.08851871 96385,6917.844,95.437,540.738,538.68,0.0
53750.0,STARLINK-4612,PAYLOAD,2024-06-03 01:29:33,15.08854573,0.0001166,53.2156,278.1756,89.2387,270.8738,0.00090893,0.00014213,0.0,0 STARLINK-4612,1 53750U 22107BC  24155.06219706  .00014213  00000-0  90893-3 0  9993,2 53750  53.2156 278.1756 0001166  89.2387 270.8738 15.08854573 96490,6917.836,95.437,540.507,538.894,0.0
53750.0,STARLINK-4612,PAYLOAD,2024-06-03 12:37:16,15.08863742,0.0003038,53.2159,276.0936,85.1789,274.955,0.0011938,0.00018775,0.0,0 STARLINK-4612,1 53750U 22107BC  24155.52588048  .00018775  00000-0  11938-2 0  9991,2 53750  53.2159 276.0936 0003038  85.1789 274.9550 15.08863742 96564,6917.808,95.436,541.774,537.571,0.0
53750.0,STARLINK-4612,PAYLOAD,2024-06-03 14:12:38,15.08854645,0.0001025,53.2159,275.7962,99.2691,260.8417,0.00095523,0.00014953,0.0,0 STARLINK-4612,1 53750U 22107BC  24155.59211497  .00014953  00000-0  95523-3 0  9996,2 53750  53.2159 275.7962 0001025  99.2691 260.8417 15.08854645 97368,6917.836,95.437,540.41,538.992,0.0
53750.0,STARLINK-4612,PAYLOAD,2024-06-03 17:23:25,15.0885807,0.0001106,53.216,275.2015,93.0858,267.0261,0.001993,0.00031589,0.0,0 STARLINK-4612,1 53750U 22107BC  24155.72459652  .00031589  00000-0  19930-2 0  9999,2 53750  53.2160 275.2015 0001106  93.0858 267.0261 15.08858070 97385,6917.825,95.436,540.455,538.925,0.0
53750.0,STARLINK-4612,PAYLOAD,2024-06-04 01:20:21,15.08852034,0.0001762,53.2162,273.7134,92.7081,267.4113,0.0017396,0.00027515,0.0,0 STARLINK-4612,1 53750U 22107BC  24156.05579895  .00027515  00000-0  17396-2 0  9996,2 53750  53.2162 273.7134 0001762  92.7081 267.4113 15.08852034 96646,6917.844,95.437,540.928,538.49,0.0
53750.0,STARLINK-4612,PAYLOAD,2024-06-04 07:41:53,15.08854171,0.0001635,53.2108,272.5215,103.6358,256.4816,0.0011497,0.00018064,0.0,0 STARLINK-4612,1 53750U 22107BC  24156.32075584  .00018064  00000-0  11497-2 0  9997,2 53750  53.2108 272.5215 0001635 103.6358 256.4816 15.08854171 96687,6917.837,95.437,540.833,538.571,0.0
53750.0,STARLINK-4612,PAYLOAD,2024-06-05 01:11:07,15.08858839,0.0001644,53.2166,269.2516,96.3331,263.7848,0.00069303,0.00010764,0.0,0 STARLINK-4612,1 53750U 22107BC  24157.04939173  .00010764  00000-0  69303-3 0  9999,2 53750  53.2166 269.2516 0001644  96.3331 263.7848 15.08858839 96790,6917.823,95.436,540.825,538.551,0.0
53750.0,STARLINK-4612,PAYLOAD,2024-06-05 12:18:49,15.08845142,0.0002198,53.2156,267.1674,123.0341,237.0863,0.00012772,1.745e-05,0.0,0 STARLINK-4612,1 53750U 22107BC  24157.51307213  .00001745  00000-0  12772-3 0  9992,2 53750  53.2156 267.1674 0002198 123.0341 237.0863 15.08845142 96867,6917.865,95.437,541.25,538.209,0.0
53750.0,STARLINK-4612,PAYLOAD,2024-06-05 13:54:12,15.08843319,0.0001681,53.2157,266.8734,110.1458,249.9715,0.00010064,1.314e-05,0.0,0 STARLINK-4612,1 53750U 22107BC  24157.57931332  .00001314  00000-0  10064-3 0  9997,2 53750  53.2157 266.8734 0001681 110.1458 249.9715 15.08843319 97664,6917.87,95.437,540.898,538.572,0.0
53750.0,STARLINK-4612,PAYLOAD,2024-06-06 13:45:00,15.08837313,0.0001352,53.2168,262.4161,84.2418,275.8728,9.193e-05,1.175e-05,0.0,0 STARLINK-4612,1 53750U 22107BC  24158.57292250  .00001175  00000-0  91930-4 0  9994,2 53750  53.2168 262.4161 0001352  84.2418 275.8728 15.08837313 97023,6917.889,95.438,540.689,538.818,0.0
53750.0,STARLINK-4612,PAYLOAD,2024-06-06 16:55:46,15.08839751,0.0001129,53.2151,261.8204,86.1112,274.0009,0.00016113,2.277e-05,0.0,0 STARLINK-4612,1 53750U 22107BC  24158.70540126  .00002277  00000-0  16113-3 0  9990,2 53750  53.2151 261.8204 0001129  86.1112 274.0009 15.08839751 97830,6917.881,95.438,540.527,538.965,0.0
53750.0,STARLINK-4612,PAYLOAD,2024-06-07 23:08:06,15.08854719,0.0001151,53.2141,256.1696,75.9489,284.1632,0.00060868,9.416e-05,0.0,0 STARLINK-4612,1 53750U 22107BC  24159.96396014  .00009416  00000-0  60868-3 0  9992,2 53750  53.2141 256.1696 0001151  75.9489 284.1632 15.08854719 97238,6917.835,95.437,540.497,538.904,0.0
53750.0,STARLINK-4612,PAYLOAD,2024-06-08 13:26:33,15.08862004,0.0001155,53.216,253.4963,86.8757,273.2367,0.00041504,6.328e-05,0.0,0 STARLINK-4612,1 53750U 22107BC  24160.56011276  .00006328  00000-0  41504-3 0  9999,2 53750  53.2160 253.4963 0001155  86.8757 273.2367 15.08862004 98117,6917.813,95.436,540.477,538.879,0.0
53750.0,STARLINK-4612,PAYLOAD,2024-06-08 15:01:56,15.08866939,0.0001208,53.2159,253.1972,89.4965,270.6166,0.00059212,9.155e-05,0.0,0 STARLINK-4612,1 53750U 22107BC  24160.62635012  .00009155  00000-0  59212-3 0  9992,2 53750  53.2159 253.1972 0001208  89.4965 270.6166 15.08866939 98121,6917.798,95.436,540.499,538.827,0.0
53750.0,STARLINK-4612,PAYLOAD,2024-06-08 22:58:52,15.08852993,0.0001526,53.2157,251.7077,69.8452,290.2704,7.2494e-05,8.66e-06,0.0,0 STARLINK-4612,1 53750U 22107BC  24160.95755150  .00000866  00000-0  72494-4 0  9992,2 53750  53.2157 251.7077 0001526  69.8452 290.2704 15.08852993 97383,6917.841,95.437,540.761,538.65,0.0
53750.0,STARLINK-4612,PAYLOAD,2024-06-09 11:41:58,15.08819767,0.0001324,53.2154,249.3324,71.2979,288.8157,-0.0005066,-8.337e-05,0.0,0 STARLINK-4612,1 53750U 22107BC  24161.48748477 -.00008337  00000-0 -50660-3 0  9998,2 53750  53.2154 249.3324 0001324  71.2979 288.8157 15.08819767 97461,6917.942,95.439,540.723,538.891,0.0
53750.0,STARLINK-4612,PAYLOAD,2024-06-09 14:52:45,15.0882154,0.0001354,53.2156,248.7379,72.857,287.257,-0.00035947,-6.001e-05,0.0,0 STARLINK-4612,1 53750U 22107BC  24161.61996812 -.00006001  00000-0 -35947-3 0  9998,2 53750  53.2156 248.7379 0001354  72.8570 287.2570 15.08821540 98277,6917.937,95.439,540.739,538.865,0.0
53750.0,STARLINK-4612,PAYLOAD,2024-06-09 22:49:40,15.08832941,0.0001427,53.2163,247.2511,69.9455,290.1691,-4.1232e-05,-9.44e-06,0.0,0 STARLINK-4612,1 53750U 22107BC  24161.95116662 -.00000944  00000-0 -41232-4 0  9997,2 53750  53.2163 247.2511 0001427  69.9455 290.1691 15.08832941 98327,6917.902,95.438,540.754,538.78,0.0
53750.0,STARLINK-4612,PAYLOAD,2024-06-10 05:11:13,15.08834456,0.0001566,53.2174,246.0585,67.6102,292.5056,0.00019133,2.758e-05,0.0,0 STARLINK-4612,1 53750U 22107BC  24162.21612837  .00002758  00000-0  19133-3 0  9999,2 53750  53.2174 246.0585 0001566  67.6102 292.5056 15.08834456 97575,6917.897,95.438,540.846,538.679,0.0
53750.0,STARLINK-4612,PAYLOAD,2024-06-10 13:08:09,15.08857227,0.0001342,53.2147,244.5735,63.3567,296.7562,0.0013976,0.00022035,0.0,0 STARLINK-4612,1 53750U 22107BC  24162.54732717  .00022035  00000-0  13976-2 0  9993,2 53750  53.2147 244.5735 0001342  63.3567 296.7562 15.08857227 97620,6917.828,95.436,540.621,538.764,0.0
53750.0,STARLINK-4612,PAYLOAD,2024-06-10 22:40:27,15.08857958,0.0001172,53.2145,242.7889,68.3619,291.7498,0.0011595,0.00018223,0.0,0 STARLINK-4612,1 53750U 22107BC  24162.94476558  .00018223  00000-0  11595-2 0  9994,2 53750  53.2145 242.7889 0001172  68.3619 291.7498 15.08857958 98470,6917.825,95.436,540.501,538.88,0.0
53750.0,STARLINK-4612,PAYLOAD,2024-06-11 05:01:59,15.08867819,0.0001304,53.2148,241.6003,66.5729,293.54,0.0014565,0.00022986,0.0,0 STARLINK-4612,1 53750U 22107BC  24163.20972212  .00022986  00000-0  14565-2 0  9993,2 53750  53.2148 241.6003 0001304  66.5729 293.5400 15.08867819 97725,6917.795,95.436,540.562,538.758,0.0
53750.0,STARLINK-4612,PAYLOAD,2024-06-11 11:23:32,15.08856176,0.0001242,53.2139,240.4109,69.1299,290.9826,0.001551,0.00024493,0.0,0 STARLINK-4612,1 53750U 22107BC  24163.47468448  .00024493  00000-0  15510-2 0  9999,2 53750  53.2139 240.4109 0001242  69.1299 290.9826 15.08856176 98550,6917.831,95.437,540.555,538.837,0.0
53750.0,STARLINK-4612,PAYLOAD,2024-06-11 22:31:14,15.08850917,0.0001159,53.2128,238.3295,69.2711,290.8405,0.0011091,0.00017413,0.0,0 STARLINK-4612,1 53750U 22107BC  24163.93836385  .00017413  00000-0  11091-2 0  9993,2 53750  53.2128 238.3295 0001159  69.2711 290.8405 15.08850917 97836,6917.847,95.437,540.514,538.91,0.0
53750.0,STARLINK-4612,PAYLOAD,2024-06-12 11:14:19,15.08838945,0.000142,53.2149,235.9492,84.1507,275.9647,0.00011629,1.563e-05,0.0,0 STARLINK-4612,1 53750U 22107BC  24164.46828684  .00001563  00000-0  11629-3 0  9992,2 53750  53.2149 235.9492 0001420  84.1507 275.9647 15.08838945 97919,6917.884,95.438,540.731,538.766,0.0
53750.0,STARLINK-4612,PAYLOAD,2024-06-13 14:15:53,15.08842187,0.0001345,53.2159,230.8938,86.5069,273.6077,9.5466e-05,1.232e-05,0.0,0 STARLINK-4612,1 53750U 22107BC  24165.59436700  .00001232  00000-0  95466-4 0  9996,2 53750  53.2159 230.8938 0001345  86.5069 273.6077 15.08842187 98875,6917.874,95.437,540.669,538.808,0.0
53750.0,STARLINK-4612,PAYLOAD,2024-06-14 10:55:54,15.08838532,0.0001216,53.2167,227.0278,84.7125,275.4006,0.00013042,1.788e-05,0.0,0 STARLINK-4612,1 53750U 22107BC  24166.45548897  .00001788  00000-0  13042-3 0  9998,2 53750  53.2167 227.0278 0001216  84.7125 275.4006 15.08838532 99006,6917.885,95.438,540.591,538.909,0.0
53750.0,STARLINK-4612,PAYLOAD,2024-06-14 20:28:13,15.08840423,0.0001178,53.2165,225.2435,82.3932,277.7194,0.00010475,1.38e-05,0.0,0 STARLINK-4612,1 53750U 22107BC  24166.85292844  .00001380  00000-0  10475-3 0  9995,2 53750  53.2165 225.2435 0001178  82.3932 277.7194 15.08840423 99067,6917.879,95.438,540.559,538.929,0.0
53750.0,STARLINK-4612,PAYLOAD,2024-06-15 13:57:27,15.08847916,0.00012,53.2165,221.9734,82.2636,277.8492,0.00012481,1.699e-05,0.0,0 STARLINK-4612,1 53750U 22107BC  24167.58156269  .00001699  00000-0  12481-3 0  9998,2 53750  53.2165 221.9734 0001200  82.2636 277.8492 15.08847916 99176,6917.856,95.437,540.551,538.891,0.0
53750.0,STARLINK-4612,PAYLOAD,2024-06-15 20:18:59,15.08842659,0.0001033,53.2148,220.7817,67.1499,292.9602,9.1956e-05,1.176e-05,0.0,0 STARLINK-4612,1 53750U 22107BC  24167.84652582  .00001176  00000-0  91956-4 0  9991,2 53750  53.2148 220.7817 0001033  67.1499 292.9602 15.08842659 99214,6917.872,95.437,540.452,539.023,0.0
53750.0,STARLINK-4612,PAYLOAD,2024-06-16 13:48:14,15.08839579,0.0001269,53.2161,217.5132,86.1942,273.9196,4.3269e-05,4.01e-06,0.0,0 STARLINK-4612,1 53750U 22107BC  24168.57517058  .00000401  00000-0  43269-4 0  9994,2 53750  53.2161 217.5132 0001269  86.1942 273.9196 15.08839579 99324,6917.882,95.438,540.625,538.869,0.0
53750.0,STARLINK-4612,PAYLOAD,2024-06-16 20:09:47,15.08836477,0.0001226,53.2156,216.3241,88.9439,271.1694,2.3529e-05,8.7e-07,0.0,0 STARLINK-4612,1 53750U 22107BC  24168.84013345  .00000087  00000-0  23529-4 0  9991,2 53750  53.2156 216.3241 0001226  88.9439 271.1694 15.08836477 99361,6917.891,95.438,540.604,538.908,0.0
53750.0,STARLINK-4612,PAYLOAD,2024-06-17 20:00:34,15.08843217,0.0001258,53.2159,211.8631,86.8242,273.2894,-8.0237e-06,-4.16e-06,0.0,0 STARLINK-4612,1 53750U 22107BC  24169.83373101 -.00000416  00000-0 -80237-5 0  9998,2 53750  53.2159 211.8631 0001258  86.8242 273.2894 15.08843217 99513,6917.871,95.437,540.606,538.865,0.0
53750.0,STARLINK-4612,PAYLOAD,2024-06-18 13:29:48,15.08843934,0.0001265,53.2157,208.5919,88.374,271.7397,0.00011238,1.501e-05,0.0,0 STARLINK-4612,1 53750U 22107BC  24170.56236903  .00001501  00000-0  11238-3 0  9995,2 53750  53.2157 208.5919 0001265  88.3740 271.7397 15.08843934 99620,6917.868,95.437,540.608,538.858,0.0
53750.0,STARLINK-4612,PAYLOAD,2024-06-18 19:51:21,15.08837772,0.0001267,53.2158,207.4021,87.7655,272.3482,6.709e-05,7.8e-06,0.0,0 STARLINK-4612,1 53750U 22107BC  24170.82733422  .00000780  00000-0  67090-4 0  9998,2 53750  53.2158 207.4021 0001267  87.7655 272.3482 15.08837772 98874,6917.887,95.438,540.629,538.876,0.0
53750.0,STARLINK-4612,PAYLOAD,2024-06-18 21:26:44,15.08836021,0.0001289,53.2158,207.1048,89.2651,270.8489,5.7871e-05,6.33e-06,0.0,0 STARLINK-4612,1 53750U 22107BC  24170.89357579  .00000633  00000-0  57871-4 0  9993,2 53750  53.2158 207.1048 0001289  89.2651 270.8489 15.08836021 99672,6917.893,95.438,540.649,538.866,0.0
53750.0,STARLINK-4612,PAYLOAD,2024-06-19 13:20:36,15.08841338,0.0001285,53.2158,204.1315,89.5338,270.5801,7.2075e-05,8.59e-06,0.0,0 STARLINK-4612,1 53750U 22107BC  24171.55597315  .00000859  00000-0  72075-4 0  9994,2 53750  53.2158 204.1315 0001285  89.5338 270.5801 15.08841338 99770,6917.876,95.437,540.63,538.852,0.0
53750.0,STARLINK-4612,PAYLOAD,2024-06-19 21:17:31,15.08839319,0.0001284,53.2157,202.6447,89.3901,270.7239,4.4264e-05,4.17e-06,0.0,0 STARLINK-4612,1 53750U 22107BC  24171.88717472  .00000417  00000-0  44264-4 0  9997,2 53750  53.2157 202.6447 0001284  89.3901 270.7239 15.08839319 99033,6917.882,95.438,540.636,538.859,0.0
53750.0,STARLINK-4612,PAYLOAD,2024-06-20 13:11:22,15.08845112,0.0001295,53.2157,199.6709,89.2066,270.9074,7.5882e-05,9.2e-06,0.0,0 STARLINK-4612,1 53750U 22107BC  24172.54956977  .00000920  00000-0  75882-4 0  9995,2 53750  53.2157 199.6709 0001295  89.2066 270.9074 15.08845112 99927,6917.865,95.437,540.626,538.834,0.0
53750.0,STARLINK-4612,PAYLOAD,2024-06-20 21:08:18,15.08840525,0.0001305,53.2157,198.1842,88.9789,271.1353,1.9085e-05,1.6e-07,0.0,0 STARLINK-4612,1 53750U 22107BC  24172.88077347  .00000016  00000-0  19085-4 0  9996,2 53750  53.2157 198.1842 0001305  88.9789 271.1353 15.08840525 99970,6917.879,95.438,540.647,538.841,0.0
53750.0,STARLINK-4612,PAYLOAD,2024-06-20 22:43:42,15.08838371,0.0001307,53.2157,197.8868,89.2971,270.8171,3.0982e-05,2.05e-06,0.0,0 STARLINK-4612,1 53750U 22107BC  24172.94701458  .00000205  00000-0  30982-4 0  9999,2 53750  53.2157 197.8868 0001307  89.2971 270.8171 15.08838371 99197,6917.885,95.438,540.655,538.846,0.0
53750.0,STARLINK-4612,PAYLOAD,2024-06-21 11:26:47,15.08840378,0.0001304,53.2156,195.5078,88.5639,271.5502,5.9019e-05,6.52e-06,0.0,0 STARLINK-4612,1 53750U 22107BC  24173.47693333  .00000652  00000-0  59019-4 0  9998,2 53750  53.2156 195.5078 0001304  88.5639 271.5502 15.08840378100069,6917.879,95.438,540.646,538.842,0.0
53750.0,STARLINK-4612,PAYLOAD,2024-06-22 04:56:01,15.08836317,0.0001306,53.2156,192.2368,87.6946,272.4196,4.9763e-06,-2.09e-06,0.0,0 STARLINK-4612,1 53750U 22107BC  24174.20557801 -.00000209  00000-0  49763-5 0  9994,2 53750  53.2156 192.2368 0001306  87.6946 272.4196 15.08836317 99387,6917.892,95.438,540.66,538.853,0.0
53750.0,STARLINK-4612,PAYLOAD,2024-06-22 11:17:34,15.08837179,0.0001316,53.2156,191.0473,87.8268,272.2875,7.8514e-06,-1.63e-06,0.0,0 STARLINK-4612,1 53750U 22107BC  24174.47053778 -.00000163  00000-0  78514-5 0  9992,2 53750  53.2156 191.0473 0001316  87.8268 272.2875 15.08837179100215,6917.889,95.438,540.664,538.844,0.0
53750.0,STARLINK-4612,PAYLOAD,2024-06-23 11:08:21,15.0883976,0.0001328,53.2161,186.5867,93.6461,266.4683,5.3025e-05,5.56e-06,0.0,0 STARLINK-4612,1 53750U 22107BC  24175.46413515  .00000556  00000-0  53025-4 0  9995,2 53750  53.2161 186.5867 0001328  93.6461 266.4683 15.08839760 99576,6917.881,95.438,540.665,538.827,0.0
53750.0,STARLINK-4612,PAYLOAD,2024-06-23 12:43:44,15.08840012,0.0001323,53.216,186.2893,93.3815,266.7328,5.4013e-05,5.72e-06,0.0,0 STARLINK-4612,1 53750U 22107BC  24175.53037497  .00000572  00000-0  54013-4 0  9990,2 53750  53.2160 186.2893 0001323  93.3815 266.7328 15.08840012100378,6917.88,95.438,540.661,538.83,0.0
53750.0,STARLINK-4612,PAYLOAD,2024-06-24 10:59:08,15.08837172,0.0001303,53.2161,182.1262,90.6148,269.4994,5.1796e-05,5.36e-06,0.0,0 STARLINK-4612,1 53750U 22107BC  24176.45773881  .00000536  00000-0  51796-4 0  9991,2 53750  53.2161 182.1262 0001303  90.6148 269.4994 15.08837172100519,6917.889,95.438,540.655,538.853,0.0
53750.0,STARLINK-4612,PAYLOAD,2024-06-25 04:28:22,15.08843757,0.0001297,53.2162,178.8551,88.9101,271.204,5.7985e-05,6.35e-06,0.0,0 STARLINK-4612,1 53750U 22107BC  24177.18637427  .00000635  00000-0  57985-4 0  9993,2 53750  53.2162 178.8551 0001297  88.9101 271.2040 15.08843757 99835,6917.869,95.437,540.631,538.837,0.0
53750.0,STARLINK-4612,PAYLOAD,2024-06-25 07:39:08,15.08851118,0.0001525,53.2159,178.2608,81.6036,278.5129,0.00011904,1.608e-05,0.0,0 STARLINK-4612,1 53750U 22107BC  24177.31884815  .00001608  00000-0  11904-3 0  9994,2 53750  53.2159 178.2608 0001525  81.6036 278.5129 15.08851118 99859,6917.846,95.437,540.766,538.656,0.0
53750.0,STARLINK-4612,PAYLOAD,2024-06-26 04:19:09,15.08839899,0.000129,53.2162,174.3944,102.7557,257.358,4.0831e-05,3.62e-06,0.0,0 STARLINK-4612,1 53750U 22107BC  24178.17997507  .00000362  00000-0  40831-4 0  9990,2 53750  53.2162 174.3944 0001290 102.7557 257.3580 15.08839899 99987,6917.881,95.438,540.638,538.853,0.0
53750.0,STARLINK-4612,PAYLOAD,2024-06-26 07:29:56,15.08839773,0.0001218,53.2156,173.7995,99.6934,260.4195,3.7621e-05,3.11e-06,0.0,0 STARLINK-4612,1 53750U 22107BC  24178.31245523  .00000311  00000-0  37621-4 0  9997,2 53750  53.2156 173.7995 0001218  99.6934 260.4195 15.08839773100792,6917.881,95.438,540.589,538.903,0.0
53750.0,STARLINK-4612,PAYLOAD,2024-06-27 05:45:19,15.08850691,0.0001289,53.2149,169.6334,111.5702,248.5427,-0.00010729,-1.996e-05,0.0,0 STARLINK-4612,1 53750U 22107BC  24179.23981312 -.00001996  00000-0 -10729-3 0  9993,2 53750  53.2149 169.6334 0001289 111.5702 248.5427 15.08850691100146,6917.848,95.437,540.604,538.821,0.0
53750.0,STARLINK-4612,PAYLOAD,2024-06-27 16:53:01,15.08845061,0.0001394,53.2158,167.554,92.2174,267.8978,-9.2949e-06,-4.36e-06,0.0,0 STARLINK-4612,1 53750U 22107BC  24179.70349365 -.00000436  00000-0 -92949-5 0  9995,2 53750  53.2158 167.5540 0001394  92.2174 267.8978 15.08845061101003,6917.865,95.437,540.694,538.766,0.0
53750.0,STARLINK-4612,PAYLOAD,2024-06-28 05:36:07,15.08839123,0.0001414,53.2161,165.175,91.7945,268.3209,9.1467e-05,1.168e-05,0.0,0 STARLINK-4612,1 53750U 22107BC  24180.23341563  .00001168  00000-0  91467-4 0  9991,2 53750  53.2161 165.1750 0001414  91.7945 268.3209 15.08839123100292,6917.883,95.438,540.726,538.77,0.0
53750.0,STARLINK-4612,PAYLOAD,2024-06-29 08:37:40,15.08845365,0.0001459,53.2162,160.1195,93.692,266.4239,0.00011186,1.493e-05,0.0,0 STARLINK-4612,1 53750U 22107BC  24181.35949195  .00001493  00000-0  11186-3 0  9990,2 53750  53.2162 160.1195 0001459  93.6920 266.4239 15.08845365100460,6917.864,95.437,540.738,538.72,0.0
53750.0,STARLINK-4612,PAYLOAD,2024-06-30 05:17:42,15.08831013,0.0001245,53.216,156.2542,82.851,277.2623,-8.0543e-06,-4.16e-06,0.0,0 STARLINK-4612,1 53750U 22107BC  24182.22062816 -.00000416  00000-0 -80543-5 0  9994,2 53750  53.2160 156.2542 0001245  82.8510 277.2623 15.08831013100594,6917.908,95.438,540.634,538.912,0.0
53750.0,STARLINK-4612,PAYLOAD,2024-06-30 08:28:28,15.08831353,0.0001357,53.2153,155.6596,83.5864,276.5282,-1.233e-05,-4.84e-06,0.0,0 STARLINK-4612,1 53750U 22107BC  24182.35310902 -.00000484  00000-0 -12330-4 0  9993,2 53750  53.2153 155.6596 0001357  83.5864 276.5282 15.08831353101403,6917.907,95.438,540.711,538.833,0.0
53750.0,STARLINK-4612,PAYLOAD,2024-06-30 22:46:56,15.08840913,0.0001301,53.2154,152.9835,83.4843,276.6297,1.9436e-05,2.1e-07,0.0,0 STARLINK-4612,1 53750U 22107BC  24182.94926444  .00000021  00000-0  19436-4 0  9991,2 53750  53.2154 152.9835 0001301  83.4843 276.6297 15.08840913101493,6917.878,95.437,540.643,538.843,0.0
53750.0,STARLINK-4612,PAYLOAD,2024-07-01 05:08:28,15.08847657,0.0001318,53.2156,151.7954,88.4411,271.6732,8.9125e-05,1.131e-05,0.0,0 STARLINK-4612,1 53750U 22107BC  24183.21421874  .00001131  00000-0  89125-4 0  9994,2 53750  53.2156 151.7954 0001318  88.4411 271.6732 15.08847657100746,6917.857,95.437,540.634,538.81,0.0
53750.0,STARLINK-4612,PAYLOAD,2024-07-01 14:40:47,15.08840321,0.0001358,53.2144,150.0111,85.4537,274.6611,4.9296e-05,4.97e-06,0.0,0 STARLINK-4612,1 53750U 22107BC  24183.61166341  .00000497  00000-0  49296-4 0  9992,2 53750  53.2144 150.0111 0001358  85.4537 274.6611 15.08840321101594,6917.879,95.438,540.684,538.805,0.0
53750.0,STARLINK-4612,PAYLOAD,2024-07-02 06:34:39,15.08839028,0.0001632,53.2156,147.0369,84.6125,275.5053,0.00015869,2.238e-05,0.0,0 STARLINK-4612,1 53750U 22107BC  24184.27406766  .00002238  00000-0  15869-3 0  9996,2 53750  53.2156 147.0369 0001632  84.6125 275.5053 15.08839028101690,6917.883,95.438,540.877,538.619,0.0
53750.0,STARLINK-4612,PAYLOAD,2024-07-02 20:53:07,15.08838241,0.0001333,53.2149,144.3619,93.7209,266.3935,7.867e-05,9.64e-06,0.0,0 STARLINK-4612,1 53750U 22107BC  24184.87022744  .00000964  00000-0  78670-4 0  9996,2 53750  53.2149 144.3619 0001333  93.7209 266.3935 15.08838241100997,6917.886,95.438,540.673,538.829,0.0
53750.0,STARLINK-4612,PAYLOAD,2024-07-03 14:22:22,15.08837767,0.0001399,53.2153,141.0891,84.0853,276.0299,-3.3486e-05,-8.21e-06,0.0,0 STARLINK-4612,1 53750U 22107BC  24185.59886847 -.00000821  00000-0 -33486-4 0  9998,2 53750  53.2153 141.0891 0001399  84.0853 276.0299 15.08837767101891,6917.887,95.438,540.72,538.784,0.0
53750.0,STARLINK-4612,PAYLOAD,2024-07-04 04:40:50,15.08811571,0.0001131,53.2164,138.4084,64.8395,295.2715,0.00057092,8.803e-05,0.0,0 STARLINK-4612,1 53750U 22107BC  24186.19503454  .00008803  00000-0  57092-3 0  9999,2 53750  53.2164 138.4084 0001131  64.8395 295.2715 15.08811571101192,6917.967,95.439,540.615,539.05,0.0
53750.0,STARLINK-4612,PAYLOAD,2024-07-04 14:13:08,15.08845272,0.0001367,53.2161,136.6274,95.751,264.3638,7.1359e-05,8.48e-06,0.0,0 STARLINK-4612,1 53750U 22107BC  24186.59246514  .00000848  00000-0  71359-4 0  9998,2 53750  53.2161 136.6274 0001367  95.7510 264.3638 15.08845272102044,6917.864,95.437,540.675,538.784,0.0
53750.0,STARLINK-4612,PAYLOAD,2024-07-05 14:03:56,15.0883457,0.0001961,53.2177,132.1651,100.6607,259.4606,2.7198e-05,1.45e-06,0.0,0 STARLINK-4612,1 53750U 22107BC  24187.58607485  .00000145  00000-0  27198-4 0  9998,2 53750  53.2177 132.1651 0001961 100.6607 259.4606 15.08834570102199,6917.897,95.438,541.119,538.405,0.0
53750.0,STARLINK-4612,PAYLOAD,2024-07-06 05:57:47,15.08839759,0.000154,53.217,129.1938,89.7973,270.3196,-1.2191e-07,-2.9e-06,0.0,0 STARLINK-4612,1 53750U 22107BC  24188.24847017 -.00000290  00000-0 -12191-6 0  9991,2 53750  53.2170 129.1938 0001540  89.7973 270.3196 15.08839759101506,6917.881,95.438,540.811,538.681,0.0
53750.0,STARLINK-4612,PAYLOAD,2024-07-07 05:48:34,15.08845511,0.0001332,53.2165,124.7337,94.1451,265.9693,7.5625e-05,9.16e-06,0.0,0 STARLINK-4612,1 53750U 22107BC  24189.24206791  .00000916  00000-0  75625-4 0  9992,2 53750  53.2165 124.7337 0001332  94.1451 265.9693 15.08845511102443,6917.864,95.437,540.65,538.807,0.0
53750.0,STARLINK-4612,PAYLOAD,2024-07-07 20:07:03,15.0883617,0.0001311,53.2162,122.0593,89.9074,270.2068,0.00011263,1.505e-05,0.0,0 STARLINK-4612,1 53750U 22107BC  24189.83823460  .00001505  00000-0  11263-3 0  9997,2 53750  53.2162 122.0593 0001311  89.9074 270.2068 15.08836170101743,6917.892,95.438,540.664,538.85,0.0
53750.0,STARLINK-4612,PAYLOAD,2024-07-08 12:00:54,15.08837977,0.0001369,53.2168,119.0833,90.3843,269.7306,8.3823e-05,1.046e-05,0.0,0 STARLINK-4612,1 53750U 22107BC  24190.50063453  .00001046  00000-0  83823-4 0  9993,2 53750  53.2168 119.0833 0001369  90.3843 269.7306 15.08837977102638,6917.887,95.438,540.699,538.805,0.0
53750.0,STARLINK-4612,PAYLOAD,2024-07-09 03:54:45,15.08846171,0.0001391,53.2177,116.1129,100.6066,259.5083,0.00010671,1.411e-05,0.0,0 STARLINK-4612,1 53750U 22107BC  24191.16302982  .00001411  00000-0  10671-3 0  9995,2 53750  53.2177 116.1129 0001391 100.6066 259.5083 15.08846171101949,6917.862,95.437,540.689,538.764,0.0
53750.0,STARLINK-4612,PAYLOAD,2024-07-09 11:51:41,15.08843244,0.0001152,53.2167,114.6251,89.3048,270.8076,0.00011856,1.6e-05,0.0,0 STARLINK-4612,1 53750U 22107BC  24191.49423123  .00001600  00000-0  11856-3 0  9998,2 53750  53.2167 114.6251 0001152  89.3048 270.8076 15.08843244102784,6917.87,95.437,540.532,538.939,0.0
53750.0,STARLINK-4612,PAYLOAD,2024-07-09 22:59:24,15.08831809,0.0001568,53.2179,112.5464,96.8552,263.2619,1.5627e-06,-2.63e-06,0.0,0 STARLINK-4612,1 53750U 22107BC  24191.95792362 -.00000263  00000-0  15627-5 0  9990,2 53750  53.2179 112.5464 0001568  96.8552 263.2619 15.08831809102855,6917.905,95.438,540.855,538.686,0.0
53750.0,STARLINK-4612,PAYLOAD,2024-07-10 03:45:33,15.08836709,0.0001551,53.2168,111.6505,85.4628,274.6541,2.7808e-05,1.55e-06,0.0,0 STARLINK-4612,1 53750U 22107BC  24192.15664042  .00000155  00000-0  27808-4 0  9998,2 53750  53.2168 111.6505 0001551  85.4628 274.6541 15.08836709102099,6917.89,95.438,540.828,538.682,0.0
53750.0,STARLINK-4612,PAYLOAD,2024-07-10 11:42:29,15.08838042,0.0001515,53.2168,110.1643,86.6943,273.4222,6.6347e-05,7.68e-06,0.0,0 STARLINK-4612,1 53750U 22107BC  24192.48783936  .00000768  00000-0  66347-4 0  9999,2 53750  53.2168 110.1643 0001515  86.6943 273.4222 15.08838042102937,6917.886,95.438,540.799,538.703,0.0
53750.0,STARLINK-4612,PAYLOAD,2024-07-10 22:50:11,15.08839935,0.0001425,53.2165,108.0829,84.0058,276.1096,0.00011161,1.489e-05,0.0,0 STARLINK-4612,1 53750U 22107BC  24192.95151758  .00001489  00000-0  11161-3 0  9996,2 53750  53.2165 108.0829 0001425  84.0058 276.1096 15.08839935103005,6917.881,95.438,540.731,538.76,0.0
53750.0,STARLINK-4612,PAYLOAD,2024-07-11 02:00:57,15.08847414,0.0001338,53.2167,107.4869,84.7227,275.3918,5.0526e-05,5.16e-06,0.0,0 STARLINK-4612,1 53750U 22107BC  24193.08399453  .00000516  00000-0  50526-4 0  9996,2 53750  53.2167 107.4869 0001338  84.7227 275.3918 15.08847414102231,6917.858,95.437,540.648,538.797,0.0
53750.0,STARLINK-4612,PAYLOAD,2024-07-12 03:27:06,15.08850285,0.0001453,53.2172,102.7295,95.7907,264.325,0.0001773,2.536e-05,0.0,0 STARLINK-4612,1 53750U 22107BC  24194.14383034  .00002536  00000-0  17730-3 0  9995,2 53750  53.2172 102.7295 0001453  95.7907 264.3250 15.08850285102397,6917.849,95.437,540.719,538.709,0.0
53750.0,STARLINK-4612,PAYLOAD,2024-07-12 11:24:03,15.08840602,0.000164,53.2172,101.2426,91.5009,268.6171,8.0012e-05,9.86e-06,0.0,0 STARLINK-4612,1 53750U 22107BC  24194.47503981  .00000986  00000-0  80012-4 0  9997,2 53750  53.2172 101.2426 0001640  91.5009 268.6171 15.08840602102449,6917.879,95.438,540.878,538.609,0.0
53750.0,STARLINK-4612,PAYLOAD,2024-07-12 22:31:45,15.08843722,0.0001462,53.2168,99.1618,90.0607,270.0553,0.00011306,1.512e-05,0.0,0 STARLINK-4612,1 53750U 22107BC  24194.93871650  .00001512  00000-0  11306-3 0  9994,2 53750  53.2168  99.1618 0001462  90.0607 270.0553 15.08843722103305,6917.869,95.437,540.745,538.723,0.0
53750.0,STARLINK-4612,PAYLOAD,2024-07-13 03:17:54,15.08851255,0.0001498,53.2165,98.267,95.733,264.3833,0.00013465,1.856e-05,0.0,0 STARLINK-4612,1 53750U 22107BC  24195.13743145  .00001856  00000-0  13465-3 0  9993,2 53750  53.2165  98.2670 0001498  95.7330 264.3833 15.08851255102546,6917.846,95.437,540.747,538.675,0.0
53750.0,STARLINK-4612,PAYLOAD,2024-07-13 11:14:50,15.08835996,0.0001695,53.2167,96.7827,93.1081,267.0105,3.3348e-05,2.43e-06,0.0,0 STARLINK-4612,1 53750U 22107BC  24195.46864149  .00000243  00000-0  33348-4 0  9999,2 53750  53.2167  96.7827 0001695  93.1081 267.0105 15.08835996102590,6917.893,95.438,540.93,538.585,0.0
53750.0,STARLINK-4612,PAYLOAD,2024-07-13 22:22:32,15.08842231,0.0001427,53.2164,94.7005,100.4461,259.6692,5.6565e-05,6.12e-06,0.0,0 STARLINK-4612,1 53750U 22107BC  24195.93231893  .00000612  00000-0  56565-4 0  9991,2 53750  53.2164  94.7005 0001427 100.4461 259.6692 15.08842231103454,6917.874,95.437,540.726,538.751,0.0
53750.0,STARLINK-4612,PAYLOAD,2024-07-13 23:57:55,15.08843266,0.0001475,53.2172,94.4043,94.1027,266.0134,8.8561e-05,1.122e-05,0.0,0 STARLINK-4612,1 53750U 22107BC  24195.99855913  .00001122  00000-0  88561-4 0  9990,2 53750  53.2172  94.4043 0001475  94.1027 266.0134 15.08843266102677,6917.87,95.437,540.756,538.715,0.0
53750.0,STARLINK-4612,PAYLOAD,2024-07-14 22:13:19,15.0884829,0.0001441,53.2171,90.242,86.3131,273.8026,0.00030947,4.642e-05,0.0,0 STARLINK-4612,1 53750U 22107BC  24196.92591896  .00004642  00000-0  30947-3 0  9995,2 53750  53.2171  90.2420 0001441  86.3131 273.8026 15.08848290103603,6917.855,95.437,540.717,538.723,0.0
53750.0,STARLINK-4612,PAYLOAD,2024-07-15 09:21:01,15.08851594,0.0001355,53.2168,88.1593,83.3786,276.736,0.00042328,6.457e-05,0.0,0 STARLINK-4612,1 53750U 22107BC  24197.38959693  .00006457  00000-0  42328-3 0  9991,2 53750  53.2168  88.1593 0001355  83.3786 276.7360 15.08851594102886,6917.845,95.437,540.647,538.773,0.0
53750.0,STARLINK-4612,PAYLOAD,2024-07-15 20:28:43,15.08838448,0.0002131,53.2174,86.0795,97.4781,262.6454,3.5673e-05,2.8e-06,0.0,0 STARLINK-4612,1 53750U 22107BC  24197.85328278  .00000280  00000-0  35673-4 0  9996,2 53750  53.2174  86.0795 0002131  97.4781 262.6454 15.08838448102957,6917.885,95.438,541.224,538.276,0.0
53750.0,STARLINK-4612,PAYLOAD,2024-07-15 22:04:06,15.08837108,0.0001975,53.219,85.7852,110.4756,249.6449,-2.4455e-05,-6.77e-06,0.0,0 STARLINK-4612,1 53750U 22107BC  24197.91952224 -.00000677  00000-0 -24455-4 0  9995,2 53750  53.2190  85.7852 0001975 110.4756 249.6449 15.08837108103758,6917.889,95.438,541.121,538.388,0.0
53750.0,STARLINK-4612,PAYLOAD,2024-07-15 23:39:29,15.08839138,0.0001583,53.2172,85.4863,96.3762,263.741,8.4107e-05,1.051e-05,0.0,0 STARLINK-4612,1 53750U 22107BC  24197.98576240  .00001051  00000-0  84107-4 0  9997,2 53750  53.2172  85.4863 0001583  96.3762 263.7410 15.08839138103762,6917.883,95.438,540.843,538.653,0.0
53750.0,STARLINK-4612,PAYLOAD,2024-07-16 21:54:53,15.08840407,0.0001891,53.218,81.3262,113.0639,247.0552,0.00016252,2.299e-05,0.0,0 STARLINK-4612,1 53750U 22107BC  24198.91312407  .00002299  00000-0  16252-3 0  9994,2 53750  53.2180  81.3262 0001891 113.0639 247.0552 15.08840407103900,6917.879,95.438,541.052,538.436,0.0
53750.0,STARLINK-4612,PAYLOAD,2024-07-17 01:05:40,15.08847778,0.000154,53.2172,80.7264,92.9376,267.1793,0.00035699,5.399e-05,0.0,0 STARLINK-4612,1 53750U 22107BC  24199.04560212  .00005399  00000-0  35699-3 0  9998,2 53750  53.2172  80.7264 0001540  92.9376 267.1793 15.08847778103133,6917.857,95.437,540.787,538.656,0.0
53750.0,STARLINK-4612,PAYLOAD,2024-07-17 09:02:36,15.08834232,0.0001387,53.2162,79.238,93.4071,266.708,0.00017236,2.456e-05,0.0,0 STARLINK-4612,1 53750U 22107BC  24199.37680641  .00002456  00000-0  17236-3 0  9991,2 53750  53.2162  79.2380 0001387  93.4071 266.7080 15.08834232103181,6917.898,95.438,540.723,538.804,0.0
53750.0,STARLINK-4612,PAYLOAD,2024-07-17 21:45:41,15.08839674,0.0001622,53.2171,76.8632,102.115,258.0023,0.00022702,3.327e-05,0.0,0 STARLINK-4612,1 53750U 22107BC  24199.90672782  .00003327  00000-0  22702-3 0  9999,2 53750  53.2171  76.8632 0001622 102.1150 258.0023 15.08839674104055,6917.881,95.438,540.868,538.624,0.0
53750.0,STARLINK-4612,PAYLOAD,2024-07-18 08:53:23,15.08841202,0.0001383,53.2168,74.7765,89.5393,270.5758,0.00014603,2.037e-05,0.0,0 STARLINK-4612,1 53750U 22107BC  24200.37040751  .00002037  00000-0  14603-3 0  9996,2 53750  53.2168  74.7765 0001383  89.5393 270.5758 15.08841202104128,6917.877,95.437,540.698,538.785,0.0
53750.0,STARLINK-4612,PAYLOAD,2024-07-18 20:01:05,15.08839001,0.0001451,53.2178,72.6941,86.8864,273.2294,0.0001624,2.298e-05,0.0,0 STARLINK-4612,1 53750U 22107BC  24200.83409023  .00002298  00000-0  16240-3 0  9996,2 53750  53.2178  72.6941 0001451  86.8864 273.2294 15.08839001103400,6917.883,95.438,540.752,538.745,0.0
53750.0,STARLINK-4612,PAYLOAD,2024-07-18 21:36:28,15.08842073,0.0001492,53.2175,72.3982,89.2085,270.9078,0.00011461,1.537e-05,0.0,0 STARLINK-4612,1 53750U 22107BC  24200.90032856  .00001537  00000-0  11461-3 0  9995,2 53750  53.2175  72.3982 0001492  89.2085 270.9078 15.08842073104202,6917.874,95.437,540.771,538.707,0.0
53750.0,STARLINK-4612,PAYLOAD,2024-07-19 08:44:10,15.08841688,0.0001397,53.2168,70.3165,88.6252,271.49,0.00015566,2.19e-05,0.0,0 STARLINK-4612,1 53750U 22107BC  24201.36400949  .00002190  00000-0  15566-3 0  9994,2 53750  53.2168  70.3165 0001397  88.6252 271.4900 15.08841688104276,6917.875,95.437,540.707,538.774,0.0
53750.0,STARLINK-4612,PAYLOAD,2024-07-19 21:27:15,15.08842383,0.0001295,53.216,67.9347,96.0495,264.0645,0.00019076,2.75e-05,0.0,0 STARLINK-4612,1 53750U 22107BC  24201.89392933  .00002750  00000-0  19076-3 0  9997,2 53750  53.2160  67.9347 0001295  96.0495 264.0645 15.08842383103569,6917.873,95.437,540.634,538.842,0.0
53750.0,STARLINK-4612,PAYLOAD,2024-07-20 08:34:57,15.08843159,0.0001446,53.2172,65.8522,104.0878,256.0274,0.00015637,2.202e-05,0.0,0 STARLINK-4612,1 53750U 22107BC  24202.35760880  .00002202  00000-0  15637-3 0  9990,2 53750  53.2172  65.8522 0001446 104.0878 256.0274 15.08843159104424,6917.871,95.437,540.736,538.735,0.0
53750.0,STARLINK-4612,PAYLOAD,2024-07-20 21:18:02,15.08848109,0.00014,53.2174,63.4763,97.2004,262.9147,0.00024024,3.538e-05,0.0,0 STARLINK-4612,1 53750U 22107BC  24202.88752760  .00003538  00000-0  24024-3 0  9999,2 53750  53.2174  63.4763 0001400  97.2004 262.9147 15.08848109104505,6917.856,95.437,540.689,538.752,0.0
53750.0,STARLINK-4612,PAYLOAD,2024-07-21 19:33:26,15.08843235,0.0001405,53.2157,59.3115,103.6474,256.4675,0.00015812,2.23e-05,0.0,0 STARLINK-4612,1 53750U 22107BC  24203.81488988  .00002230  00000-0  15812-3 0  9994,2 53750  53.2157  59.3115 0001405 103.6474 256.4675 15.08843235103855,6917.871,95.437,540.707,538.764,0.0
53750.0,STARLINK-4612,PAYLOAD,2024-07-22 14:38:04,15.08841025,0.0001166,53.2161,55.7466,88.7559,271.3567,0.00015864,2.238e-05,0.0,0 STARLINK-4612,1 53750U 22107BC  24204.60977220  .00002238  00000-0  15864-3 0  9999,2 53750  53.2161  55.7466 0001166  88.7559 271.3567 15.08841025104762,6917.877,95.437,540.549,538.936,0.0
53750.0,STARLINK-4612,PAYLOAD,2024-07-23 14:28:51,15.08841678,0.0002178,53.2186,51.2934,107.988,252.135,0.00011465,1.537e-05,0.0,0 STARLINK-4612,1 53750U 22107BC  24205.60337198  .00001537  00000-0  11465-3 0  9998,2 53750  53.2186  51.2934 0002178 107.9880 252.1350 15.08841678104913,6917.875,95.437,541.247,538.234,0.0
53750.0,STARLINK-4612,PAYLOAD,2024-07-24 00:01:10,15.08839879,0.0002134,53.2175,49.5094,111.7237,248.3983,4.4297e-05,4.17e-06,0.0,0 STARLINK-4612,1 53750U 22107BC  24206.00081328  .00000417  00000-0  44297-4 0  9990,2 53750  53.2175  49.5094 0002134 111.7237 248.3983 15.08839879104187,6917.881,95.438,541.222,538.269,0.0
53750.0,STARLINK-4612,PAYLOAD,2024-07-25 23:42:44,15.08844272,0.0001782,53.2171,40.581,81.4639,278.6555,0.00014581,2.034e-05,0.0,0 STARLINK-4612,1 53750U 22107BC  24207.98801390  .00002034  00000-0  14581-3 0  9996,2 53750  53.2171  40.5810 0001782  81.4639 278.6555 15.08844272104484,6917.867,95.437,540.965,538.5,0.0
53750.0,STARLINK-4612,PAYLOAD,2024-07-26 06:04:17,15.08836364,0.0001402,53.2175,39.3894,82.9788,277.1363,3.1763e-05,2.18e-06,0.0,0 STARLINK-4612,1 53750U 22107BC  24208.25297867  .00000218  00000-0  31763-4 0  9999,2 53750  53.2175  39.3894 0001402  82.9788 277.1363 15.08836364104525,6917.892,95.438,540.726,538.787,0.0
53750.0,STARLINK-4612,PAYLOAD,2024-07-26 21:58:08,15.08893806,0.0002032,53.2148,36.4189,67.3175,292.8031,-0.00071234,-0.00011624,0.0,0 STARLINK-4612,1 53750U 22107BC  24208.91537288 -.00011624  00000-0 -71234-3 0  9997,2 53750  53.2148  36.4189 0002032  67.3175 292.8031 15.08893806105416,6917.716,95.434,540.987,538.175,0.0
53750.0,STARLINK-4612,PAYLOAD,2024-07-28 02:35:05,15.08837144,0.0001452,53.2177,31.0675,81.8317,278.284,8.0428e-05,9.92e-06,0.0,0 STARLINK-4612,1 53750U 22107BC  24210.10769919  .00000992  00000-0  80428-4 0  9999,2 53750  53.2177  31.0675 0001452  81.8317 278.2840 15.08837144104804,6917.889,95.438,540.759,538.75,0.0
53750.0,STARLINK-4612,PAYLOAD,2024-07-28 16:53:33,15.08848376,0.0001839,53.218,28.3915,77.05,283.0697,8.5692e-06,-1.52e-06,0.0,0 STARLINK-4612,1 53750U 22107BC  24210.70385518 -.00000152  00000-0  85692-5 0  9992,2 53750  53.2180  28.3915 0001839  77.0500 283.0697 15.08848376104896,6917.855,95.437,540.992,538.448,0.0
53750.0,STARLINK-4612,PAYLOAD,2024-07-29 11:58:11,15.08839503,0.0001872,53.2179,24.8238,61.7441,298.374,0.00014838,2.074e-05,0.0,0 STARLINK-4612,1 53750U 22107BC  24211.49874021  .00002074  00000-0  14838-3 0  9997,2 53750  53.2179  24.8238 0001872  61.7441 298.3740 15.08839503105019,6917.882,95.438,541.042,538.452,0.0
53750.0,STARLINK-4612,PAYLOAD,2024-07-29 19:55:06,15.08842685,0.0001495,53.2184,23.3372,69.0539,291.0613,0.00016135,2.281e-05,0.0,0 STARLINK-4612,1 53750U 22107BC  24211.82993739  .00002281  00000-0  16135-3 0  9994,2 53750  53.2184  23.3372 0001495  69.0539 291.0613 15.08842685105854,6917.872,95.437,540.771,538.703,0.0
53750.0,STARLINK-4612,PAYLOAD,2024-07-30 11:48:57,15.08844246,0.0001664,53.2186,20.3594,82.3834,277.7347,0.00013296,1.829e-05,0.0,0 STARLINK-4612,1 53750U 22107BC  24212.49233641  .00001829  00000-0  13296-3 0  9999,2 53750  53.2186  20.3594 0001664  82.3834 277.7347 15.08844246105954,6917.867,95.437,540.884,538.581,0.0
53750.0,STARLINK-4612,PAYLOAD,2024-07-30 18:10:30,15.08849538,0.0001644,53.2179,19.1696,85.8322,274.2858,0.00019811,2.867e-05,0.0,0 STARLINK-4612,1 53750U 22107BC  24212.75729280  .00002867  00000-0  19811-3 0  9999,2 53750  53.2179  19.1696 0001644  85.8322 274.2858 15.08849538105209,6917.851,95.437,540.854,538.579,0.0
53750.0,STARLINK-4612,PAYLOAD,2024-07-31 03:42:48,15.08846748,8.41e-05,53.2168,17.3893,76.1779,283.9307,3.2841e-05,2.35e-06,0.0,0 STARLINK-4612,1 53750U 22107BC  24213.15473186  .00000235  00000-0  32841-4 0  9991,2 53750  53.2168  17.3893 0000841  76.1779 283.9307 15.08846748105265,6917.86,95.437,540.307,539.143,0.0
53750.0,STARLINK-4612,PAYLOAD,2024-07-31 14:50:31,15.08833471,0.0001315,53.2187,15.3104,85.683,274.4312,-4.7975e-05,-1.051e-05,0.0,0 STARLINK-4612,1 53750U 22107BC  24213.61842280 -.00001051  00000-0 -47975-4 0  9990,2 53750  53.2187  15.3104 0001315  85.6830 274.4312 15.08833471106125,6917.9,95.438,540.675,538.856,0.0
53750.0,STARLINK-4612,PAYLOAD,2024-07-31 19:36:40,15.08840433,0.0001338,53.2196,14.4154,93.9911,266.1234,4.561e-05,4.38e-06,0.0,0 STARLINK-4612,1 53750U 22107BC  24213.81713961  .00000438  00000-0  45610-4 0  9995,2 53750  53.2196  14.4154 0001338  93.9911 266.1234 15.08840433105369,6917.879,95.438,540.67,538.818,0.0
53750.0,STARLINK-4612,PAYLOAD,2024-08-01 03:33:35,15.08853462,0.0001228,53.2195,12.9283,93.0989,267.0143,-0.00023238,-3.986e-05,0.0,0 STARLINK-4612,1 53750U 22107BC  24214.14833158 -.00003986  00000-0 -23238-3 0  9997,2 53750  53.2195  12.9283 0001228  93.0989 267.0143 15.08853462105419,6917.839,95.437,540.554,538.855,0.0
53750.0,STARLINK-4612,PAYLOAD,2024-08-01 19:27:27,15.08855772,9.38e-05,53.2184,9.9535,87.5955,272.5145,0.00035186,5.319e-05,0.0,0 STARLINK-4612,1 53750U 22107BC  24214.81073221  .00005319  00000-0  35186-3 0  9993,2 53750  53.2184   9.9535 0000938  87.5955 272.5145 15.08855772106309,6917.832,95.437,540.346,539.048,0.0
53750.0,STARLINK-4612,PAYLOAD,2024-08-02 03:24:23,15.08837723,0.0001231,53.2168,8.4652,87.7012,272.4121,9.0518e-05,1.153e-05,0.0,0 STARLINK-4612,1 53750U 22107BC  24215.14193962  .00001153  00000-0  90518-4 0  9998,2 53750  53.2168   8.4652 0001231  87.7012 272.4121 15.08837723105564,6917.887,95.438,540.604,538.901,0.0
53750.0,STARLINK-4612,PAYLOAD,2024-08-02 14:32:06,15.08831779,0.000157,53.2184,6.3858,90.6943,269.4229,1.6988e-05,-1.8e-07,0.0,0 STARLINK-4612,1 53750U 22107BC  24215.60562677 -.00000018  00000-0  16988-4 0  9991,2 53750  53.2184   6.3858 0001570  90.6943 269.4229 15.08831779106425,6917.906,95.438,540.857,538.684,0.0
53750.0,STARLINK-4612,PAYLOAD,2024-08-02 19:18:15,15.08842513,0.0001376,53.2179,5.4925,88.3123,271.8026,0.00018524,2.662e-05,0.0,0 STARLINK-4612,1 53750U 22107BC  24215.80434327  .00002662  00000-0  18524-3 0  9996,2 53750  53.2179   5.4925 0001376  88.3123 271.8026 15.08842513106455,6917.873,95.437,540.69,538.786,0.0
53750.0,STARLINK-4612,PAYLOAD,2024-08-03 03:15:11,15.088367,0.0001429,53.2171,4.0053,84.9881,275.1275,0.00027816,4.141e-05,0.0,0 STARLINK-4612,1 53750U 22107BC  24216.13554654  .00004141  00000-0  27816-3 0  9997,2 53750  53.2171   4.0053 0001429  84.9881 275.1275 15.08836700105718,6917.89,95.438,540.744,538.767,0.0
53750.0,STARLINK-4612,PAYLOAD,2024-08-03 14:22:53,15.0884746,0.0001548,53.2176,1.9226,80.2445,279.8722,0.00049602,7.617e-05,0.0,0 STARLINK-4612,1 53750U 22107BC  24216.59922595  .00007617  00000-0  49602-3 0  9998,2 53750  53.2176   1.9226 0001548  80.2445 279.8722 15.08847460106576,6917.858,95.437,540.793,538.652,0.0
53750.0,STARLINK-4612,PAYLOAD,2024-08-03 17:33:39,15.08855207,0.0001336,53.2168,1.3295,84.4131,275.7013,0.00091047,0.00014238,0.0,0 STARLINK-4612,1 53750U 22107BC  24216.73170389  .00014238  00000-0  91047-3 0  9997,2 53750  53.2168   1.3295 0001336  84.4131 275.7013 15.08855207105801,6917.834,95.437,540.623,538.775,0.0
53750.0,STARLINK-4612,PAYLOAD,2024-08-04 09:27:30,15.08846936,0.0001563,53.218,358.3582,84.7386,275.3785,0.00021716,3.17e-05,0.0,0 STARLINK-4612,1 53750U 22107BC  24217.39410303  .00003170  00000-0  21716-3 0  9992,2 53750  53.2180 358.3582 0001563  84.7386 275.3785 15.08846936105908,6917.859,95.437,540.805,538.643,0.0
53750.0,STARLINK-4612,PAYLOAD,2024-08-04 14:13:39,15.08849551,0.0001512,53.2171,357.4648,91.1139,269.0026,0.00031969,4.805e-05,0.0,0 STARLINK-4612,1 53750U 22107BC  24217.59282164  .00004805  00000-0  31969-3 0  9993,2 53750  53.2171 357.4648 0001512  91.1139 269.0026 15.08849551106728,6917.851,95.437,540.762,538.67,0.0
53750.0,STARLINK-4612,PAYLOAD,2024-08-04 18:59:48,15.088653,0.0001396,53.2183,356.5693,95.0944,265.0208,0.00052451,8.075e-05,0.0,0 STARLINK-4612,1 53750U 22107BC  24217.79153373  .00008075  00000-0  52451-3 0  9996,2 53750  53.2183 356.5693 0001396  95.0944 265.0208 15.08865300105961,6917.803,95.436,540.634,538.702,0.0
53750.0,STARLINK-4612,PAYLOAD,2024-08-05 02:56:44,15.08856827,0.0001565,53.2185,355.0839,90.3033,269.8139,0.00032931,4.959e-05,0.0,0 STARLINK-4612,1 53750U 22107BC  24218.12273598  .00004959  00000-0  32931-3 0  9994,2 53750  53.2185 355.0839 0001565  90.3033 269.8139 15.08856827106010,6917.829,95.436,540.777,538.611,0.0
53750.0,STARLINK-4612,PAYLOAD,2024-08-05 12:29:03,15.08849355,0.0001872,53.2175,353.2978,107.118,253.0017,0.00017372,2.478e-05,0.0,0 STARLINK-4612,1 53750U 22107BC  24218.52017598  .00002478  00000-0  17372-3 0  9990,2 53750  53.2175 353.2978 0001872 107.1180 253.0017 15.08849355106078,6917.852,95.437,541.012,538.422,0.0
53750.0,STARLINK-4612,PAYLOAD,2024-08-05 15:39:49,15.08849576,0.0001782,53.2188,352.7055,96.9629,263.1566,0.00023077,3.387e-05,0.0,0 STARLINK-4612,1 53750U 22107BC  24218.65265622  .00003387  00000-0  23077-3 0  9996,2 53750  53.2188 352.7055 0001782  96.9629 263.1566 15.08849576106880,6917.851,95.437,540.949,538.483,0.0
53750.0,STARLINK-4612,PAYLOAD,2024-08-06 12:19:51,15.08826816,0.0001553,53.2181,348.8394,94.3875,265.7294,-5.7721e-05,-1.206e-05,0.0,0 STARLINK-4612,1 53750U 22107BC  24219.51378716 -.00001206  00000-0 -57721-4 0  9995,2 53750  53.2181 348.8394 0001553  94.3875 265.7294 15.08826816106222,6917.921,95.438,540.86,538.711,0.0
53750.0,STARLINK-4612,PAYLOAD,2024-08-06 15:30:37,15.08829043,0.0001829,53.2188,348.2389,94.985,265.1351,3.8305e-05,3.21e-06,0.0,0 STARLINK-4612,1 53750U 22107BC  24219.64626779  .00000321  00000-0  38305-4 0  9996,2 53750  53.2188 348.2389 0001829  94.9850 265.1351 15.08829043107035,6917.914,95.438,541.044,538.514,0.0
53750.0,STARLINK-4612,PAYLOAD,2024-08-06 18:41:23,15.08826708,0.0001558,53.2191,347.6484,98.2021,261.9148,0.00012763,1.743e-05,0.0,0 STARLINK-4612,1 53750U 22107BC  24219.77874985  .00001743  00000-0  12763-3 0  9992,2 53750  53.2191 347.6484 0001558  98.2021 261.9148 15.08826708107059,6917.921,95.438,540.864,538.708,0.0
53750.0,STARLINK-4612,PAYLOAD,2024-08-07 12:10:38,15.08847747,0.0001531,53.2188,344.3785,98.7435,261.3731,0.0007094,0.00011022,0.0,0 STARLINK-4612,1 53750U 22107BC  24220.50738961  .00011022  00000-0  70940-3 0  9990,2 53750  53.2188 344.3785 0001531  98.7435 261.3731 15.08847747106370,6917.857,95.437,540.781,538.663,0.0
53750.0,STARLINK-4612,PAYLOAD,2024-08-08 13:36:48,15.08852337,0.0001366,53.2186,339.6257,99.1737,260.941,0.00035454,5.361e-05,0.0,0 STARLINK-4612,1 53750U 22107BC  24221.56722451  .00005361  00000-0  35454-3 0  9994,2 53750  53.2186 339.6257 0001366  99.1737 260.9410 15.08852337107321,6917.843,95.437,540.653,538.763,0.0
53750.0,STARLINK-4612,PAYLOAD,2024-08-09 00:44:30,15.08845693,0.0001329,53.2178,337.5408,93.3042,266.8102,0.00012275,1.666e-05,0.0,0 STARLINK-4612,1 53750U 22107BC  24222.03090495  .00001666  00000-0  12275-3 0  9993,2 53750  53.2178 337.5408 0001329  93.3042 266.8102 15.08845693106601,6917.863,95.437,540.647,538.809,0.0
53750.0,STARLINK-4612,PAYLOAD,2024-08-09 11:52:12,15.0882744,0.0001089,53.218,335.4624,99.6626,260.4489,-0.00027493,-4.659e-05,0.0,0 STARLINK-4612,1 53750U 22107BC  24222.49459002 -.00004659  00000-0 -27493-3 0  9991,2 53750  53.2180 335.4624 0001089  99.6626 260.4489 15.08827440106676,6917.919,95.438,540.537,539.03,0.0
53750.0,STARLINK-4612,PAYLOAD,2024-08-09 13:27:35,15.08831892,0.0001348,53.2182,335.1651,95.1051,265.0095,-0.00013885,-2.497e-05,0.0,0 STARLINK-4612,1 53750U 22107BC  24222.56083045 -.00002497  00000-0 -13885-3 0  9997,2 53750  53.2182 335.1651 0001348  95.1051 265.0095 15.08831892107475,6917.905,95.438,540.703,538.838,0.0
53750.0,STARLINK-4612,PAYLOAD,2024-08-09 16:38:21,15.08849134,0.0001117,53.217,334.5671,118.0571,242.0535,0.00017895,2.562e-05,0.0,0 STARLINK-4612,1 53750U 22107BC  24222.69330414  .00002562  00000-0  17895-3 0  9992,2 53750  53.2170 334.5671 0001117 118.0571 242.0535 15.08849134106700,6917.852,95.437,540.49,538.945,0.0
53750.0,STARLINK-4612,PAYLOAD,2024-08-10 13:18:22,15.08848517,0.0001303,53.2168,330.7013,87.8075,272.3066,0.0002507,3.705e-05,0.0,0 STARLINK-4612,1 53750U 22107BC  24223.55442598  .00003705  00000-0  25070-3 0  9999,2 53750  53.2168 330.7013 0001303  87.8075 272.3066 15.08848517106837,6917.854,95.437,540.621,538.818,0.0
53750.0,STARLINK-4612,PAYLOAD,2024-08-10 16:29:07,15.08868017,8.52e-05,53.2161,330.108,115.2271,244.881,0.00064843,0.00010055,0.0,0 STARLINK-4612,1 53750U 22107BC  24223.68689741  .00010055  00000-0  64843-3 0  9993,2 53750  53.2161 330.1080 0000852 115.2271 244.8810 15.08868017106850,6917.795,95.436,540.249,539.07,0.0
53750.0,STARLINK-4612,PAYLOAD,2024-08-11 00:26:04,15.08841475,0.0001264,53.2187,328.6236,83.4861,276.6275,0.00012795,1.749e-05,0.0,0 STARLINK-4612,1 53750U 22107BC  24224.01810752  .00001749  00000-0  12795-3 0  9998,2 53750  53.2187 328.6236 0001264  83.4861 276.6275 15.08841475106905,6917.876,95.437,540.615,538.866,0.0
53750.0,STARLINK-4612,PAYLOAD,2024-08-11 13:09:09,15.08845936,0.0001274,53.2153,326.2479,79.6967,280.4169,0.00029761,4.452e-05,0.0,0 STARLINK-4612,1 53750U 22107BC  24224.54802688  .00004452  00000-0  29761-3 0  9990,2 53750  53.2153 326.2479 0001274  79.6967 280.4169 15.08845936107773,6917.862,95.437,540.609,538.846,0.0
53750.0,STARLINK-4612,PAYLOAD,2024-08-12 00:16:50,15.0885828,0.0001102,53.2177,324.1579,119.1803,240.9299,0.00025047,3.703e-05,0.0,0 STARLINK-4612,1 53750U 22107BC  24225.01169558  .00003703  00000-0  25047-3 0  9996,2 53750  53.2177 324.1579 0001102 119.1803 240.9299 15.08858280107058,6917.825,95.436,540.452,538.927,0.0
53750.0,STARLINK-4612,PAYLOAD,2024-08-12 12:59:54,15.08875321,4.58e-05,53.2171,321.7799,105.9103,254.1939,0.00023379,3.439e-05,0.0,0 STARLINK-4612,1 53750U 22107BC  24225.54160370  .00003439  00000-0  23379-3 0  9999,2 53750  53.2171 321.7799 0000458 105.9103 254.1939 15.08875321107927,6917.772,95.435,539.954,539.321,0.0
53750.0,STARLINK-4612,PAYLOAD,2024-08-12 17:46:03,15.08886242,0.0001807,53.2153,320.887,101.9751,258.1443,0.00038943,5.923e-05,0.0,0 STARLINK-4612,1 53750U 22107BC  24225.74031490  .00005923  00000-0  38943-3 0  9994,2 53750  53.2153 320.8870 0001807 101.9751 258.1443 15.08886242107165,6917.739,95.435,540.854,538.354,0.0
53750.0,STARLINK-4612,PAYLOAD,2024-08-13 12:50:45,15.08761566,0.0002688,53.2075,317.3175,97.0952,263.0345,-0.0016406,-0.0002625,0.0,0 STARLINK-4612,1 53750U 22107BC  24226.53524471 -.00026250  00000-0 -16406-2 0  9995,2 53750  53.2075 317.3175 0002688  97.0952 263.0345 15.08761566107283,6918.12,95.443,541.845,538.126,0.0
53750.0,STARLINK-4612,PAYLOAD,2024-08-13 17:36:55,15.0875605,0.0001309,53.2182,316.4286,93.1026,267.0116,-0.0015616,-0.00024998,0.0,0 STARLINK-4612,1 53750U 22107BC  24226.73397571 -.00024998  00000-0 -15616-2 0  9995,2 53750  53.2182 316.4286 0001309  93.1026 267.0116 15.08756050108107,6918.137,95.443,540.908,539.096,0.0
53750.0,STARLINK-4612,PAYLOAD,2024-08-14 04:44:36,15.08814939,0.0001303,53.2166,314.3462,100.5605,259.5534,3.0607e-06,-2.39e-06,0.0,0 STARLINK-4612,1 53750U 22107BC  24227.19764666 -.00000239  00000-0  30607-5 0  9990,2 53750  53.2166 314.3462 0001303 100.5605 259.5534 15.08814939107382,6917.957,95.439,540.723,538.921,0.0
53750.0,STARLINK-4612,PAYLOAD,2024-08-14 06:19:59,15.08834544,0.0003214,53.2072,314.045,102.049,258.0862,-8.1031e-05,-1.578e-05,0.0,0 STARLINK-4612,1 53750U 22107BC  24227.26388044 -.00001578  00000-0 -81031-4 0  9994,2 53750  53.2072 314.0450 0003214 102.0490 258.0862 15.08834544107397,6917.897,95.438,541.985,537.539,0.0
53750.0,STARLINK-4612,PAYLOAD,2024-08-14 12:41:32,15.08834346,0.0001457,53.2166,312.8608,76.8525,283.263,0.00029134,4.351e-05,0.0,0 STARLINK-4612,1 53750U 22107BC  24227.52884478  .00004351  00000-0  29134-3 0  9990,2 53750  53.2166 312.8608 0001457  76.8525 283.2630 15.08834346108222,6917.898,95.438,540.771,538.755,0.0
53750.0,STARLINK-4612,PAYLOAD,2024-08-15 12:32:20,15.088308,0.0001761,53.216,308.4006,87.6972,272.4222,0.0011331,0.00017787,0.0,0 STARLINK-4612,1 53750U 22107BC  24228.52245419  .00017787  00000-0  11331-2 0  9993,2 53750  53.2160 308.4006 0001761  87.6972 272.4222 15.08830800108377,6917.909,95.438,540.992,538.555,0.0
53750.0,STARLINK-4612,PAYLOAD,2024-08-15 22:04:38,15.08839871,7.29e-05,53.2155,306.6175,75.7817,284.3256,0.00079876,0.00012447,0.0,0 STARLINK-4612,1 53750U 22107BC  24228.91988976  .00012447  00000-0  79876-3 0  9995,2 53750  53.2155 306.6175 0000729  75.7817 284.3256 15.08839871108430,6917.881,95.438,540.25,539.241,0.0
53750.0,STARLINK-4612,PAYLOAD,2024-08-16 09:12:19,15.0884693,8.67e-05,53.2172,304.5422,22.6639,337.4392,0.00012508,1.704e-05,0.0,0 STARLINK-4612,1 53750U 22107BC  24229.38356239  .00001704  00000-0  12508-3 0  9991,2 53750  53.2172 304.5422 0000867  22.6639 337.4392 15.08846930108500,6917.859,95.437,540.324,539.124,0.0
53750.0,STARLINK-4612,PAYLOAD,2024-08-17 13:49:15,15.08856999,0.0001635,53.2172,299.1809,76.5146,283.6028,-1.8491e-05,-5.83e-06,0.0,0 STARLINK-4612,1 53750U 22107BC  24230.57587027 -.00000583  00000-0 -18491-4 0  9999,2 53750  53.2172 299.1809 0001635  76.5146 283.6028 15.08856999107898,6917.828,95.436,540.824,538.562,0.0
53750.0,STARLINK-4612,PAYLOAD,2024-08-18 12:04:39,15.08842171,0.0001484,53.2157,295.0211,93.0783,267.0379,4.8908e-05,4.91e-06,0.0,0 STARLINK-4612,1 53750U 22107BC  24231.50323610  .00000491  00000-0  48908-4 0  9991,2 53750  53.2157 295.0211 0001484  93.0783 267.0379 15.08842171108035,6917.874,95.437,540.765,538.712,0.0
53750.0,STARLINK-4612,PAYLOAD,2024-08-18 13:40:02,15.08844741,0.0001361,53.2158,294.7194,97.2072,262.9075,8.0629e-05,9.96e-06,0.0,0 STARLINK-4612,1 53750U 22107BC  24231.56947398  .00000996  00000-0  80629-4 0  9998,2 53750  53.2158 294.7194 0001361  97.2072 262.9075 15.08844741108833,6917.866,95.437,540.672,538.789,0.0
53750.0,STARLINK-4612,PAYLOAD,2024-08-19 03:58:31,15.08834428,0.0001375,53.2159,292.039,113.1658,246.9479,-0.00012029,-2.202e-05,0.0,0 STARLINK-4612,1 53750U 22107BC  24232.16563861 -.00002202  00000-0 -12029-3 0  9996,2 53750  53.2159 292.0390 0001375 113.1658 246.9479 15.08834428108130,6917.897,95.438,540.714,538.811,0.0
53750.0,STARLINK-4612,PAYLOAD,2024-08-19 10:20:03,15.08838518,0.0001489,53.2154,290.8547,90.9649,269.1513,-5.4108e-05,-1.149e-05,0.0,0 STARLINK-4612,1 53750U 22107BC  24232.43059819 -.00001149  00000-0 -54108-4 0  9993,2 53750  53.2154 290.8547 0001489  90.9649 269.1513 15.08838518108964,6917.885,95.438,540.78,538.72,0.0
53750.0,STARLINK-4612,PAYLOAD,2024-08-20 10:10:50,15.0884417,0.0001678,53.2165,286.3949,95.3124,264.806,0.00017236,2.456e-05,0.0,0 STARLINK-4612,1 53750U 22107BC  24233.42419909  .00002456  00000-0  17236-3 0  9993,2 53750  53.2165 286.3949 0001678  95.3124 264.8060 15.08844170108329,6917.868,95.437,540.893,538.572,0.0
53750.0,STARLINK-4612,PAYLOAD,2024-08-21 08:26:14,15.08839173,0.000152,53.217,282.232,90.072,270.0446,0.00010947,1.455e-05,0.0,0 STARLINK-4612,1 53750U 22107BC  24234.35156182  .00001455  00000-0  10947-3 0  9997,2 53750  53.2170 282.2320 0001520  90.0720 270.0446 15.08839173108462,6917.883,95.438,540.799,538.696,0.0
