NORAD_CAT_ID,OBJECT_NAME,OBJECT_TYPE,EPOCH,MEAN_MOTION,ECCENTRICITY,INCLINATION,RA_OF_ASC_NODE,ARG_OF_PERICENTER,MEAN_ANOMALY,BSTAR,MEAN_MOTION_DOT,MEAN_MOTION_DDOT,TLE_LINE0,TLE_LINE1,TLE_LINE2,SEMIMAJOR_AXIS,PERIOD,APOGEE,PERIGEE,DECAYED
53982.0,STARLINK-5120,PAYLOAD,2022-10-11 18:00:00,15.81349059,0.0001406999999999,53.2174,63.036,37.7881,16.2071,-0.0066857,-0.0119998,0.0,0 STARLINK-5120,1 53982U 22125U   22284.75001157 -.01199980  00000-0 -66857-2 0  9996,2 53982  53.2174  63.0360 0001407  37.7881  16.2071 15.81349059  1301,6704.762,91.061,327.57,325.683,0.0
53982.0,STARLINK-5120,PAYLOAD,2022-10-12 12:00:00,15.79397116,0.0001267,53.2178,59.2835,40.1283,323.3168,-0.0073241,-0.01200599,0.0,0 STARLINK-5120,1 53982U 22125U   22285.50001157 -.01200599  00000-0 -73241-2 0  9994,2 53982  53.2178  59.2835 0001267  40.1283 323.3168 15.79397116  1412,6710.285,91.174,333.0,331.3,0.0
53982.0,STARLINK-5120,PAYLOAD,2022-10-12 14:00:01,15.79175844,0.0001496,53.2175,58.8681,40.6641,76.8395,-0.0073506,-0.01193762,0.0,0 STARLINK-5120,1 53982U 22125U   22285.58334491 -.01193762  00000-0 -73506-2 0  9999,2 53982  53.2175  58.8681 0001496  40.6641  76.8395 15.79175844  1302,6710.9119999999975,91.187,333.78,331.773,0.0
53982.0,STARLINK-5120,PAYLOAD,2022-10-12 22:00:00,15.78310632,0.0001448,53.217,57.2053,43.8245,169.2553,-0.0076745,-0.01197595,0.0,0 STARLINK-5120,1 53982U 22125U   22285.91667824 -.01197595  00000-0 -76745-2 0  9991,2 53982  53.2170  57.2053 0001448  43.8245 169.2553 15.78310632  1303,6713.364000000001,91.237,336.201,334.25699999999995,0.0
53982.0,STARLINK-5120,PAYLOAD,2022-10-13 04:00:00,15.77656481,0.0001381,53.2174,55.9577,46.6732,147.4071,-0.007864,-0.01191997,0.0,0 STARLINK-5120,1 53982U 22125U   22286.16667824 -.01191997  00000-0 -78640-2 0  9995,2 53982  53.2174  55.9577 0001381  46.6732 147.4071 15.77656481  1522,6715.219,91.275,338.01199999999994,336.157,0.0
53982.0,STARLINK-5120,PAYLOAD,2022-10-13 14:00:01,15.76574294,0.0001738,53.2174,53.8852,26.6732,14.4323,-0.0082858999999999,-0.01196048,0.0,0 STARLINK-5120,1 53982U 22125U   22286.58334491 -.01196048  00000-0 -82859-2 0  9991,2 53982  53.2174  53.8852 0001738  26.6732  14.4323 15.76574294  1308,6718.292,91.337,341.325,338.9890000000001,0.0
53982.0,STARLINK-5120,PAYLOAD,2022-10-13 16:00:00,15.76355916,0.0001861,53.2173,53.4712,31.6016,122.714,-0.0083473,-0.01193604,0.0,0 STARLINK-5120,1 53982U 22125U   22286.66667824 -.01193604  00000-0 -83473-2 0  9997,2 53982  53.2173  53.4712 0001861  31.6016 122.7140 15.76355916  1607,6718.913000000001,91.35,342.028,339.527,0.0
53982.0,STARLINK-5120,PAYLOAD,2022-10-13 22:00:00,15.75705748,0.0001841999999999,53.2173,52.2286,28.4612,105.0928,-0.0086024,-0.01194863,0.0,0 STARLINK-5120,1 53982U 22125U   22286.91667824 -.01194863  00000-0 -86024-2 0  9998,2 53982  53.2173  52.2286 0001842  28.4612 105.0928 15.75705748  1301,6720.761,91.388,343.86400000000015,341.3880000000001,0.0
53982.0,STARLINK-5120,PAYLOAD,2022-10-14 12:00:00,15.7406324,0.000169,53.2178,49.3338,40.0324,162.8188,-0.006558,-0.00863474,0.0,0 STARLINK-5120,1 53982U 22125U   22287.50001157 -.00863474  00000-0 -65580-2 0  9999,2 53982  53.2178  49.3338 0001690  40.0324 162.8188 15.74063240  1731,6725.435,91.483,348.43699999999984,346.164,0.0
53982.0,STARLINK-5120,PAYLOAD,2022-10-14 14:00:01,15.73823483,0.000159,53.2175,48.9215,43.4914,271.851,-0.005282,-0.00701781,0.0,0 STARLINK-5120,1 53982U 22125U   22287.58334491 -.00701781  00000-0 -52820-2 0  9992,2 53982  53.2175  48.9215 0001590  43.4914 271.8510 15.73823483  1303,6726.118,91.497,349.05300000000005,346.914,0.0
53982.0,STARLINK-5120,PAYLOAD,2022-10-14 20:00:01,15.733012400000002,0.000169,53.2173,47.6841,41.1984,251.2486,-0.0010975,-0.00152555,0.0,0 STARLINK-5120,1 53982U 22125U   22287.83334491 -.00152555  00000-0 -10975-2 0  9994,2 53982  53.2173  47.6841 0001690  41.1984 251.2486 15.73301240  1301,6727.607,91.527,350.6090000000001,348.335,0.0
53982.0,STARLINK-5120,PAYLOAD,2022-10-15 04:00:00,15.73202004,0.0001699999999999,53.2173,46.0323,33.5271,347.9037,2.7989000000000013e-05,3.309e-05,0.0,0 STARLINK-5120,1 53982U 22125U   22288.16667824  .00003309  00000-0  27989-4 0  9995,2 53982  53.2173  46.0323 0001700  33.5271 347.9037 15.73202004  1836,6727.889,91.533,350.898,348.611,0.0
53982.0,STARLINK-5120,PAYLOAD,2022-10-15 14:00:01,15.73287151,0.0001934,53.2205,43.9796,42.4704,180.0418,-0.00047277,-0.00066699,0.0,0 STARLINK-5120,1 53982U 22125U   22288.58334491 -.00066699  00000-0 -47277-3 0  9996,2 53982  53.2205  43.9796 0001934  42.4704 180.0418 15.73287151  1308,6727.647,91.528,350.81300000000016,348.211,0.0
53982.0,STARLINK-5120,PAYLOAD,2022-10-15 22:00:01,15.73205196,0.0001568,53.2173,42.3221,38.1791,273.4172,-1.0974e-05,-2.161e-05,0.0,0 STARLINK-5120,1 53982U 22125U   22288.91668981 -.00002161  00000-0 -10974-4 0  9996,2 53982  53.2173  42.3221 0001568  38.1791 273.4172 15.73205196  1302,6727.88,91.533,350.8,348.69,0.0
53982.0,STARLINK-5120,PAYLOAD,2022-10-16 12:00:00,15.73226813,0.0001868,53.2205,39.4433,33.3344,343.8381,-0.00075852,-0.00105873,0.0,0 STARLINK-5120,1 53982U 22125U   22289.50001157 -.00105873  00000-0 -75852-3 0  9997,2 53982  53.2205  39.4433 0001868  33.3344 343.8381 15.73226813  2049,6727.819,91.532,350.94,348.427,0.0
53982.0,STARLINK-5120,PAYLOAD,2022-10-16 14:00:01,15.73192318,0.000195,53.2202,39.0315,30.7873,98.6267,-0.00046442,-0.00065279,0.0,0 STARLINK-5120,1 53982U 22125U   22289.58334491 -.00065279  00000-0 -46442-3 0  9993,2 53982  53.2202  39.0315 0001950  30.7873  98.6267 15.73192318  1309,6727.917,91.534,351.094,348.47,0.0
53982.0,STARLINK-5120,PAYLOAD,2022-10-16 22:00:00,15.73124921,0.0001969,53.2197,37.3818,27.2902,191.0076,-1.9189e-05,-3.304e-05,0.0,0 STARLINK-5120,1 53982U 22125U   22289.91667824 -.00003304  00000-0 -19189-4 0  9999,2 53982  53.2197  37.3818 0001969  27.2902 191.0076 15.73124921  1306,6728.109,91.538,351.2990000000001,348.649,0.0
53982.0,STARLINK-5120,PAYLOAD,2022-10-17 04:00:00,15.73095727,0.0001726,53.2195,36.1436,29.8045,165.12099999999995,0.0012601,0.00179249,0.0,0 STARLINK-5120,1 53982U 22125U   22290.16667824  .00179249  00000-0  12601-2 0  9998,2 53982  53.2195  36.1436 0001726  29.8045 165.1210 15.73095727  2151,6728.191999999999,91.539,351.219,348.896,0.0
53982.0,STARLINK-5120,PAYLOAD,2022-10-17 14:00:01,15.73092267,0.0002045999999999,53.2179,34.076,37.0413,359.2174,0.0012456,0.0017710999999999,0.0,0 STARLINK-5120,1 53982U 22125U   22290.58334491  .00177110  00000-0  12456-2 0  9998,2 53982  53.2179  34.0760 0002046  37.0413 359.2174 15.73092267  1303,6728.2019999999975,91.539,351.444,348.691,0.0
53982.0,STARLINK-5120,PAYLOAD,2022-10-17 20:00:01,15.73191332,0.0002148,53.2186,32.8464,24.4887,348.466,0.00014252,0.00019421,0.0,0 STARLINK-5120,1 53982U 22125U   22290.83334491  .00019421  00000-0  14252-3 0  9993,2 53982  53.2186  32.8464 0002148  24.4887 348.4660 15.73191332  2254,6727.92,91.534,351.23,348.34,0.0
53982.0,STARLINK-5120,PAYLOAD,2022-10-17 22:00:00,15.73233714,0.0002104,53.2187,32.4334,26.9274,98.2465,-0.00051461,-0.00072336,0.0,0 STARLINK-5120,1 53982U 22125U   22290.91667824 -.00072336  00000-0 -51461-3 0  9990,2 53982  53.2187  32.4334 0002104  26.9274  98.2465 15.73233714  1305,6727.799,91.531,351.08,348.249,0.0
53982.0,STARLINK-5120,PAYLOAD,2022-10-18 12:00:00,15.73189813,0.0002210999999999,53.2184,29.5471,28.6084,162.1863,-0.0003182,-0.00045026,0.0,0 STARLINK-5120,1 53982U 22125U   22291.50001157 -.00045026  00000-0 -31820-3 0  9990,2 53982  53.2184  29.5471 0002211  28.6084 162.1863 15.73189813  2368,6727.924,91.534,351.277,348.302,0.0
53982.0,STARLINK-5120,PAYLOAD,2022-10-18 14:00:01,15.73151668,0.0002269,53.2183,29.1352,28.4888,274.5435,0.00018005,0.00024672,0.0,0 STARLINK-5120,1 53982U 22125U   22291.58334491  .00024672  00000-0  18005-3 0  9990,2 53982  53.2183  29.1352 0002269  28.4888 274.5435 15.73151668  1307,6728.033,91.536,351.425,348.371,0.0
53982.0,STARLINK-5120,PAYLOAD,2022-10-18 20:00:01,15.73205441,0.0002233,53.2171,27.8887,31.2033,248.5021,-1.2711e-05,-2.406e-05,0.0,0 STARLINK-5120,1 53982U 22125U   22291.83334491 -.00002406  00000-0 -12711-4 0  9990,2 53982  53.2171  27.8887 0002233  31.2033 248.5021 15.73205441  2411,6727.88,91.533,351.247,348.242,0.0
53982.0,STARLINK-5120,PAYLOAD,2022-10-18 22:00:00,15.73204242,0.0002215999999999,53.2172,27.4758,32.6405,359.2993,1.3152e-06,-4.37e-06,0.0,0 STARLINK-5120,1 53982U 22125U   22291.91667824 -.00000437  00000-0  13152-5 0  9990,2 53982  53.2172  27.4758 0002216  32.6405 359.2993 15.73204242  1307,6727.8830000000025,91.533,351.23900000000015,348.25699999999995,0.0
53982.0,STARLINK-5120,PAYLOAD,2022-10-19 04:00:00,15.73171152,0.0002088,53.218,26.2468,28.2741,340.2989,0.00074488,0.00105109,0.0,0 STARLINK-5120,1 53982U 22125U   22292.16667824  .00105109  00000-0  74488-3 0  9996,2 53982  53.2180  26.2468 0002088  28.2741 340.2989 15.73171152  2468,6727.977,91.535,351.247,348.43800000000016,0.0
53982.0,STARLINK-5120,PAYLOAD,2022-10-19 12:00:00,15.73279373,0.0002249,53.2182,24.5991,23.6341,73.8703,-0.00060003,-0.00084289,0.0,0 STARLINK-5120,1 53982U 22125U   22292.50001157 -.00084289  00000-0 -60003-3 0  9990,2 53982  53.2182  24.5991 0002249  23.6341  73.8703 15.73279373  2520,6727.669,91.529,351.047,348.021,0.0
53982.0,STARLINK-5120,PAYLOAD,2022-10-19 14:00:01,15.73277646,0.0002289,53.2184,24.1871,22.1728,187.5866,-0.00065589,-0.00091989,0.0,0 STARLINK-5120,1 53982U 22125U   22292.58334491 -.00091989  00000-0 -65589-3 0  9997,2 53982  53.2184  24.1871 0002289  22.1728 187.5866 15.73277646  1301,6727.674,91.529,351.079,347.999,0.0
53982.0,STARLINK-5120,PAYLOAD,2022-10-19 20:00:01,15.73222305,0.0002299,53.2183,22.9496,16.2427,170.2617,-0.00023703,-0.0003379,0.0,0 STARLINK-5120,1 53982U 22125U   22292.83334491 -.00033790  00000-0 -23703-3 0  9993,2 53982  53.2183  22.9496 0002299  16.2427 170.2617 15.73222305  2575,6727.831999999999,91.532,351.24300000000005,348.15,0.0
53982.0,STARLINK-5120,PAYLOAD,2022-10-19 22:00:00,15.73204896,0.0002236,53.2186,22.5365,16.6069,282.1383,4.3808e-07,-5.6e-06,0.0,0 STARLINK-5120,1 53982U 22125U   22292.91667824 -.00000560  00000-0  43808-6 0  9990,2 53982  53.2186  22.5365 0002236  16.6069 282.1383 15.73204896  1304,6727.880999999999,91.533,351.251,348.242,0.0
53982.0,STARLINK-5120,PAYLOAD,2022-10-20 04:00:00,15.73213256,0.0002163,53.2186,21.2982,19.0018,256.4431,0.00011484,0.00015536,0.0,0 STARLINK-5120,1 53982U 22125U   22293.16667824  .00015536  00000-0  11484-3 0  9998,2 53982  53.2186  21.2982 0002163  19.0018 256.4431 15.73213256  2629,6727.857,91.532,351.17800000000005,348.267,0.0
53982.0,STARLINK-5120,PAYLOAD,2022-10-20 14:00:01,15.73169217,0.0002573,53.2186,19.2387,23.8795,92.7446,0.00045031,0.00062975,0.0,0 STARLINK-5120,1 53982U 22125U   22293.58334491  .00062975  00000-0  45031-3 0  9999,2 53982  53.2186  19.2387 0002573  23.8795  92.7446 15.73169217  1303,6727.983,91.535,351.579,348.117,0.0
53982.0,STARLINK-5120,PAYLOAD,2022-10-20 20:00:01,15.73244793,0.0002546999999999,53.2179,18.0,22.1881,71.1095,-0.00034225,-0.00048479,0.0,0 STARLINK-5120,1 53982U 22125U   22293.83334491 -.00048479  00000-0 -34225-3 0  9995,2 53982  53.2179  18.0000 0002547  22.1881  71.1095 15.73244793  2735,6727.767,91.531,351.346,347.9190000000001,0.0
53982.0,STARLINK-5120,PAYLOAD,2022-10-20 22:00:00,15.73260808,0.0002433,53.2181,17.5863,22.1486,183.3853,-0.00067764,-0.0009492,0.0,0 STARLINK-5120,1 53982U 22125U   22293.91667824 -.00094920  00000-0 -67764-3 0  9999,2 53982  53.2181  17.5863 0002433  22.1486 183.3853 15.73260808  1309,6727.722,91.53,351.224,347.95,0.0
53982.0,STARLINK-5120,PAYLOAD,2022-10-21 12:00:00,15.73168177,0.0002641999999999,53.2183,14.7018,25.3251,245.8696,0.00029618,0.00041097,0.0,0 STARLINK-5120,1 53982U 22125U   22294.50001157  .00041097  00000-0  29618-3 0  9997,2 53982  53.2183  14.7018 0002642  25.3251 245.8696 15.73168177  2833,6727.986,91.535,351.62800000000016,348.0730000000001,0.0
53982.0,STARLINK-5120,PAYLOAD,2022-10-21 14:00:01,15.73164393,0.000268,53.2184,14.2892,25.4875,357.9332,0.00051105,0.00071614,0.0,0 STARLINK-5120,1 53982U 22125U   22294.58334491  .00071614  00000-0  51105-3 0  9999,2 53982  53.2184  14.2892 0002680  25.4875 357.9332 15.73164393  1303,6727.996999999999,91.535,351.665,348.059,0.0
53982.0,STARLINK-5120,PAYLOAD,2022-10-21 22:00:00,15.73240183,0.0002575,53.2189,12.6399,22.9316,89.3993,-0.00060731,-0.00085158,0.0,0 STARLINK-5120,1 53982U 22125U   22294.91667824 -.00085158  00000-0 -60731-3 0  9990,2 53982  53.2189  12.6399 0002575  22.9316  89.3993 15.73240183  1308,6727.781,91.531,351.37800000000016,347.913,0.0
53982.0,STARLINK-5120,PAYLOAD,2022-10-22 04:00:00,15.7316388,0.000248,53.219,11.4018,24.3125,64.7349,0.000573,0.00080451,0.0,0 STARLINK-5120,1 53982U 22125U   22295.16667824  .00080451  00000-0  57300-3 0  9995,2 53982  53.2190  11.4018 0002480  24.3125  64.7349 15.73163880  2945,6727.998000000001,91.535,351.532,348.195,0.0
53982.0,STARLINK-5120,PAYLOAD,2022-10-22 14:00:01,15.73242783,0.0002782,53.2189,9.3425,21.4594,268.7534,-1.2319e-05,-2.355e-05,0.0,0 STARLINK-5120,1 53982U 22125U   22295.58334491 -.00002355  00000-0 -12319-4 0  9993,2 53982  53.2189   9.3425 0002782  21.4594 268.7534 15.73242783  1305,6727.773,91.531,351.51,347.767,0.0
53982.0,STARLINK-5120,PAYLOAD,2022-10-22 20:00:01,15.73263054,0.0002708,53.2183,8.1044,20.0467,246.9077,-0.00036581,-0.00051795,0.0,0 STARLINK-5120,1 53982U 22125U   22295.83334491 -.00051795  00000-0 -36581-3 0  9999,2 53982  53.2183   8.1044 0002708  20.0467 246.9077 15.73263054  3042,6727.715,91.53,351.402,347.759,0.0
53982.0,STARLINK-5120,PAYLOAD,2022-10-22 22:00:00,15.73228754,0.0002602,53.2185,7.6915,20.4859,358.7255,8.7372e-05,0.00011673,0.0,0 STARLINK-5120,1 53982U 22125U   22295.91667824  .00011673  00000-0  87372-4 0  9991,2 53982  53.2185   7.6915 0002602  20.4859 358.7255 15.73228754  1302,6727.813,91.532,351.42900000000014,347.92800000000005,0.0
53982.0,STARLINK-5120,PAYLOAD,2022-10-23 04:00:01,15.73253514,0.0002541,53.2185,6.4535,23.0963,332.9152,8.887600000000001e-05,0.00011898,0.0,0 STARLINK-5120,1 53982U 22125U   22296.16668981  .00011898  00000-0  88876-4 0  9993,2 53982  53.2185   6.4535 0002541  23.0963 332.9152 15.73253514  3094,6727.743,91.53,351.31699999999995,347.898,0.0
53982.0,STARLINK-5120,PAYLOAD,2022-10-23 12:00:00,15.73260222,0.0002796999999999,53.2185,4.8062,22.192,62.7313,-0.00019312,-0.00027712,0.0,0 STARLINK-5120,1 53982U 22125U   22296.50001157 -.00027712  00000-0 -19312-3 0  9999,2 53982  53.2185   4.8062 0002797  22.1920  62.7313 15.73260222  3155,6727.723000000001,91.53,351.47,347.707,0.0
53982.0,STARLINK-5120,PAYLOAD,2022-10-23 14:00:01,15.73252379,0.0002828,53.2188,4.3942,20.2756,176.8972,-0.00010914,-0.00015949,0.0,0 STARLINK-5120,1 53982U 22125U   22296.58334491 -.00015949  00000-0 -10914-3 0  9995,2 53982  53.2188   4.3942 0002828  20.2756 176.8972 15.73252379  1308,6727.746,91.53,351.51300000000015,347.708,0.0
53982.0,STARLINK-5120,PAYLOAD,2022-10-23 22:00:00,15.73267361,0.0002586,53.2189,2.7431,14.7949,271.3535,-0.0011624,-0.00161171,0.0,0 STARLINK-5120,1 53982U 22125U   22296.91667824 -.00161171  00000-0 -11624-2 0  9998,2 53982  53.2189   2.7431 0002586  14.7949 271.3535 15.73267361  1300,6727.703,91.529,351.30800000000005,347.82800000000015,0.0
53982.0,STARLINK-5120,PAYLOAD,2022-10-24 04:00:01,15.73191621,0.0002526999999999,53.219,1.5051,14.1099,248.8252,-0.0009062999999999,-0.00125909,0.0,0 STARLINK-5120,1 53982U 22125U   22297.16668981 -.00125909  00000-0 -90630-3 0  9995,2 53982  53.2190   1.5051 0002527  14.1099 248.8252 15.73191621  3258,6727.919,91.534,351.4840000000001,348.084,0.0
53982.0,STARLINK-5120,PAYLOAD,2022-10-24 14:00:01,15.72969626,0.0002853999999999,53.2184,359.444,10.3866,93.5432,0.0018678,0.00267397,0.0,0 STARLINK-5120,1 53982U 22125U   22297.58334491  .00267397  00000-0  18678-2 0  9994,2 53982  53.2184 359.4440 0002854  10.3866  93.5432 15.72969626  1307,6728.552,91.547,352.337,348.497,0.0
53982.0,STARLINK-5120,PAYLOAD,2022-10-24 20:00:01,15.73076009,0.0002682,53.2175,358.2028,7.7077,72.7782,0.0020085,0.00289667,0.0,0 STARLINK-5120,1 53982U 22125U   22297.83334491  .00289667  00000-0  20085-2 0  9991,2 53982  53.2175 358.2028 0002682   7.7077  72.7782 15.73076009  3369,6728.249,91.54,351.918,348.309,0.0
53982.0,STARLINK-5120,PAYLOAD,2022-10-24 22:00:00,15.73154443,0.0002698,53.2184,357.7952,7.5279,185.1558,0.00026972,0.00037331,0.0,0 STARLINK-5120,1 53982U 22125U   22297.91667824  .00037331  00000-0  26972-3 0  9990,2 53982  53.2184 357.7952 0002698   7.5279 185.1558 15.73154443  1309,6728.025,91.536,351.705,348.075,0.0
53982.0,STARLINK-5120,PAYLOAD,2022-10-25 04:00:00,15.73176506,0.0002578,53.2183,356.5578,10.342,159.0032,0.0005098,0.00071472,0.0,0 STARLINK-5120,1 53982U 22125U   22298.16667824  .00071472  00000-0  50980-3 0  9998,2 53982  53.2183 356.5578 0002578  10.3420 159.0032 15.73176506  3411,6727.962,91.535,351.56199999999984,348.093,0.0
53982.0,STARLINK-5120,PAYLOAD,2022-10-25 14:00:01,15.73199657,0.0002971,53.2183,354.4984,10.7044,359.8078,0.00062004,0.00087318,0.0,0 STARLINK-5120,1 53982U 22125U   22298.58334491  .00087318  00000-0  62004-3 0  9991,2 53982  53.2183 354.4984 0002971  10.7044 359.8078 15.73199657  1300,6727.896,91.533,351.76,347.76199999999994,0.0
53982.0,STARLINK-5120,PAYLOAD,2022-10-25 20:00:01,15.73292627,0.0002897,53.2184,353.2599,11.8682,335.3532,-0.00072697,-0.00101851,0.0,0 STARLINK-5120,1 53982U 22125U   22298.83334491 -.00101851  00000-0 -72697-3 0  9999,2 53982  53.2184 353.2599 0002897  11.8682 335.3532 15.73292627  3517,6727.630999999999,91.528,351.445,347.547,0.0
53982.0,STARLINK-5120,PAYLOAD,2022-10-25 22:00:01,15.73259745,0.0002839999999999,53.2186,352.8469,12.481,87.0662,-0.00038144,-0.00053962,0.0,0 STARLINK-5120,1 53982U 22125U   22298.91668981 -.00053962  00000-0 -38144-3 0  9990,2 53982  53.2186 352.8469 0002840  12.4810  87.0662 15.73259745  1302,6727.725,91.53,351.501,347.67900000000014,0.0
53982.0,STARLINK-5120,PAYLOAD,2022-10-26 04:00:00,15.73243357,0.0002863999999999,53.2187,351.6093,16.8565,59.3561,-0.00028094,-0.00039946,0.0,0 STARLINK-5120,1 53982U 22125U   22299.16667824 -.00039946  00000-0 -28094-3 0  9992,2 53982  53.2187 351.6093 0002864  16.8565  59.3561 15.73243357  3577,6727.772,91.531,351.56300000000016,347.71,0.0
53982.0,STARLINK-5120,PAYLOAD,2022-10-26 14:00:01,15.73172489,0.000318,53.2182,349.5497,13.2785,264.1345,0.00065475,0.0009218999999999,0.0,0 STARLINK-5120,1 53982U 22125U   22299.58334491  .00092190  00000-0  65475-3 0  9991,2 53982  53.2182 349.5497 0003180  13.2785 264.1345 15.73172489  1305,6727.974,91.535,351.978,347.699,0.0
53982.0,STARLINK-5120,PAYLOAD,2022-10-26 20:00:01,15.73262689,0.0002976,53.2178,348.311,12.8309,241.2685,-0.00058233,-0.00081799,0.0,0 STARLINK-5120,1 53982U 22125U   22299.83334491 -.00081799  00000-0 -58233-3 0  9998,2 53982  53.2178 348.3110 0002976  12.8309 241.2685 15.73262689  3675,6727.715999999999,91.53,351.584,347.579,0.0
53982.0,STARLINK-5120,PAYLOAD,2022-10-26 22:00:00,15.73237176,0.0002883,53.2179,347.8982,12.3986,353.9519,-0.00032282,-0.00045765,0.0,0 STARLINK-5120,1 53982U 22125U   22299.91667824 -.00045765  00000-0 -32282-3 0  9995,2 53982  53.2179 347.8982 0002883  12.3986 353.9519 15.73237176  1308,6727.7890000000025,91.531,351.594,347.715,0.0
53982.0,STARLINK-5120,PAYLOAD,2022-10-27 04:00:00,15.73293351,0.000278,53.2175,346.6534,14.5679,328.5349,-0.0018072,-0.00247987,0.0,0 STARLINK-5120,1 53982U 22125U   22300.16667824 -.00247987  00000-0 -18072-2 0  9995,2 53982  53.2175 346.6534 0002780  14.5679 328.5349 15.73293351  3727,6727.629,91.528,351.36400000000015,347.624,0.0
53982.0,STARLINK-5120,PAYLOAD,2022-10-27 12:00:02,15.7324046,0.0003115,53.2179,345.0132,9.5742,62.5695,-0.00025683,-0.00036583,0.0,0 STARLINK-5120,1 53982U 22125U   22300.50002315 -.00036583  00000-0 -25683-3 0  9996,2 53982  53.2179 345.0132 0003115   9.5742  62.5695 15.73240460  3784,6727.78,91.531,351.741,347.5490000000001,0.0
53982.0,STARLINK-5120,PAYLOAD,2022-10-27 14:00:01,15.73205957,0.0003183,53.2178,344.6009,8.5116,175.8851,0.00023567,0.00032596,0.0,0 STARLINK-5120,1 53982U 22125U   22300.58335648  .00032596  00000-0  23567-3 0  9999,2 53982  53.2178 344.6009 0003183   8.5116 175.8851 15.73205957  1300,6727.878000000002,91.533,351.885,347.602,0.0
53982.0,STARLINK-5120,PAYLOAD,2022-10-27 22:00:00,15.73228088,0.000302,53.2182,342.9493,10.7324,262.553,-0.00021517,-0.00030754,0.0,0 STARLINK-5120,1 53982U 22125U   22300.91667824 -.00030754  00000-0 -21517-3 0  9999,2 53982  53.2182 342.9493 0003020  10.7324 262.5530 15.73228088  1307,6727.815,91.532,351.712,347.648,0.0
53982.0,STARLINK-5120,PAYLOAD,2022-10-28 04:00:00,15.73232774,0.0002988,53.2183,341.7119,14.0931,235.9037,-0.00025921,-0.00036902,0.0,0 STARLINK-5120,1 53982U 22125U   22301.16667824 -.00036902  00000-0 -25921-3 0  9991,2 53982  53.2183 341.7119 0002988  14.0931 235.9037 15.73232774  3881,6727.802,91.531,351.677,347.656,0.0
53982.0,STARLINK-5120,PAYLOAD,2022-10-28 14:00:01,15.73168803,0.0003333999999999,53.2179,339.6519,11.2233,80.0257,0.00067149,0.00094577,0.0,0 STARLINK-5120,1 53982U 22125U   22301.58335648  .00094577  00000-0  67149-3 0  9991,2 53982  53.2179 339.6519 0003334  11.2233  80.0257 15.73168803  1305,6727.984,91.535,352.092,347.606,0.0
53982.0,STARLINK-5120,PAYLOAD,2022-10-28 20:00:01,15.73250446,0.0003143999999999,53.2179,338.4133,10.8273,57.0444,-0.00064701,-0.00090677,0.0,0 STARLINK-5120,1 53982U 22125U   22301.83334491 -.00090677  00000-0 -64701-3 0  9994,2 53982  53.2179 338.4133 0003144  10.8273  57.0444 15.73250446  3996,6727.751,91.53,351.732,347.501,0.0
53982.0,STARLINK-5120,PAYLOAD,2022-10-28 22:00:01,15.73223383,0.0003092,53.2178,338.0004,11.0146,169.1715,-0.00044986,-0.00063365,0.0,0 STARLINK-5120,1 53982U 22125U   22301.91668981 -.00063365  00000-0 -44986-3 0  9994,2 53982  53.2178 338.0004 0003092  11.0146 169.1715 15.73223383  1301,6727.829000000002,91.532,351.774,347.61300000000006,0.0
53982.0,STARLINK-5120,PAYLOAD,2022-10-29 04:00:00,15.7319315,0.0003099,53.2179,336.7635,13.8247,143.0125,3.2241e-05,3.904e-05,0.0,0 STARLINK-5120,1 53982U 22125U   22302.16667824  .00003904  00000-0  32241-4 0  9990,2 53982  53.2179 336.7635 0003099  13.8247 143.0125 15.73193150  4044,6727.915,91.534,351.865,347.695,0.0
53982.0,STARLINK-5120,PAYLOAD,2022-10-29 12:00:00,15.732026199999998,0.0003373999999999,53.2179,335.116,13.8704,231.8942,0.00045354,0.00063534,0.0,0 STARLINK-5120,1 53982U 22125U   22302.50001157  .00063534  00000-0  45354-3 0  9992,2 53982  53.2179 335.1160 0003374  13.8704 231.8942 15.73202620  1306,6727.888000000001,91.533,352.023,347.483,0.0
53982.0,STARLINK-5120,PAYLOAD,2022-10-29 22:00:01,15.73209384,0.0003188,53.2182,333.0517,13.5028,73.5362,0.00037238,0.00051995,0.0,0 STARLINK-5120,1 53982U 22125U   22302.91668981  .00051995  00000-0  37238-3 0  9991,2 53982  53.2182 333.0517 0003188  13.5028  73.5362 15.73209384  1303,6727.868,91.533,351.87800000000016,347.589,0.0
53982.0,STARLINK-5120,PAYLOAD,2022-10-30 00:00:00,15.73234807,0.0003168999999999,53.218,332.639,14.3903,184.8157,5.9451e-05,7.742e-05,0.0,0 STARLINK-5120,1 53982U 22125U   22303.00001157  .00007742  00000-0  59451-4 0  9991,2 53982  53.2180 332.6390 0003169  14.3903 184.8157 15.73234807  4179,6727.795999999999,91.531,351.793,347.529,0.0
53982.0,STARLINK-5120,PAYLOAD,2022-10-30 14:00:01,15.73185662,0.0003426,53.218,329.7545,9.1468,255.7387,-0.00065011,-0.00090862,0.0,0 STARLINK-5120,1 53982U 22125U   22303.58334491 -.00090862  00000-0 -65011-3 0  9999,2 53982  53.2180 329.7545 0003426   9.1468 255.7387 15.73185662  1301,6727.936,91.534,352.106,347.496,0.0
53982.0,STARLINK-5120,PAYLOAD,2022-10-30 22:00:01,15.73071139,0.0003177999999999,53.2179,328.1031,7.2767,346.5681,0.00082267,0.00115817,0.0,0 STARLINK-5120,1 53982U 22125U   22303.91668981  .00115817  00000-0  82267-3 0  9998,2 53982  53.2179 328.1031 0003178   7.2767 346.5681 15.73071139  1306,6728.263000000001,91.541,352.266,347.98900000000015,0.0
53982.0,STARLINK-5120,PAYLOAD,2022-10-31 14:00:01,15.73201847,0.0003451,53.2177,324.8068,7.921,163.5668,0.00021557,0.00029748,0.0,0 STARLINK-5120,1 53982U 22125U   22304.58334491  .00029748  00000-0  21557-3 0  9990,2 53982  53.2177 324.8068 0003451   7.9210 163.5668 15.73201847  1304,6727.89,91.533,352.077,347.43300000000005,0.0
53982.0,STARLINK-5120,PAYLOAD,2022-10-31 20:00:01,15.73222075,0.0003288,53.2183,323.5679,7.6124,140.6575,-0.00017974,-0.00025803,0.0,0 STARLINK-5120,1 53982U 22125U   22304.83335648 -.00025803  00000-0 -17974-3 0  9991,2 53982  53.2183 323.5679 0003288   7.6124 140.6575 15.73222075  4463,6727.831999999999,91.532,351.909,347.485,0.0
53982.0,STARLINK-5120,PAYLOAD,2022-10-31 22:00:01,15.73196932,0.0003255,53.2182,323.1551,8.2549,252.2615,9.5988e-05,0.0001286999999999,0.0,0 STARLINK-5120,1 53982U 22125U   22304.91668981  .00012870  00000-0  95988-4 0  9999,2 53982  53.2182 323.1551 0003255   8.2549 252.2615 15.73196932  1306,6727.904,91.533,351.959,347.579,0.0
53982.0,STARLINK-5120,PAYLOAD,2022-11-01 12:00:00,15.73138967,0.0003625,53.2181,320.2706,11.8114,314.3159,0.00067742,0.00095309,0.0,0 STARLINK-5120,1 53982U 22125U   22305.50001157  .00095309  00000-0  67742-3 0  9995,2 53982  53.2181 320.2706 0003625  11.8114 314.3159 15.73138967  4562,6728.069,91.537,352.37300000000016,347.495,0.0
53982.0,STARLINK-5120,PAYLOAD,2022-11-01 14:00:01,15.73159602,0.0003617,53.2175,319.8559,10.8649,67.4796,0.00055686,0.00078145,0.0,0 STARLINK-5120,1 53982U 22125U   22305.58334491  .00078145  00000-0  55686-3 0  9996,2 53982  53.2175 319.8559 0003617  10.8649  67.4796 15.73159602  1309,6728.01,91.536,352.309,347.44199999999995,0.0
53982.0,STARLINK-5120,PAYLOAD,2022-11-01 22:00:00,15.73219756,0.0003308999999999,53.2177,318.2069,10.0428,157.217,6.3405e-06,2.67e-06,0.0,0 STARLINK-5120,1 53982U 22125U   22305.91667824  .00000267  00000-0  63405-5 0  9992,2 53982  53.2177 318.2069 0003309  10.0428 157.2170 15.73219756  1306,6727.839,91.532,351.93,347.478,0.0
53982.0,STARLINK-5120,PAYLOAD,2022-11-02 04:00:00,15.73223965,0.0003343,53.2179,316.9708,9.3927,134.5816,-4.877100000000001e-05,-7.471e-05,0.0,0 STARLINK-5120,1 53982U 22125U   22306.16667824 -.00007471  00000-0 -48771-4 0  9994,2 53982  53.2179 316.9708 0003343   9.3927 134.5816 15.73223965  4671,6727.8269999999975,91.532,351.941,347.4430000000001,0.0
53982.0,STARLINK-5120,PAYLOAD,2022-11-02 14:00:01,15.73221471,0.0003686999999999,53.217,314.9056,6.3343,338.8273,-4.9528e-05,-7.578e-05,0.0,0 STARLINK-5120,1 53982U 22125U   22306.58334491 -.00007578  00000-0 -49528-4 0  9990,2 53982  53.2170 314.9056 0003687   6.3343 338.8273 15.73221471  1309,6727.834,91.532,352.18,347.218,0.0
53982.0,STARLINK-5120,PAYLOAD,2022-11-02 18:00:02,15.73363456,0.0003538,53.2174,314.077,8.5377,201.1411,-0.0033503,-0.00449978,0.0,0 STARLINK-5120,1 53982U 22125U   22306.75002315 -.00449978  00000-0 -33503-2 0  9994,2 53982  53.2174 314.0770 0003538   8.5377 201.1411 15.73363456  4762,6727.429,91.524,351.6740000000001,346.914,0.0
53982.0,STARLINK-5120,PAYLOAD,2022-11-02 22:00:00,15.73192871,0.0003329,53.2177,313.2585,9.5778,64.5316,-0.00012404,-0.00017994,0.0,0 STARLINK-5120,1 53982U 22125U   22306.91667824 -.00017994  00000-0 -12404-3 0  9991,2 53982  53.2177 313.2585 0003329   9.5778  64.5316 15.73192871  1307,6727.915,91.534,352.02,347.541,0.0
53982.0,STARLINK-5120,PAYLOAD,2022-11-03 04:00:00,15.7318818,0.0003539,53.2176,312.0092,11.2756,39.4135,0.00019984,0.00027509,0.0,0 STARLINK-5120,1 53982U 22125U   22307.16667824  .00027509  00000-0  19984-3 0  9990,2 53982  53.2176 312.0092 0003539  11.2756  39.4135 15.73188180  4834,6727.929,91.534,352.175,347.413,0.0
53982.0,STARLINK-5120,PAYLOAD,2022-11-03 14:00:01,15.7325206,0.0003595,53.2173,309.9613,7.4431,244.5204,-0.00032809,-0.00046536,0.0,0 STARLINK-5120,1 53982U 22125U   22307.58334491 -.00046536  00000-0 -32809-3 0  9991,2 53982  53.2173 309.9613 0003595   7.4431 244.5204 15.73252060  4895,6727.746999999999,91.53,352.03,347.1930000000001,0.0
53982.0,STARLINK-5120,PAYLOAD,2022-11-03 22:00:00,15.73213791,0.000333,53.2172,308.3101,6.7214,334.2236,0.00021507,0.00029693,0.0,0 STARLINK-5120,1 53982U 22125U   22307.91667824  .00029693  00000-0  21507-3 0  9993,2 53982  53.2172 308.3101 0003330   6.7214 334.2236 15.73213791  1300,6727.856,91.532,351.961,347.48,0.0
53982.0,STARLINK-5120,PAYLOAD,2022-11-04 04:00:01,15.73261642,0.0003411,53.2172,307.0742,7.028,310.6921,-0.00064338,-0.00090226,0.0,0 STARLINK-5120,1 53982U 22125U   22308.16668981 -.00090226  00000-0 -64338-3 0  9997,2 53982  53.2172 307.0742 0003411   7.0280 310.6921 15.73261642  4988,6727.719,91.53,351.879,347.29,0.0
53982.0,STARLINK-5120,PAYLOAD,2022-11-04 12:00:00,15.73167063,0.0003651,53.2163,305.4222,7.9242,38.7027,0.00042542,0.00059439,0.0,0 STARLINK-5120,1 53982U 22125U   22308.50001157  .00059439  00000-0  42542-3 0  9993,2 53982  53.2163 305.4222 0003651   7.9242  38.7027 15.73167063  5041,6727.989000000001,91.535,352.31,347.398,0.0
53982.0,STARLINK-5120,PAYLOAD,2022-11-04 14:00:01,15.7324715,0.0003542,53.2163,305.0078,8.5587,150.2791,-0.00094191,-0.00131097,0.0,0 STARLINK-5120,1 53982U 22125U   22308.58334491 -.00131097  00000-0 -94191-3 0  9991,2 53982  53.2163 305.0078 0003542   8.5587 150.2791 15.73247150  1303,6727.761,91.53,352.009,347.24300000000005,0.0
53982.0,STARLINK-5120,PAYLOAD,2022-11-04 20:00:01,15.73191545,0.0003383,53.217,303.774,5.0815,130.4894,-0.00049236,-0.00069157,0.0,0 STARLINK-5120,1 53982U 22125U   22308.83334491 -.00069157  00000-0 -49236-3 0  9996,2 53982  53.2170 303.7740 0003383   5.0815 130.4894 15.73191545  5091,6727.919,91.534,352.06,347.5080000000001,0.0
53982.0,STARLINK-5120,PAYLOAD,2022-11-04 22:00:01,15.73176927,0.0003353,53.217,303.3612,6.0077,241.8588,-0.00048103,-0.0006755,0.0,0 STARLINK-5120,1 53982U 22125U   22308.91668981 -.00067550  00000-0 -48103-3 0  9996,2 53982  53.2170 303.3612 0003353   6.0077 241.8588 15.73176927  1307,6727.9609999999975,91.535,352.082,347.57,0.0
53982.0,STARLINK-5120,PAYLOAD,2022-11-05 04:00:00,15.73186546,0.0003471,53.2172,302.1257,6.9219,217.5692,-0.00069699,-0.00097301,0.0,0 STARLINK-5120,1 53982U 22125U   22309.16667824 -.00097301  00000-0 -69699-3 0  9999,2 53982  53.2172 302.1257 0003471   6.9219 217.5692 15.73186546  5149,6727.934,91.534,352.134,347.463,0.0
53982.0,STARLINK-5120,PAYLOAD,2022-11-05 14:00:01,15.73085767,0.0003597,53.2168,300.064,3.9863,61.6468,0.00022163,0.00030452,0.0,0 STARLINK-5120,1 53982U 22125U   22309.58335648  .00030452  00000-0  22163-3 0  9998,2 53982  53.2168 300.0640 0003597   3.9863  61.6468 15.73085767  1304,6728.221,91.54,352.506,347.666,0.0
53982.0,STARLINK-5120,PAYLOAD,2022-11-05 20:00:01,15.73048443,0.0003373,53.2168,298.8257,5.3147,36.8651,0.0014323,0.00204052,0.0,0 STARLINK-5120,1 53982U 22125U   22309.83334491  .00204052  00000-0  14323-2 0  9998,2 53982  53.2168 298.8257 0003373   5.3147  36.8651 15.73048443  5240,6728.3269999999975,91.542,352.462,347.923,0.0
53982.0,STARLINK-5120,PAYLOAD,2022-11-05 22:00:01,15.73071779,0.000337,53.2167,298.4132,6.2862,148.1626,0.0017169,0.00246205,0.0,0 STARLINK-5120,1 53982U 22125U   22309.91668981  .00246205  00000-0  17169-2 0  9998,2 53982  53.2167 298.4132 0003370   6.2862 148.1626 15.73071779  1308,6728.261,91.541,352.39300000000014,347.858,0.0
53982.0,STARLINK-5120,PAYLOAD,2022-11-06 04:00:00,15.73203426,0.0003494,53.2166,297.1777,7.5041,123.508,0.0016213,0.0023342,0.0,0 STARLINK-5120,1 53982U 22125U   22310.16667824  .00233420  00000-0  16213-2 0  9996,2 53982  53.2166 297.1777 0003494   7.5041 123.5080 15.73203426  5309,6727.885,91.533,352.101,347.4,0.0
53982.0,STARLINK-5120,PAYLOAD,2022-11-06 12:00:00,15.73417052,0.0003577,53.2162,295.5286,4.904,215.1264,-0.0014297,-0.00198548,0.0,0 STARLINK-5120,1 53982U 22125U   22310.50001157 -.00198548  00000-0 -14297-2 0  9998,2 53982  53.2162 295.5286 0003577   4.9040 215.1264 15.73417052  5353,6727.276,91.521,351.548,346.735,0.0
53982.0,STARLINK-5120,PAYLOAD,2022-11-06 14:00:01,15.73405742,0.0003543,53.2164,295.1155,4.6815,327.6339,-0.0017558,-0.00242331,0.0,0 STARLINK-5120,1 53982U 22125U   22310.58334491 -.00242331  00000-0 -17558-2 0  9999,2 53982  53.2164 295.1155 0003543   4.6815 327.6339 15.73405742  1302,6727.309,91.521,351.557,346.79,0.0
53982.0,STARLINK-5120,PAYLOAD,2022-11-07 06:00:00,15.73138416,0.0003654,53.2168,291.8164,13.6744,136.6334,6.4435e-05,8.408e-05,0.0,0 STARLINK-5120,1 53982U 22125U   22311.25001157  .00008408  00000-0  64435-4 0  9995,2 53982  53.2168 291.8164 0003654  13.6744 136.6334 15.73138416  5479,6728.071,91.537,352.394,347.477,0.0
53982.0,STARLINK-5120,PAYLOAD,2022-11-07 22:00:00,15.73177827,0.0003293,53.217,288.5089,9.6642,318.3624,0.00017544,0.00024052,0.0,0 STARLINK-5120,1 53982U 22125U   22311.91667824  .00024052  00000-0  17544-3 0  9998,2 53982  53.2170 288.5089 0003293   9.6642 318.3624 15.73177827  1300,6727.958000000001,91.534,352.039,347.608,0.0
53982.0,STARLINK-5120,PAYLOAD,2022-11-08 06:00:00,15.73166402,0.0002678,53.217,286.8552,338.3742,78.6489,-0.005199,-0.00673914,0.0,0 STARLINK-5120,1 53982U 22125U   22312.25001157 -.00673914  00000-0 -51990-2 0  9998,2 53982  53.2170 286.8552 0002678 338.3742  78.6489 15.73166402  5637,6727.991,91.535,351.658,348.05400000000014,0.0
53982.0,STARLINK-5120,PAYLOAD,2022-11-08 10:00:01,15.73069038,0.000301,53.2172,286.0282,307.1788,334.2436,-0.008006,-0.01010789,0.0,0 STARLINK-5120,1 53982U 22125U   22312.41668981 -.01010789  00000-0 -80060-2 0  9996,2 53982  53.2172 286.0282 0003010 307.1788 334.2436 15.73069038  5658,6728.269,91.541,352.159,348.108,0.0
53982.0,STARLINK-5120,PAYLOAD,2022-11-08 14:00:01,15.72717124,0.0003751,53.2169,285.2031,297.1856,208.4519,-0.0087163,-0.01076897,0.0,0 STARLINK-5120,1 53982U 22125U   22312.58334491 -.01076897  00000-0 -87163-2 0  9993,2 53982  53.2169 285.2031 0003751 297.1856 208.4519 15.72717124  1300,6729.272,91.561,353.661,348.61300000000006,0.0
53982.0,STARLINK-5120,PAYLOAD,2022-11-08 22:00:00,15.71910534,0.0005972,53.217,283.5553,276.3016,317.2218,-0.009166,-0.0109356,0.0,0 STARLINK-5120,1 53982U 22125U   22312.91667824 -.01093560  00000-0 -91660-2 0  9992,2 53982  53.2170 283.5553 0005972 276.3016 317.2218 15.71910534  5731,6731.574000000001,91.608,357.459,349.4190000000001,0.0
53982.0,STARLINK-5120,PAYLOAD,2022-11-09 12:00:00,15.70497425,0.0006172,53.2169,280.6786,269.865,25.0977,-0.0098133,-0.01101755,0.0,0 STARLINK-5120,1 53982U 22125U   22313.50001157 -.01101755  00000-0 -98133-2 0  9997,2 53982  53.2169 280.6786 0006172 269.8650  25.0977 15.70497425  5823,6735.611,91.691,361.634,353.319,0.0
53982.0,STARLINK-5120,PAYLOAD,2022-11-09 14:00:01,15.70309562,0.0005501,53.2172,280.2669,271.3662,134.9825,-0.01015,-0.01127031,0.0,0 STARLINK-5120,1 53982U 22125U   22313.58334491 -.01127031  00000-0 -10150-1 0  9992,2 53982  53.2172 280.2669 0005501 271.3662 134.9825 15.70309562  1304,6736.149,91.702,361.719,354.30800000000005,0.0
53982.0,STARLINK-5120,PAYLOAD,2022-11-09 22:00:01,15.694385,0.0005922,53.2173,278.6247,269.6433,221.7518,-0.0097615,-0.01053395,0.0,0 STARLINK-5120,1 53982U 22125U   22313.91668981 -.01053395  00000-0 -97615-2 0  9996,2 53982  53.2173 278.6247 0005922 269.6433 221.7518 15.69438500  1308,6738.641,91.753,364.496,356.515,0.0
53982.0,STARLINK-5120,PAYLOAD,2022-11-10 06:00:00,15.68669008,0.000168,53.2176,276.9865,253.8202,321.4618,-0.0107,-0.01109102,0.0,0 STARLINK-5120,1 53982U 22125U   22314.25001157 -.01109102  00000-0 -10700-1 0  9997,2 53982  53.2176 276.9865 0001680 253.8202 321.4618 15.68669008  5945,6740.844,91.798,363.842,361.577,0.0
53982.0,STARLINK-5120,PAYLOAD,2022-11-10 14:00:01,15.67868661,4.92e-05,53.2171,275.347,67.4432,230.8305,-0.011241,-0.01143377,0.0,0 STARLINK-5120,1 53982U 22125U   22314.58334491 -.01143377  00000-0 -11241-1 0  9996,2 53982  53.2171 275.3470 0000492  67.4432 230.8305 15.67868661  1306,6743.138000000001,91.844,365.335,364.671,0.0
53982.0,STARLINK-5120,PAYLOAD,2022-11-10 20:00:01,15.67327506,0.0001166,53.2167,274.1192,85.1354,184.7016,-0.012389,-0.01223789,0.0,0 STARLINK-5120,1 53982U 22125U   22314.83334491 -.01223789  00000-0 -12389-1 0  9994,2 53982  53.2167 274.1192 0001166  85.1354 184.7016 15.67327506  6037,6744.69,91.876,367.342,365.769,0.0
53982.0,STARLINK-5120,PAYLOAD,2022-11-10 22:00:00,15.67094694,0.0001088,53.217,273.7107,74.4871,305.7853,-0.012192,-0.01195891,0.0,0 STARLINK-5120,1 53982U 22125U   22314.91667824 -.01195891  00000-0 -12192-1 0  9996,2 53982  53.2170 273.7107 0001088  74.4871 305.7853 15.67094694  1308,6745.358,91.89,367.957,366.489,0.0
53982.0,STARLINK-5120,PAYLOAD,2022-11-11 14:00:01,15.65428646,0.0001219,53.2173,270.446,82.941,98.4547,-0.012427,-0.01144556,0.0,0 STARLINK-5120,1 53982U 22125U   22315.58334491 -.01144556  00000-0 -12427-1 0  9994,2 53982  53.2173 270.4460 0001219  82.9410  98.4547 15.65428646  6156,6750.143,91.988,372.831,371.185,0.0
53982.0,STARLINK-5120,PAYLOAD,2022-11-11 22:00:00,15.64615153,0.0001194,53.2173,268.8158,84.3371,176.1433,-0.012816,-0.01142621,0.0,0 STARLINK-5120,1 53982U 22125U   22315.91667824 -.01142621  00000-0 -12816-1 0  9993,2 53982  53.2173 268.8158 0001194  84.3371 176.1433 15.64615153  1305,6752.483,92.035,375.154,373.542,0.0
53982.0,STARLINK-5120,PAYLOAD,2022-11-12 14:00:01,15.6300786,0.0001105,53.2173,265.5631,72.7315,342.9766,-0.014035,-0.01170772,0.0,0 STARLINK-5120,1 53982U 22125U   22316.58334491 -.01170772  00000-0 -14035-1 0  9991,2 53982  53.2173 265.5631 0001105  72.7315 342.9766 15.63007860  1307,6757.111,92.13,379.723,378.23,0.0
53982.0,STARLINK-5120,PAYLOAD,2022-11-12 22:00:00,15.62200661,0.0001092,53.2171,263.939,80.274,51.5818,-0.014581,-0.01177529,0.0,0 STARLINK-5120,1 53982U 22125U   22316.91667824 -.01177529  00000-0 -14581-1 0  9990,2 53982  53.2171 263.9390 0001092  80.2740  51.5818 15.62200661  1304,6759.439,92.178,382.042,380.566,0.0
53982.0,STARLINK-5120,PAYLOAD,2022-11-13 14:00:01,15.60583512,0.0001164,53.2173,260.6984,89.1562,192.0652,-0.015757,-0.01193056,0.0,0 STARLINK-5120,1 53982U 22125U   22317.58334491 -.01193056  00000-0 -15757-1 0  9994,2 53982  53.2173 260.6984 0001164  89.1562 192.0652 15.60583512  1303,6764.107,92.273,386.76,385.185,0.0
53982.0,STARLINK-5120,PAYLOAD,2022-11-13 20:00:01,15.59930146,0.0001305,53.2169,259.4835,97.1585,149.0873,-0.015227,-0.01130739,0.0,0 STARLINK-5120,1 53982U 22125U   22317.83334491 -.01130739  00000-0 -15227-1 0  9993,2 53982  53.2169 259.4835 0001305  97.1585 149.0873 15.59930146  6501,6765.996,92.312,388.744,386.978,0.0
53982.0,STARLINK-5120,PAYLOAD,2022-11-13 22:00:00,15.59735945,0.0001095999999999,53.217,259.0798,96.0513,258.4043,-0.015568,-0.01145785,0.0,0 STARLINK-5120,1 53982U 22125U   22317.91667824 -.01145785  00000-0 -15568-1 0  9996,2 53982  53.2170 259.0798 0001096  96.0513 258.4043 15.59735945  1300,6766.558000000001,92.323,389.164,387.681,0.0
53982.0,STARLINK-5120,PAYLOAD,2022-11-14 12:00:02,15.58302513,9.91e-05,53.2175,256.2533,90.5488,299.7562,-0.016244,-0.01133071,0.0,0 STARLINK-5120,1 53982U 22125U   22318.50002315 -.01133071  00000-0 -16244-1 0  9997,2 53982  53.2175 256.2533 0000991  90.5488 299.7562 15.58302513  6617,6770.706999999999,92.408,393.24300000000005,391.901,0.0
53982.0,STARLINK-5120,PAYLOAD,2022-11-14 14:00:01,15.58098215,0.0001174,53.2176,255.8495,86.4524,51.5116,-0.016345,-0.01131528,0.0,0 STARLINK-5120,1 53982U 22125U   22318.58334491 -.01131528  00000-0 -16345-1 0  9995,2 53982  53.2176 255.8495 0001174  86.4524  51.5116 15.58098215  1300,6771.2980000000025,92.42,393.958,392.36800000000005,0.0
53982.0,STARLINK-5120,PAYLOAD,2022-11-14 22:00:00,15.57284304,0.0001262999999999,53.2178,254.2379,92.7273,115.5211,-0.016844,-0.0113082,0.0,0 STARLINK-5120,1 53982U 22125U   22318.91667824 -.01130820  00000-0 -16844-1 0  9999,2 53982  53.2178 254.2379 0001263  92.7273 115.5211 15.57284304  1308,6773.658,92.469,396.378,394.667,0.0
53982.0,STARLINK-5120,PAYLOAD,2022-11-15 04:00:00,15.56674755,0.0001291999999999,53.2176,253.0317,80.3767,89.9423,-0.017251,-0.01131795,0.0,0 STARLINK-5120,1 53982U 22125U   22319.16667824 -.01131795  00000-0 -17251-1 0  9992,2 53982  53.2176 253.0317 0001292  80.3767  89.9423 15.56674755  6719,6775.426,92.505,398.166,396.415,0.0
53982.0,STARLINK-5120,PAYLOAD,2022-11-15 14:00:01,15.55659338,0.0001022,53.2173,251.0204,91.3778,254.5051,-0.017971,-0.01134714,0.0,0 STARLINK-5120,1 53982U 22125U   22319.58334491 -.01134714  00000-0 -17971-1 0  9992,2 53982  53.2173 251.0204 0001022  91.3778 254.5051 15.55659338  1300,6778.374,92.565,400.931,399.546,0.0
53982.0,STARLINK-5120,PAYLOAD,2022-11-15 20:00:01,15.55046646,0.0001129,53.2176,249.8148,96.7131,209.7759,-0.018293,-0.01129626,0.0,0 STARLINK-5120,1 53982U 22125U   22319.83334491 -.01129626  00000-0 -18293-1 0  9994,2 53982  53.2176 249.8148 0001129  96.7131 209.7759 15.55046646  6815,6780.154,92.602,402.785,401.254,0.0
53982.0,STARLINK-5120,PAYLOAD,2022-11-15 22:00:00,15.54844797,0.0001066,53.2176,249.4141,83.9457,329.2888,-0.018495,-0.01133195,0.0,0 STARLINK-5120,1 53982U 22125U   22319.91667824 -.01133195  00000-0 -18495-1 0  9992,2 53982  53.2176 249.4141 0001066  83.9457 329.2888 15.54844797  1305,6780.741,92.614,403.329,401.883,0.0
53982.0,STARLINK-5120,PAYLOAD,2022-11-16 12:00:00,15.53419652,0.0001089,53.2174,246.6086,80.1626,358.5836,-0.019446,-0.01130842,0.0,0 STARLINK-5120,1 53982U 22125U   22320.50001157 -.01130842  00000-0 -19446-1 0  9993,2 53982  53.2174 246.6086 0001089  80.1626 358.5836 15.53419652  6920,6784.887,92.699,407.491,406.014,0.0
53982.0,STARLINK-5120,PAYLOAD,2022-11-16 14:00:01,15.53214527,0.0001234,53.2175,246.2077,87.2927,97.7763,-0.019537,-0.01127993,0.0,0 STARLINK-5120,1 53982U 22125U   22320.58335648 -.01127993  00000-0 -19537-1 0  9990,2 53982  53.2175 246.2077 0001234  87.2927  97.7763 15.53214527  1303,6785.485,92.711,408.187,406.512,0.0
53982.0,STARLINK-5120,PAYLOAD,2022-11-16 22:00:08,15.52401266,0.0001243,53.2175,244.6078,92.0647,157.8095,-0.020142,-0.01128881,0.0,0 STARLINK-5120,1 53982U 22125U   22320.91675926 -.01128881  00000-0 -20142-1 0  9994,2 53982  53.2175 244.6078 0001243  92.0647 157.8095 15.52401266  1302,6787.854,92.76,410.56300000000016,408.876,0.0
53982.0,STARLINK-5120,PAYLOAD,2022-11-17 04:00:00,15.51790659,0.0001266,53.2175,243.4107,84.5664,122.5254,-0.020565,-0.01127518,0.0,0 STARLINK-5120,1 53982U 22125U   22321.16667824 -.01127518  00000-0 -20565-1 0  9995,2 53982  53.2175 243.4107 0001266  84.5664 122.5254 15.51790659  7029,6789.635,92.796,412.359,410.64,0.0
53982.0,STARLINK-5120,PAYLOAD,2022-11-17 14:00:01,15.50659368,9.940000000000004e-05,53.2174,241.4142,101.4247,273.9163,-0.014841,-0.00795339,0.0,0 STARLINK-5120,1 53982U 22125U   22321.58334491 -.00795339  00000-0 -14841-1 0  9993,2 53982  53.2174 241.4142 0000994 101.4247 273.9163 15.50659368  1303,6792.937,92.864,415.477,414.127,0.0
53982.0,STARLINK-5120,PAYLOAD,2022-11-17 20:00:01,15.50091963,0.0001295,53.2172,240.2188,106.9134,224.5891,-0.0042135,-0.0023429,0.0,0 STARLINK-5120,1 53982U 22125U   22321.83334491 -.00234290  00000-0 -42135-2 0  9993,2 53982  53.2172 240.2188 0001295 106.9134 224.5891 15.50091963  7125,6794.594,92.898,417.339,415.579,0.0
53982.0,STARLINK-5120,PAYLOAD,2022-11-17 22:00:00,15.50072292,0.0001239,53.2172,239.821,104.0852,332.6911,-0.0046771999999999,-0.00259032,0.0,0 STARLINK-5120,1 53982U 22125U   22321.91667824 -.00259032  00000-0 -46772-2 0  9993,2 53982  53.2172 239.8210 0001239 104.0852 332.6911 15.50072292  1301,6794.651999999999,92.899,417.359,415.675,0.0
53982.0,STARLINK-5120,PAYLOAD,2022-11-18 04:00:00,15.49884391,0.0001224,53.2176,238.6261,99.2859,293.2869,2.1022e-05,7.42e-06,0.0,0 STARLINK-5120,1 53982U 22125U   22322.16667824  .00000742  00000-0  21022-4 0  9994,2 53982  53.2176 238.6261 0001224  99.2859 293.2869 15.49884391  7189,6795.201,92.91,417.898,416.234,0.0
53982.0,STARLINK-5120,PAYLOAD,2022-11-18 14:00:01,15.49885316,0.0001119,53.2157,236.6393,99.4262,99.3522,0.00048697,0.00027283,0.0,0 STARLINK-5120,1 53982U 22125U   22322.58334491  .00027283  00000-0  48697-3 0  9996,2 53982  53.2157 236.6393 0001119  99.4262  99.3522 15.49885316  7241,6795.198,92.91,417.824,416.30300000000005,0.0
53982.0,STARLINK-5120,PAYLOAD,2022-11-18 22:00:00,15.49915967,0.0001212,53.2157,235.0472,97.2288,162.465,-0.00029807,-0.00017349,0.0,0 STARLINK-5120,1 53982U 22125U   22322.91667824 -.00017349  00000-0 -29807-3 0  9998,2 53982  53.2157 235.0472 0001212  97.2288 162.4650 15.49915967  1301,6795.109,92.908,417.797,416.15,0.0
53982.0,STARLINK-5120,PAYLOAD,2022-11-19 04:00:00,15.4991148,0.000128,53.2156,233.8535,88.5988,126.805,-0.00072108,-0.000412,0.0,0 STARLINK-5120,1 53982U 22125U   22323.16667824 -.00041200  00000-0 -72108-3 0  9991,2 53982  53.2156 233.8535 0001280  88.5988 126.8050 15.49911480  7334,6795.121999999999,92.909,417.857,416.117,0.0
53982.0,STARLINK-5120,PAYLOAD,2022-11-19 14:00:01,15.49837628,0.0001379,53.2155,231.86,101.5338,280.0341,0.00092264,0.00052175,0.0,0 STARLINK-5120,1 53982U 22125U   22323.58334491  .00052175  00000-0  92264-3 0  9994,2 53982  53.2155 231.8600 0001379 101.5338 280.0341 15.49837628  1306,6795.3380000000025,92.913,418.14,416.266,0.0
53982.0,STARLINK-5120,PAYLOAD,2022-11-19 20:00:01,15.49884987,0.0001415,53.2159,230.6657,101.4392,235.7786,-9.1776e-05,-5.656e-05,0.0,0 STARLINK-5120,1 53982U 22125U   22323.83334491 -.00005656  00000-0 -91776-4 0  9994,2 53982  53.2159 230.6657 0001415 101.4392 235.7786 15.49884987  7439,6795.199000000001,92.91,418.026,416.103,0.0
53982.0,STARLINK-5120,PAYLOAD,2022-11-19 22:00:00,15.4989029,0.0001405,53.2158,230.2681,98.0381,344.4059,-0.00034954,-0.00020242,0.0,0 STARLINK-5120,1 53982U 22125U   22323.91667824 -.00020242  00000-0 -34954-3 0  9994,2 53982  53.2158 230.2681 0001405  98.0381 344.4059 15.49890290  1304,6795.184,92.91,418.003,416.094,0.0
53982.0,STARLINK-5120,PAYLOAD,2022-11-20 14:00:01,15.49872101,0.0001348,53.2161,227.0808,100.542,103.7358,0.00096731,0.00054809,0.0,0 STARLINK-5120,1 53982U 22125U   22324.58334491  .00054809  00000-0  96731-3 0  9994,2 53982  53.2161 227.0808 0001348 100.5420 103.7358 15.49872101  1301,6795.236999999999,92.911,418.018,416.186,0.0
53982.0,STARLINK-5120,PAYLOAD,2022-11-20 22:00:00,15.49920371,0.0001406,53.2164,225.489,95.8867,169.3101,-0.0002598,-0.00015186,0.0,0 STARLINK-5120,1 53982U 22125U   22324.91667824 -.00015186  00000-0 -25980-3 0  9995,2 53982  53.2164 225.4890 0001406  95.8867 169.3101 15.49920371  7609,6795.096,92.908,417.916,416.005,0.0
53982.0,STARLINK-5120,PAYLOAD,2022-11-21 14:00:01,15.49843893,0.0001127,53.2164,222.3016,101.09,285.997,0.0010674,0.0006051,0.0,0 STARLINK-5120,1 53982U 22125U   22325.58334491  .00060510  00000-0  10674-2 0  9992,2 53982  53.2164 222.3016 0001127 101.0900 285.9970 15.49843893  1306,6795.319,92.913,417.95,416.419,0.0
53982.0,STARLINK-5120,PAYLOAD,2022-11-21 20:00:01,15.49892252,0.0001198,53.217,221.1071,100.5294,242.2127,-0.00024405,-0.0001428,0.0,0 STARLINK-5120,1 53982U 22125U   22325.83334491 -.00014280  00000-0 -24405-3 0  9993,2 53982  53.2170 221.1071 0001198 100.5294 242.2127 15.49892252  7746,6795.178000000001,92.91,417.857,416.229,0.0
53982.0,STARLINK-5120,PAYLOAD,2022-11-21 22:00:00,15.4988937,0.0001181,53.2168,220.7087,95.2365,352.7358,-0.00019151,-0.00011306,0.0,0 STARLINK-5120,1 53982U 22125U   22325.91667824 -.00011306  00000-0 -19151-3 0  9999,2 53982  53.2168 220.7087 0001181  95.2365 352.7358 15.49889370  1302,6795.186,92.91,417.854,416.249,0.0
53982.0,STARLINK-5120,PAYLOAD,2022-11-22 04:00:00,15.50061379,0.0001084,53.2167,219.5128,83.2012,320.4294,-0.010874,-0.00577694,0.0,0 STARLINK-5120,1 53982U 22125U   22326.16667824 -.00577694  00000-0 -10874-1 0  9995,2 53982  53.2167 219.5128 0001084  83.2012 320.4294 15.50061379  7806,6794.684,92.9,417.285,415.812,0.0
53982.0,STARLINK-5120,PAYLOAD,2022-11-22 14:00:01,15.4963702,0.0001224,53.2174,217.5158,97.5589,112.1846,-0.017717,-0.00917108,0.0,0 STARLINK-5120,1 53982U 22125U   22326.58335648 -.00917108  00000-0 -17717-1 0  9998,2 53982  53.2174 217.5158 0001224  97.5589 112.1846 15.49637020  1306,6795.924,92.925,418.621,416.957,0.0
53982.0,STARLINK-5120,PAYLOAD,2022-11-22 20:00:01,15.49211994,0.0001386999999999,53.2175,216.3232,108.0595,56.8439,-0.023324,-0.01179836,0.0,0 STARLINK-5120,1 53982U 22125U   22326.83334491 -.01179836  00000-0 -23324-1 0  9991,2 53982  53.2175 216.3232 0001387 108.0595  56.8439 15.49211994  7904,6797.167,92.95,419.975,418.089,0.0
53982.0,STARLINK-5120,PAYLOAD,2022-11-22 22:00:00,15.49000811,0.0001313,53.2174,215.9258,114.7841,155.1115,-0.023412,-0.01175818,0.0,0 STARLINK-5120,1 53982U 22125U   22326.91667824 -.01175818  00000-0 -23412-1 0  9993,2 53982  53.2174 215.9258 0001313 114.7841 155.1115 15.49000811  1309,6797.785,92.963,420.542,418.757,0.0
53982.0,STARLINK-5120,PAYLOAD,2022-11-23 14:00:01,15.47343799,9.74e-05,53.2171,212.7469,89.8425,297.7418,-0.023879,-0.01134986,0.0,0 STARLINK-5120,1 53982U 22125U   22327.58334491 -.01134986  00000-0 -23879-1 0  9996,2 53982  53.2171 212.7469 0000974  89.8425 297.7418 15.47343799  1309,6802.637,93.063,425.165,423.839,0.0
53982.0,STARLINK-5120,PAYLOAD,2022-11-23 22:00:00,15.4656115,0.0001148,53.2172,211.1621,103.0348,341.9031,-0.02555,-0.01177732,0.0,0 STARLINK-5120,1 53982U 22125U   22327.91667824 -.01177732  00000-0 -25550-1 0  9996,2 53982  53.2172 211.1621 0001148 103.0348 341.9031 15.46561150  1305,6804.932,93.11,427.578,426.016,0.0
53982.0,STARLINK-5120,PAYLOAD,2022-11-24 04:00:00,15.45926998,0.0001049,53.2166,209.9748,94.3074,303.0253,-0.025249,-0.01141802,0.0,0 STARLINK-5120,1 53982U 22125U   22328.16667824 -.01141802  00000-0 -25249-1 0  9998,2 53982  53.2166 209.9748 0001049  94.3074 303.0253 15.45926998  8116,6806.793000000002,93.148,429.372,427.944,0.0
53982.0,STARLINK-5120,PAYLOAD,2022-11-24 14:00:01,15.44919824,0.0001208,53.217,207.9945,92.6412,104.1105,-0.026577,-0.01159249,0.0,0 STARLINK-5120,1 53982U 22125U   22328.58334491 -.01159249  00000-0 -26577-1 0  9994,2 53982  53.2170 207.9945 0001208  92.6412 104.1105 15.44919824  1301,6809.751,93.209,432.43800000000016,430.793,0.0
53982.0,STARLINK-5120,PAYLOAD,2022-11-24 20:00:01,15.44352637,0.0001447,53.2173,206.8102,102.7799,44.8611,-0.028282,-0.01205419,0.0,0 STARLINK-5120,1 53982U 22125U   22328.83334491 -.01205419  00000-0 -28282-1 0  9998,2 53982  53.2173 206.8102 0001447 102.7799  44.8611 15.44352637  8215,6811.418000000002,93.243,434.268,432.297,0.0
53982.0,STARLINK-5120,PAYLOAD,2022-11-24 22:00:00,15.44131645,0.0001445,53.2172,206.4159,109.8134,141.3603,-0.028149,-0.01192008,0.0,0 STARLINK-5120,1 53982U 22125U   22328.91667824 -.01192008  00000-0 -28149-1 0  9997,2 53982  53.2172 206.4159 0001445 109.8134 141.3603 15.44131645  1302,6812.068,93.256,434.917,432.948,0.0
53982.0,STARLINK-5120,PAYLOAD,2022-11-25 14:00:01,15.4247551,0.0001007,53.217,203.2598,85.4718,271.6558,-0.028715,-0.01152958,0.0,0 STARLINK-5120,1 53982U 22125U   22329.58334491 -.01152958  00000-0 -28715-1 0  9991,2 53982  53.2170 203.2598 0001007  85.4718 271.6558 15.42475510  8339,6816.943,93.356,439.494,438.121,0.0
53982.0,STARLINK-5120,PAYLOAD,2022-11-25 22:00:00,15.4168919,0.00012,53.2173,201.687,98.4116,310.2049,-0.030545,-0.01190756,0.0,0 STARLINK-5120,1 53982U 22125U   22329.91667824 -.01190756  00000-0 -30545-1 0  9999,2 53982  53.2173 201.6870 0001200  98.4116 310.2049 15.41689190  1303,6819.261,93.404,441.944,440.307,0.0
53982.0,STARLINK-5120,PAYLOAD,2022-11-26 12:00:00,15.40252919,0.0001132,53.2169,198.9351,79.4859,326.9116,-0.031435,-0.01169949,0.0,0 STARLINK-5120,1 53982U 22125U   22330.50001157 -.01169949  00000-0 -31435-1 0  9996,2 53982  53.2169 198.9351 0001132  79.4859 326.9116 15.40252919  8475,6823.499,93.491,446.137,444.592,0.0
53982.0,STARLINK-5120,PAYLOAD,2022-11-26 14:00:01,15.40037157,0.000134,53.217,198.5426,81.8135,66.8876,-0.031277,-0.01157025,0.0,0 STARLINK-5120,1 53982U 22125U   22330.58334491 -.01157025  00000-0 -31277-1 0  9990,2 53982  53.2170 198.5426 0001340  81.8135  66.8876 15.40037157  1304,6824.137,93.504,446.916,445.087,0.0
53982.0,STARLINK-5120,PAYLOAD,2022-11-26 22:00:00,15.39216927,0.0001345,53.2172,196.9753,101.6004,95.6724,-0.031864,-0.01147985,0.0,0 STARLINK-5120,1 53982U 22125U   22330.91667824 -.01147985  00000-0 -31864-1 0  9992,2 53982  53.2172 196.9753 0001345 101.6004  95.6724 15.39216927  1306,6826.561,93.554,449.344,447.507,0.0
53982.0,STARLINK-5120,PAYLOAD,2022-11-27 14:00:01,15.37588369,0.0001174,53.2169,193.8427,87.4987,203.9794,-0.033529,-0.01145234,0.0,0 STARLINK-5120,1 53982U 22125U   22331.58334491 -.01145234  00000-0 -33529-1 0  9992,2 53982  53.2169 193.8427 0001174  87.4987 203.9794 15.37588369  1308,6831.38,93.653,454.047,452.443,0.0
53982.0,STARLINK-5120,PAYLOAD,2022-11-27 22:00:00,15.36788487,0.0001216,53.217,192.2816,107.9429,229.1633,-0.0350529999999999,-0.01164622,0.0,0 STARLINK-5120,1 53982U 22125U   22331.91667824 -.01164622  00000-0 -35053-1 0  9994,2 53982  53.2170 192.2816 0001216 107.9429 229.1633 15.36788487  8683,6833.75,93.702,456.446,454.784,0.0
53982.0,STARLINK-5120,PAYLOAD,2022-11-28 22:00:01,15.34339923,0.0001318,53.217,187.6049,101.702,6.5117,-0.037579,-0.01154695,0.0,0 STARLINK-5120,1 53982U 22125U   22332.91668981 -.01154695  00000-0 -37579-1 0  9994,2 53982  53.2170 187.6049 0001318 101.7020   6.5117 15.34339923  1302,6841.019,93.851,463.785,461.982,0.0
53982.0,STARLINK-5120,PAYLOAD,2022-11-29 06:00:00,15.33541569,0.0001336,53.2165,186.0492,84.1227,65.7435,-0.039257,-0.0117402,0.0,0 STARLINK-5120,1 53982U 22125U   22333.25001157 -.01174020  00000-0 -39257-1 0  9997,2 53982  53.2165 186.0492 0001336  84.1227  65.7435 15.33541569  8895,6843.393,93.9,466.172,464.344,0.0
53982.0,STARLINK-5120,PAYLOAD,2022-11-29 14:00:01,15.32709744,0.0001392,53.2168,184.4949,81.0317,109.6543,-0.039382,-0.01149418,0.0,0 STARLINK-5120,1 53982U 22125U   22333.58335648 -.01149418  00000-0 -39382-1 0  9990,2 53982  53.2168 184.4949 0001392  81.0317 109.6543 15.32709744  1302,6845.869000000002,93.951,468.687,466.781,0.0
53982.0,STARLINK-5120,PAYLOAD,2022-11-29 22:00:00,15.31898896,0.0001426,53.217,182.9457,105.2857,125.1022,-0.040553,-0.01153298,0.0,0 STARLINK-5120,1 53982U 22125U   22333.91667824 -.01153298  00000-0 -40553-1 0  9994,2 53982  53.2170 182.9457 0001426 105.2857 125.1022 15.31898896  1309,6848.284000000002,94.001,471.126,469.173,0.0
53982.0,STARLINK-5120,PAYLOAD,2022-11-30 14:00:01,15.30258387,0.0001354,53.2175,179.8459,116.3992,190.664,-0.041947,-0.01134873,0.0,0 STARLINK-5120,1 53982U 22125U   22334.58335648 -.01134873  00000-0 -41947-1 0  9990,2 53982  53.2175 179.8459 0001354 116.3992 190.6640 15.30258387  9095,6853.178000000001,94.102,475.971,474.115,0.0
53982.0,STARLINK-5120,PAYLOAD,2022-11-30 22:00:00,15.2944643,0.000124,53.2174,178.3025,109.7758,234.0569,-0.04317,-0.01138461,0.0,0 STARLINK-5120,1 53982U 22125U   22334.91667824 -.01138461  00000-0 -43170-1 0  9998,2 53982  53.2174 178.3025 0001240 109.7758 234.0569 15.29446430  1302,6855.603,94.152,478.318,476.61800000000005,0.0
53982.0,STARLINK-5120,PAYLOAD,2022-12-01 14:00:01,15.27816576,0.0001178,53.2174,175.2155,91.8371,322.7336,-0.045197,-0.0113385,0.0,0 STARLINK-5120,1 53982U 22125U   22335.58334491 -.01133850  00000-0 -45197-1 0  9991,2 53982  53.2174 175.2155 0001178  91.8371 322.7336 15.27816576  1301,6860.478,94.252,483.151,481.535,0.0
53982.0,STARLINK-5120,PAYLOAD,2022-12-01 20:00:01,15.27190894,0.0001198,53.217,174.0632,106.1137,244.0489,-0.045469,-0.01120284,0.0,0 STARLINK-5120,1 53982U 22125U   22335.83335648 -.01120284  00000-0 -45469-1 0  9993,2 53982  53.2170 174.0632 0001198 106.1137 244.0489 15.27190894  9295,6862.351,94.291,485.039,483.394,0.0
53982.0,STARLINK-5120,PAYLOAD,2022-12-01 22:00:00,15.26982347,0.0001252,53.2172,173.6788,95.34,353.1409,-0.045184,-0.01107398,0.0,0 STARLINK-5120,1 53982U 22125U   22335.91667824 -.01107398  00000-0 -45184-1 0  9991,2 53982  53.2172 173.6788 0001252  95.3400 353.1409 15.26982347  1306,6862.976,94.304,485.701,483.982,0.0
53982.0,STARLINK-5120,PAYLOAD,2022-12-02 14:00:01,15.25401891,0.0001341999999999,53.217,170.6032,85.5006,67.8265,-0.050301,-0.01184921,0.0,0 STARLINK-5120,1 53982U 22125U   22336.58334491 -.01184921  00000-0 -50301-1 0  9990,2 53982  53.2170 170.6032 0001342  85.5006  67.8265 15.25401891  9403,6867.715999999999,94.401,490.503,488.659,0.0
53982.0,STARLINK-5120,PAYLOAD,2022-12-02 22:00:00,15.24577491,0.0001375,53.2173,169.0714,94.6107,89.6883,-0.050883,-0.01170401,0.0,0 STARLINK-5120,1 53982U 22125U   22336.91667824 -.01170401  00000-0 -50883-1 0  9999,2 53982  53.2173 169.0714 0001375  94.6107  89.6883 15.24577491  1302,6870.191,94.452,493.001,491.112,0.0
53982.0,STARLINK-5120,PAYLOAD,2022-12-03 14:00:01,15.22955874,0.0001365,53.217,166.0073,97.3398,145.9593,-0.053789,-0.01177946,0.0,0 STARLINK-5120,1 53982U 22125U   22337.58334491 -.01177946  00000-0 -53789-1 0  9993,2 53982  53.2170 166.0073 0001365  97.3398 145.9593 15.22955874  1302,6875.066999999999,94.553,497.871,495.994,0.0
53982.0,STARLINK-5120,PAYLOAD,2022-12-03 20:00:01,15.22348521,0.0001423,53.2171,164.8627,91.4015,83.0097,-0.054791,-0.01178375,0.0,0 STARLINK-5120,1 53982U 22125U   22337.83334491 -.01178375  00000-0 -54791-1 0  9992,2 53982  53.2171 164.8627 0001423  91.4015  83.0097 15.22348521  9595,6876.896,94.591,499.739,497.782,0.0
53982.0,STARLINK-5120,PAYLOAD,2022-12-03 22:00:00,15.22136407,0.0001341999999999,53.2173,164.4811,97.6871,173.648,-0.054731,-0.01170351,0.0,0 STARLINK-5120,1 53982U 22125U   22337.91667824 -.01170351  00000-0 -54731-1 0  9990,2 53982  53.2173 164.4811 0001342  97.6871 173.6480 15.22136407  1307,6877.535,94.604,500.323,498.477,0.0
53982.0,STARLINK-5120,PAYLOAD,2022-12-04 14:00:01,15.20516082,0.0001249,53.217,161.4282,86.8398,237.6276,-0.057914,-0.01179742,0.0,0 STARLINK-5120,1 53982U 22125U   22338.58334491 -.01179742  00000-0 -57914-1 0  9994,2 53982  53.2170 161.4282 0001249  86.8398 237.6276 15.20516082  1306,6882.42,94.705,505.144,503.425,0.0
53982.0,STARLINK-5120,PAYLOAD,2022-12-04 22:00:00,15.19685796,0.0001198,53.2173,159.9077,94.0987,255.4768,-0.058137,-0.01157636,0.0,0 STARLINK-5120,1 53982U 22125U   22338.91667824 -.01157636  00000-0 -58137-1 0  9996,2 53982  53.2173 159.9077 0001198  94.0987 255.4768 15.19685796  1302,6884.926,94.756,507.616,505.967,0.0
53982.0,STARLINK-5120,PAYLOAD,2022-12-05 04:00:00,15.19107905,0.0001281,53.2172,158.7662,85.15299999999998,192.5872,-0.061326,-0.01197286,0.0,0 STARLINK-5120,1 53982U 22125U   22339.16667824 -.01197286  00000-0 -61326-1 0  9993,2 53982  53.2172 158.7662 0001281  85.1530 192.5872 15.19107905  9795,6886.672,94.792,509.42,507.655,0.0
53982.0,STARLINK-5120,PAYLOAD,2022-12-05 14:00:01,15.18076853,0.0001255,53.2171,156.8664,81.1357,315.7628,-0.062385,-0.01183197,0.0,0 STARLINK-5120,1 53982U 22125U   22339.58335648 -.01183197  00000-0 -62385-1 0  9997,2 53982  53.2171 156.8664 0001255  81.1357 315.7628 15.18076853  1302,6889.79,94.857,512.52,510.791,0.0
53982.0,STARLINK-5120,PAYLOAD,2022-12-05 22:00:01,15.17235925,0.0001262,53.2174,155.3503,71.6351,347.4432,-0.061712,-0.01145449,0.0,0 STARLINK-5120,1 53982U 22125U   22339.91668981 -.01145449  00000-0 -61712-1 0  9994,2 53982  53.2174 155.3503 0001262  71.6351 347.4432 15.17235925  9913,6892.3359999999975,94.909,515.071,513.331,0.0
53982.0,STARLINK-5120,PAYLOAD,2022-12-06 14:00:01,15.15634427,0.0001385,53.2171,152.3216,81.2081,19.2587,-0.066849,-0.0118192,0.0,0 STARLINK-5120,1 53982U 22125U   22340.58335648 -.01181920  00000-0 -66849-1 0  9990,2 53982  53.2171 152.3216 0001385  81.2081  19.2587 15.15634427  1309,6897.19,95.01,520.01,518.1,0.0
53982.0,STARLINK-5120,PAYLOAD,2022-12-06 22:00:00,15.14829769,0.0001257,53.2172,150.8124,80.6936,38.9369,-0.069046,-0.01192146,0.0,0 STARLINK-5120,1 53982U 22125U   22340.91667824 -.01192146  00000-0 -69046-1 0  9995,2 53982  53.2172 150.8124 0001257  80.6936  38.9369 15.14829769 10064,6899.632,95.06,522.365,520.63,0.0
53982.0,STARLINK-5120,PAYLOAD,2022-12-07 22:00:00,15.12230114,0.0001438,53.2174,146.2902,83.8736,87.6687,-0.059652,-0.00961324,0.0,0 STARLINK-5120,1 53982U 22125U   22341.91667824 -.00961324  00000-0 -59652-1 0  9999,2 53982  53.2174 146.2902 0001438  83.8736  87.6687 15.12230114 10212,6907.538000000001,95.224,530.396,528.409,0.0
53982.0,STARLINK-5120,PAYLOAD,2022-12-08 00:00:00,15.12141611,0.0001301,53.217,145.9134,90.8513,174.5564,-0.070425,-0.01132011,0.0,0 STARLINK-5120,1 53982U 22125U   22342.00001157 -.01132011  00000-0 -70425-1 0  9996,2 53982  53.2170 145.9134 0001301  90.8513 174.5564 15.12141611  1304,6907.807,95.229,530.571,528.773,0.0
53982.0,STARLINK-5120,PAYLOAD,2022-12-08 06:00:00,15.11539482,0.0001406999999999,53.2174,144.7837,89.4919,97.3139,-0.072459,-0.01144233,0.0,0 STARLINK-5120,1 53982U 22125U   22342.25001157 -.01144233  00000-0 -72459-1 0  9991,2 53982  53.2174 144.7837 0001407  89.4919  97.3139 15.11539482 10267,6909.641,95.267,532.479,530.534,0.0
53982.0,STARLINK-5120,PAYLOAD,2022-12-08 14:00:01,15.10788303,0.0001481,53.2175,143.2834,92.3473,108.7708,-0.080033,-0.01229868,0.0,0 STARLINK-5120,1 53982U 22125U   22342.58334491 -.01229868  00000-0 -80033-1 0  9992,2 53982  53.2175 143.2834 0001481  92.3473 108.7708 15.10788303  1300,6911.932,95.314,534.82,532.773,0.0
53982.0,STARLINK-5120,PAYLOAD,2022-12-08 19:28:42,15.12485752,0.0004101,53.2192,142.2746,253.6711,106.3832,-0.016121,-0.00273621,0.0,0 STARLINK-5120,1 53982U 22125U   22342.81160383 -.00273621  00000-0 -16121-1 0  9997,2 53982  53.2192 142.2746 0004101 253.6711 106.3832 15.12485752 10271,6906.759,95.208,531.457,525.7919999999998,0.0
53982.0,STARLINK-5120,PAYLOAD,2022-12-09 06:00:02,15.09040388,0.0001505,53.2174,140.2844,80.7,146.2818,-0.019192,-0.00295049,0.0,0 STARLINK-5120,1 53982U 22125U   22343.25002315 -.00295049  00000-0 -19192-1 0  9995,2 53982  53.2174 140.2844 0001505  80.7000 146.2818 15.09040388 10414,6917.268,95.425,540.174,538.092,0.0
53982.0,STARLINK-5120,PAYLOAD,2022-12-09 14:00:01,15.08853634,0.000111,53.2174,138.7963,85.4505,153.042,-0.0011488,-0.00018531,0.0,0 STARLINK-5120,1 53982U 22125U   22343.58334491 -.00018531  00000-0 -11488-2 0  9994,2 53982  53.2174 138.7963 0001110  85.4505 153.0420 15.08853634  1300,6917.839,95.437,540.472,538.936,0.0
53982.0,STARLINK-5120,PAYLOAD,2022-12-09 22:00:00,15.088286800000002,0.000113,53.217,137.30100000000002,74.5615,175.5374,0.0026762,0.00042548,0.0,0 STARLINK-5120,1 53982U 22125U   22343.91667824  .00042548  00000-0  26762-2 0  9994,2 53982  53.2170 137.3010 0001130  74.5615 175.5374 15.08828680 10510,6917.915,95.438,540.562,538.998,0.0
53982.0,STARLINK-5120,PAYLOAD,2022-12-10 14:00:01,15.08811424,0.0001296999999999,53.2174,134.3073,83.9994,189.3021,0.00054773,8.433e-05,0.0,0 STARLINK-5120,1 53982U 22125U   22344.58334491  .00008433  00000-0  54773-3 0  9998,2 53982  53.2174 134.3073 0001297  83.9994 189.3021 15.08811424 10619,6917.968000000003,95.439,540.73,538.935,0.0
53982.0,STARLINK-5120,PAYLOAD,2022-12-11 00:00:00,15.08844628,0.0001217,53.2168,132.4377,76.3543,301.393,-0.00095392,-0.00015439,0.0,0 STARLINK-5120,1 53982U 22125U   22345.00001157 -.00015439  00000-0 -95392-3 0  9994,2 53982  53.2168 132.4377 0001217  76.3543 301.3930 15.08844628  1309,6917.866,95.437,540.573,538.889,0.0
53982.0,STARLINK-5120,PAYLOAD,2022-12-11 14:00:01,15.0885402,0.0001274999999999,53.2172,129.8191,82.4582,225.5668,-0.001443,-0.00023188,0.0,0 STARLINK-5120,1 53982U 22125U   22345.58334491 -.00023188  00000-0 -14430-2 0  9990,2 53982  53.2172 129.8191 0001275  82.4582 225.5668 15.08854020  1305,6917.8380000000025,95.437,540.585,538.821,0.0
53982.0,STARLINK-5120,PAYLOAD,2022-12-11 22:00:01,15.0884661,0.0001238,53.2168,128.3224,72.7278,246.9806,0.0015939,0.00025175,0.0,0 STARLINK-5120,1 53982U 22125U   22345.91668981  .00025175  00000-0  15939-2 0  9992,2 53982  53.2168 128.3224 0001238  72.7278 246.9806 15.08846610 10828,6917.86,95.437,540.582,538.869,0.0
53982.0,STARLINK-5120,PAYLOAD,2022-12-12 14:00:01,15.08862445,0.0001365,53.2175,125.3294,78.0252,264.8673,-0.0012842,-0.0002068,0.0,0 STARLINK-5120,1 53982U 22125U   22346.58334491 -.00020680  00000-0 -12842-2 0  9990,2 53982  53.2175 125.3294 0001365  78.0252 264.8673 15.08862445 10928,6917.812,95.436,540.621,538.7330000000002,0.0
53982.0,STARLINK-5120,PAYLOAD,2022-12-12 22:00:00,15.08854905,0.0001313,53.2172,123.8345,69.6671,284.8375,-0.0012949,-0.00020845,0.0,0 STARLINK-5120,1 53982U 22125U   22346.91667824 -.00020845  00000-0 -12949-2 0  9997,2 53982  53.2172 123.8345 0001313  69.6671 284.8375 15.08854905  1304,6917.835,95.437,540.6080000000002,538.7919999999998,0.0
53982.0,STARLINK-5120,PAYLOAD,2022-12-13 14:00:01,15.08836942,0.0001385999999999,53.2174,120.8321,81.4066,296.3206,3.0649e-06,-2.39e-06,0.0,0 STARLINK-5120,1 53982U 22125U   22347.58334491 -.00000239  00000-0  30649-5 0  9996,2 53982  53.2174 120.8321 0001386  81.4066 296.3206 15.08836942 11074,6917.89,95.438,540.714,538.7959999999998,0.0
53982.0,STARLINK-5120,PAYLOAD,2022-12-13 16:00:00,15.08838296,0.0001409,53.2173,120.4584,81.3176,29.3071,-0.00019716,-3.424e-05,0.0,0 STARLINK-5120,1 53982U 22125U   22347.66667824 -.00003424  00000-0 -19716-3 0  9994,2 53982  53.2173 120.4584 0001409  81.3176  29.3071 15.08838296  1300,6917.886,95.438,540.725,538.776,0.0
53982.0,STARLINK-5120,PAYLOAD,2022-12-14 12:10:44,15.08847546,0.0001601,53.2175,116.6922,77.7399,282.3772,-6.4719e-05,-1.318e-05,0.0,0 STARLINK-5120,1 53982U 22125U   22348.50746382 -.00001318  00000-0 -64719-4 0  9999,2 53982  53.2175 116.6922 0001601  77.7399 282.3772 15.08847546 11134,6917.857,95.437,540.83,538.615,0.0
53982.0,STARLINK-5120,PAYLOAD,2022-12-14 15:21:30,15.08850906,0.0001418,53.2178,116.098,73.1412,286.9736,-4.5728e-05,-1.016e-05,0.0,0 STARLINK-5120,1 53982U 22125U   22348.63993975 -.00001016  00000-0 -45728-4 0  9999,2 53982  53.2178 116.0980 0001418  73.1412 286.9736 15.08850906 11232,6917.847,95.437,540.693,538.731,0.0
53982.0,STARLINK-5120,PAYLOAD,2022-12-15 08:50:45,15.08838692,0.0001412,53.2187,112.8262,76.5737,283.5412,-8.1773e-05,-1.589e-05,0.0,0 STARLINK-5120,1 53982U 22125U   22349.36858612 -.00001589  00000-0 -81773-4 0  9993,2 53982  53.2187 112.8262 0001412  76.5737 283.5412 15.08838692 11344,6917.884,95.438,540.726,538.773,0.0
53982.0,STARLINK-5120,PAYLOAD,2022-12-15 13:36:55,15.088385,0.0001261,53.2188,111.9345,73.111,287.002,-3.5919e-05,-8.59e-06,0.0,0 STARLINK-5120,1 53982U 22125U   22349.56730479 -.00000859  00000-0 -35919-4 0  9995,2 53982  53.2188 111.9345 0001261  73.1110 287.0020 15.08838500 11293,6917.885,95.438,540.622,538.878,0.0
53982.0,STARLINK-5120,PAYLOAD,2022-12-15 18:23:04,15.08841281,0.0001315,53.2191,111.0429,68.8654,291.2479,-1.0279e-05,-4.51e-06,0.0,0 STARLINK-5120,1 53982U 22125U   22349.76602218 -.00000451  00000-0 -10279-4 0  9996,2 53982  53.2191 111.0429 0001315  68.8654 291.2479 15.08841281 11324,6917.876,95.437,540.651,538.832,0.0
53982.0,STARLINK-5120,PAYLOAD,2022-12-16 00:44:36,15.08847565,0.0001171,53.2191,109.8536,63.1882,296.923,3.6496e-05,2.93e-06,0.0,0 STARLINK-5120,1 53982U 22125U   22350.03097558  .00000293  00000-0  36496-4 0  9994,2 53982  53.2191 109.8536 0001171  63.1882 296.9230 15.08847565 11440,6917.857,95.437,540.5319999999998,538.9119999999998,0.0
53982.0,STARLINK-5120,PAYLOAD,2022-12-16 13:27:41,15.08844115,0.0001234,53.2199,107.4743,68.2568,291.8555,-5.1459e-05,-1.107e-05,0.0,0 STARLINK-5120,1 53982U 22125U   22350.56089929 -.00001107  00000-0 -51459-4 0  9998,2 53982  53.2199 107.4743 0001234  68.2568 291.8555 15.08844115 11441,6917.868,95.437,540.586,538.879,0.0
53982.0,STARLINK-5120,PAYLOAD,2022-12-16 18:13:51,15.08836275,0.0001338,53.2191,106.5832,69.0593,291.0542,-9.1993e-05,-1.752e-05,0.0,0 STARLINK-5120,1 53982U 22125U   22350.75962618 -.00001752  00000-0 -91993-4 0  9997,2 53982  53.2191 106.5832 0001338  69.0593 291.0542 15.08836275 11552,6917.892,95.438,540.682,538.831,0.0
53982.0,STARLINK-5120,PAYLOAD,2022-12-16 19:49:14,15.08836681,0.0001299,53.219,106.2857,70.4798,289.6335,-8.733100000000001e-05,-1.677e-05,0.0,0 STARLINK-5120,1 53982U 22125U   22350.82586555 -.00001677  00000-0 -87331-4 0  9994,2 53982  53.2190 106.2857 0001299  70.4798 289.6335 15.08836681 11480,6917.891,95.438,540.654,538.857,0.0
53982.0,STARLINK-5120,PAYLOAD,2022-12-17 13:18:29,15.08832786,0.0001421,53.2198,103.0148,70.8187,289.2959,-3.2507e-05,-8.05e-06,0.0,0 STARLINK-5120,1 53982U 22125U   22351.55450882 -.00000805  00000-0 -32507-4 0  9995,2 53982  53.2198 103.0148 0001421  70.8187 289.2959 15.08832786 11591,6917.901999999999,95.438,540.75,538.784,0.0
53982.0,STARLINK-5120,PAYLOAD,2022-12-17 18:04:38,15.08834404,0.000144,53.22,102.1226,68.0641,292.0504,-2.0811e-05,-6.19e-06,0.0,0 STARLINK-5120,1 53982U 22125U   22351.75322810 -.00000619  00000-0 -20811-4 0  9994,2 53982  53.2200 102.1226 0001440  68.0641 292.0504 15.08834404 11628,6917.897,95.438,540.759,538.766,0.0
53982.0,STARLINK-5120,PAYLOAD,2022-12-18 00:26:10,15.088432699999998,0.0001423,53.2197,100.9335,68.889,291.2254,1.3761e-05,-6.9e-07,0.0,0 STARLINK-5120,1 53982U 22125U   22352.01818163 -.00000069  00000-0  13761-4 0  9999,2 53982  53.2197 100.9335 0001423  68.8890 291.2254 15.08843270 11742,6917.87,95.437,540.72,538.751,0.0
53982.0,STARLINK-5120,PAYLOAD,2022-12-18 08:23:07,15.08833834,0.0001349,53.22,99.4469,63.2823,296.8308,-5.4998e-05,-1.163e-05,0.0,0 STARLINK-5120,1 53982U 22125U   22352.34938943 -.00001163  00000-0 -54998-4 0  9998,2 53982  53.2200  99.4469 0001349  63.2823 296.8308 15.08833834 11790,6917.899,95.438,540.697,538.831,0.0
53982.0,STARLINK-5120,PAYLOAD,2022-12-18 11:33:53,15.08839494,0.0001646,53.2202,98.8521,70.8322,289.2849,-9.8605e-05,-1.857e-05,0.0,0 STARLINK-5120,1 53982U 22125U   22352.48186839 -.00001857  00000-0 -98605-4 0  9995,2 53982  53.2202  98.8521 0001646  70.8322 289.2849 15.08839494 11730,6917.882,95.438,540.886,538.6080000000002,0.0
53982.0,STARLINK-5120,PAYLOAD,2022-12-18 14:44:39,15.08834247,0.0001401,53.2199,98.2575,72.403,287.7115,-8.6511e-07,-3.02e-06,0.0,0 STARLINK-5120,1 53982U 22125U   22352.61434794 -.00000302  00000-0 -86511-6 0  9995,2 53982  53.2199  98.2575 0001401  72.4030 287.7115 15.08834247 11753,6917.898,95.438,540.732,538.794,0.0
53982.0,STARLINK-5120,PAYLOAD,2022-12-19 08:13:54,15.08838192,0.0001489,53.2199,94.9867,65.2718,294.8428,3.5521e-05,2.77e-06,0.0,0 STARLINK-5120,1 53982U 22125U   22353.34298663  .00000277  00000-0  35521-4 0  9991,2 53982  53.2199  94.9867 0001489  65.2718 294.8428 15.08838192 11949,6917.886,95.438,540.781,538.721,0.0
53982.0,STARLINK-5120,PAYLOAD,2022-12-19 14:35:26,15.08844259,0.0001479,53.2203,93.7976,67.4223,292.6925,9.3566e-05,1.202e-05,0.0,0 STARLINK-5120,1 53982U 22125U   22353.60794073  .00001202  00000-0  93566-4 0  9998,2 53982  53.2203  93.7976 0001479  67.4223 292.6925 15.08844259 11980,6917.8669999999975,95.437,540.756,538.7090000000002,0.0
53982.0,STARLINK-5120,PAYLOAD,2022-12-20 00:07:43,15.0885858,0.0001479,53.22,92.0128,64.2085,295.9059,0.00017872,2.559e-05,0.0,0 STARLINK-5120,1 53982U 22125U   22354.00536567  .00002559  00000-0  17872-3 0  9996,2 53982  53.2200  92.0128 0001479  64.2085 295.9059 15.08858580 12043,6917.824000000001,95.436,540.712,538.665,0.0
53982.0,STARLINK-5120,PAYLOAD,2022-12-20 11:15:26,15.08848012,0.0001798,53.2204,89.9307,69.7283,290.3902,0.00010076,1.316e-05,0.0,0 STARLINK-5120,1 53982U 22125U   22354.46905195  .00001316  00000-0  10076-3 0  9992,2 53982  53.2204  89.9307 0001798  69.7283 290.3902 15.08848012 12039,6917.856,95.437,540.965,538.477,0.0
53982.0,STARLINK-5120,PAYLOAD,2022-12-20 16:01:35,15.08844494,0.0001457,53.2198,89.0392,66.1427,293.9718,5.0192e-05,5.11e-06,0.0,0 STARLINK-5120,1 53982U 22125U   22354.66777405  .00000511  00000-0  50192-4 0  9995,2 53982  53.2198  89.0392 0001457  66.1427 293.9718 15.08844494 12145,6917.8669999999975,95.437,540.74,538.724,0.0
53982.0,STARLINK-5120,PAYLOAD,2022-12-21 06:20:04,15.088227599999998,0.0001066,53.2221,86.3608,97.9889,262.1225,2.0973e-05,4.6e-07,0.0,0 STARLINK-5120,1 53982U 22125U   22355.26394664  .00000046  00000-0  20973-4 0  9991,2 53982  53.2221  86.3608 0001066  97.9889 262.1225 15.08822760 12235,6917.933000000001,95.439,540.536,539.061,0.0
53982.0,STARLINK-5120,PAYLOAD,2022-12-21 12:41:38,15.08825505,0.0001575,53.2204,85.1745,59.6242,300.4906,-0.0001189,-2.179e-05,0.0,0 STARLINK-5120,1 53982U 22125U   22355.52891485 -.00002179  00000-0 -11890-3 0  9991,2 53982  53.2204  85.1745 0001575  59.6242 300.4906 15.08825505 12195,6917.925,95.438,540.879,538.7,0.0
53982.0,STARLINK-5120,PAYLOAD,2022-12-22 06:10:52,15.08834703,0.0001505,53.2201,81.9033,55.0167,305.0967,-9.5084e-05,-1.801e-05,0.0,0 STARLINK-5120,1 53982U 22125U   22356.25754910 -.00001801  00000-0 -95084-4 0  9992,2 53982  53.2201  81.9033 0001505  55.0167 305.0967 15.08834703 12384,6917.897,95.438,540.803,538.72,0.0
53982.0,STARLINK-5120,PAYLOAD,2022-12-22 12:32:24,15.08843032,0.0001471,53.2201,80.7135,59.4751,300.6386,3.3955e-06,-2.34e-06,0.0,0 STARLINK-5120,1 53982U 22125U   22356.52250052 -.00000234  00000-0  33955-5 0  9998,2 53982  53.2201  80.7135 0001471  59.4751 300.6386 15.08843032 12340,6917.871,95.437,540.754,538.719,0.0
53982.0,STARLINK-5120,PAYLOAD,2022-12-22 15:43:10,15.08839862,0.0001519,53.2204,80.1194,66.0656,294.0495,1.6865e-05,-2e-07,0.0,0 STARLINK-5120,1 53982U 22125U   22356.65498212 -.00000020  00000-0  16865-4 0  9997,2 53982  53.2204  80.1194 0001519  66.0656 294.0495 15.08839862 12447,6917.880999999999,95.438,540.797,538.695,0.0
53982.0,STARLINK-5120,PAYLOAD,2022-12-23 06:01:39,15.0882018,0.0001594,53.2197,77.4429,62.1951,297.9203,0.00010293,1.35e-05,0.0,0 STARLINK-5120,1 53982U 22125U   22357.25115419  .00001350  00000-0  10293-3 0  9993,2 53982  53.2197  77.4429 0001594  62.1951 297.9203 15.08820180 12538,6917.941,95.439,540.909,538.703,0.0
53982.0,STARLINK-5120,PAYLOAD,2022-12-23 13:58:35,15.08823273,0.0001538,53.2197,75.9561,56.7638,303.3502,0.00010307,1.352e-05,0.0,0 STARLINK-5120,1 53982U 22125U   22357.58235600  .00001352  00000-0  10307-3 0  9992,2 53982  53.2197  75.9561 0001538  56.7638 303.3502 15.08823273 12504,6917.932,95.439,540.86,538.7330000000002,0.0
53982.0,STARLINK-5120,PAYLOAD,2022-12-24 12:13:59,15.08841725,0.0001623,53.22,71.7939,58.9122,301.2029,2.0606e-05,4e-07,0.0,0 STARLINK-5120,1 53982U 22125U   22358.50971370  .00000040  00000-0  20606-4 0  9993,2 53982  53.2200  71.7939 0001623  58.9122 301.2029 15.08841725 12647,6917.875,95.437,540.863,538.617,0.0
53982.0,STARLINK-5120,PAYLOAD,2022-12-24 15:24:45,15.08842137,0.0001631,53.2201,71.1995,57.5917,302.5232,1.8177e-05,1e-08,0.0,0 STARLINK-5120,1 53982U 22125U   22358.64219375  .00000001  00000-0  18177-4 0  9995,2 53982  53.2201  71.1995 0001631  57.5917 302.5232 15.08842137 12749,6917.874,95.437,540.867,538.611,0.0
53982.0,STARLINK-5120,PAYLOAD,2022-12-24 21:46:18,15.08835054,0.0001498,53.2195,70.0091,48.6931,311.4190000000001,8.9001e-07,-2.74e-06,0.0,0 STARLINK-5120,1 53982U 22125U   22358.90715918 -.00000274  00000-0  89001-6 0  9997,2 53982  53.2195  70.0091 0001498  48.6931 311.4190 15.08835054 12780,6917.896,95.438,540.797,538.724,0.0
53982.0,STARLINK-5120,PAYLOAD,2022-12-25 05:43:14,15.08834474,0.0001484,53.22,68.52199999999999,51.3334,308.7791,4.0048e-05,3.49e-06,0.0,0 STARLINK-5120,1 53982U 22125U   22359.23835946  .00000349  00000-0  40048-4 0  9996,2 53982  53.2200  68.5220 0001484  51.3334 308.7791 15.08834474 12754,6917.897,95.438,540.789,538.736,0.0
53982.0,STARLINK-5120,PAYLOAD,2022-12-25 21:37:05,15.08835252,0.0001392,53.2198,65.5494,49.9634,310.148,3.9378e-05,3.39e-06,0.0,0 STARLINK-5120,1 53982U 22125U   22359.90076185  .00000339  00000-0  39378-4 0  9995,2 53982  53.2198  65.5494 0001392  49.9634 310.1480 15.08835252 12852,6917.895,95.438,540.7230000000002,538.797,0.0
53982.0,STARLINK-5120,PAYLOAD,2022-12-26 16:41:43,15.08844823,0.0001329,53.2197,61.9816,44.194,315.9159,-7.657100000000001e-05,-1.506e-05,0.0,0 STARLINK-5120,1 53982U 22125U   22360.69564046 -.00001506  00000-0 -76571-4 0  9996,2 53982  53.2197  61.9816 0001329  44.1940 315.9159 15.08844823 13059,6917.866,95.437,540.65,538.811,0.0
53982.0,STARLINK-5120,PAYLOAD,2022-12-26 21:27:52,15.08854101,0.0001307,53.2196,61.0898,49.2922,310.8184,-7.6423e-05,-1.504e-05,0.0,0 STARLINK-5120,1 53982U 22125U   22360.89435448 -.00001504  00000-0 -76423-4 0  9995,2 53982  53.2196  61.0898 0001307  49.2922 310.8184 15.08854101 13086,6917.837,95.437,540.606,538.798,0.0
53982.0,STARLINK-5120,PAYLOAD,2022-12-27 10:10:56,15.08847407,0.0001154,53.2204,58.7117,30.493,329.6129,0.0001296,1.776e-05,0.0,0 STARLINK-5120,1 53982U 22125U   22361.42426803  .00001776  00000-0  12960-3 0  9994,2 53982  53.2204  58.7117 0001154  30.4930 329.6129 15.08847407 13082,6917.858,95.437,540.521,538.924,0.0
53982.0,STARLINK-5120,PAYLOAD,2022-12-28 03:40:10,15.08855106,0.0001585999999999,53.2199,55.44,56.7456,303.3688,0.00010787,1.4300000000000004e-05,0.0,0 STARLINK-5120,1 53982U 22125U   22362.15289782  .00001430  00000-0  10787-3 0  9990,2 53982  53.2199  55.4400 0001586  56.7456 303.3688 15.08855106 13272,6917.834,95.437,540.7959999999998,538.602,0.0
53982.0,STARLINK-5120,PAYLOAD,2022-12-29 09:52:31,15.08837925,0.0002143,53.2218,49.7943,58.6673,301.4529,-0.00024771,-4.228e-05,0.0,0 STARLINK-5120,1 53982U 22125U   22363.41147982 -.00004228  00000-0 -24771-3 0  9993,2 53982  53.2218  49.7943 0002143  58.6673 301.4529 15.08837925 13467,6917.887,95.438,541.234,538.269,0.0
53982.0,STARLINK-5120,PAYLOAD,2022-12-29 14:38:41,15.08831459,0.0001515,53.22,48.8967,58.6682,301.4459,-0.00028025,-4.744e-05,0.0,0 STARLINK-5120,1 53982U 22125U   22363.61020648 -.00004744  00000-0 -28025-3 0  9993,2 53982  53.2200  48.8967 0001515  58.6682 301.4459 15.08831459 13497,6917.906,95.438,540.82,538.7230000000002,0.0
53982.0,STARLINK-5120,PAYLOAD,2022-12-30 09:43:18,15.08831734,0.0001659,53.2197,45.3313,47.3496,312.7636,1.4176e-06,-2.65e-06,0.0,0 STARLINK-5120,1 53982U 22125U   22364.40508078 -.00000265  00000-0  14176-5 0  9996,2 53982  53.2197  45.3313 0001659  47.3496 312.7636 15.08831734 13618,6917.906,95.438,540.918,538.623,0.0
53982.0,STARLINK-5120,PAYLOAD,2022-12-30 14:29:27,15.08850175,0.00016,53.2191,44.4384,54.1446,305.9695,-6.0379e-05,-1.249e-05,0.0,0 STARLINK-5120,1 53982U 22125U   22364.60379132 -.00001249  00000-0 -60379-4 0  9994,2 53982  53.2191  44.4384 0001600  54.1446 305.9695 15.08850175 13649,6917.849,95.437,540.821,538.607,0.0
53982.0,STARLINK-5120,PAYLOAD,2022-12-31 12:44:51,15.08841722,0.0001549,53.2191,40.2761,48.2371,311.8753,0.00018976,2.733e-05,0.0,0 STARLINK-5120,1 53982U 22125U   22365.53114760  .00002733  00000-0  18976-3 0  9993,2 53982  53.2191  40.2761 0001549  48.2371 311.8753 15.08841722 13701,6917.875,95.437,540.812,538.669,0.0
53982.0,STARLINK-5120,PAYLOAD,2022-12-31 19:06:24,15.08831048,0.0001733,53.2186,39.0857,51.1675,308.9472,0.00016929,2.407e-05,0.0,0 STARLINK-5120,1 53982U 22125U   22365.79611572  .00002407  00000-0  16929-3 0  9998,2 53982  53.2186  39.0857 0001733  51.1675 308.9472 15.08831048 13741,6917.908,95.438,540.972,538.5740000000002,0.0
53982.0,STARLINK-5120,PAYLOAD,2023-01-01 03:03:20,15.0882772,0.0001811999999999,53.2198,37.5987,52.0479,308.0677,4.557600000000001e-05,4.37e-06,0.0,0 STARLINK-5120,1 53982U 22125U   23001.12732352  .00000437  00000-0  45576-4 0  9995,2 53982  53.2198  37.5987 0001812  52.0479 308.0677 15.08827720 13875,6917.918000000002,95.438,541.036,538.529,0.0
53982.0,STARLINK-5120,PAYLOAD,2023-01-01 11:00:17,15.08820517,0.0001701,53.2193,36.1117,50.1004,310.0137,-0.00014231,-2.551e-05,0.0,0 STARLINK-5120,1 53982U 22125U   23001.45853694 -.00002551  00000-0 -14231-3 0  9998,2 53982  53.2193  36.1117 0001701  50.1004 310.0137 15.08820517 13927,6917.94,95.439,540.982,538.628,0.0
53982.0,STARLINK-5120,PAYLOAD,2023-01-01 18:57:13,15.08827508,0.0001721999999999,53.2197,34.6249,50.4594,309.655,-0.00012726,-2.312e-05,0.0,0 STARLINK-5120,1 53982U 22125U   23001.78973447 -.00002312  00000-0 -12726-3 0  9995,2 53982  53.2197  34.6249 0001722  50.4594 309.6550 15.08827508 13975,6917.919,95.438,540.975,538.592,0.0
53982.0,STARLINK-5120,PAYLOAD,2023-01-02 02:54:07,15.08842682,0.0001641,53.2191,33.1378,49.7416,310.372,-0.0001278,-2.322e-05,0.0,0 STARLINK-5120,1 53982U 22125U   23002.12092500 -.00002322  00000-0 -12780-3 0  9997,2 53982  53.2191  33.1378 0001641  49.7416 310.3720 15.08842682 14025,6917.871999999999,95.437,540.872,538.602,0.0
53982.0,STARLINK-5120,PAYLOAD,2023-01-02 12:26:26,15.08844579,0.0001675999999999,53.2195,31.354,51.834,308.2803,-3.1806999999999995e-05,-7.94e-06,0.0,0 STARLINK-5120,1 53982U 22125U   23002.51835977 -.00000794  00000-0 -31807-4 0  9996,2 53982  53.2195  31.3540 0001676  51.8340 308.2803 15.08844579 14001,6917.866,95.437,540.891,538.572,0.0
53982.0,STARLINK-5120,PAYLOAD,2023-01-02 18:47:59,15.08840967,0.0001646,53.2177,30.1637,45.8779,314.2348,-8.8942e-05,-1.703e-05,0.0,0 STARLINK-5120,1 53982U 22125U   23002.78332355 -.00001703  00000-0 -88942-4 0  9990,2 53982  53.2177  30.1637 0001646  45.8779 314.2348 15.08840967 14043,6917.877,95.437,540.881,538.604,0.0
53982.0,STARLINK-5120,PAYLOAD,2023-01-03 10:41:50,15.08829193,0.0001661,53.2179,27.1904,45.8192,314.2936,0.0001392,1.927e-05,0.0,0 STARLINK-5120,1 53982U 22125U   23003.44572515  .00001927  00000-0  13920-3 0  9997,2 53982  53.2179  27.1904 0001661  45.8192 314.2936 15.08829193 14225,6917.913000000001,95.438,540.927,538.629,0.0
53982.0,STARLINK-5120,PAYLOAD,2023-01-04 08:57:14,15.08839138,0.0001665,53.2185,23.0275,45.9549,314.1581,-5.9953e-06,-3.83e-06,0.0,0 STARLINK-5120,1 53982U 22125U   23004.37308798 -.00000383  00000-0 -59953-5 0  9995,2 53982  53.2185  23.0275 0001665  45.9549 314.1581 15.08839138 14280,6917.8830000000025,95.438,540.9,538.596,0.0
53982.0,STARLINK-5120,PAYLOAD,2023-01-04 18:29:32,15.08850743,0.0001669,53.22,21.2435,57.1401,302.9752,9.2437e-05,1.184e-05,0.0,0 STARLINK-5120,1 53982U 22125U   23004.77051539  .00001184  00000-0  92437-4 0  9998,2 53982  53.2200  21.2435 0001669  57.1401 302.9752 15.08850743 14428,6917.848000000001,95.437,540.867,538.558,0.0
53982.0,STARLINK-5120,PAYLOAD,2023-01-05 10:23:22,15.08858464,0.0001706,53.2187,18.2715,52.4813,307.6334,9.5078e-05,1.226e-05,0.0,0 STARLINK-5120,1 53982U 22125U   23005.43290503  .00001226  00000-0  95078-4 0  9999,2 53982  53.2187  18.2715 0001706  52.4813 307.6334 15.08858464 14444,6917.824000000001,95.436,540.869,538.509,0.0
53982.0,STARLINK-5120,PAYLOAD,2023-01-05 18:20:19,15.08848488,0.0001865,53.2181,16.7834,49.0536,311.0617,6.651e-05,7.71e-06,0.0,0 STARLINK-5120,1 53982U 22125U   23005.76410968  .00000771  00000-0  66510-4 0  9997,2 53982  53.2181  16.7834 0001865  49.0536 311.0617 15.08848488 14496,6917.854,95.437,541.01,538.429,0.0
53982.0,STARLINK-5120,PAYLOAD,2023-01-06 07:03:25,15.08828773,0.0001739,53.2195,14.4041,53.4538,306.6614,-6.2985e-05,-1.29e-05,0.0,0 STARLINK-5120,1 53982U 22125U   23006.29404667 -.00001290  00000-0 -62985-4 0  9996,2 53982  53.2195  14.4041 0001739  53.4538 306.6614 15.08828773 14657,6917.915,95.438,540.9830000000002,538.577,0.0
53982.0,STARLINK-5120,PAYLOAD,2023-01-06 11:49:35,15.08829929,0.0001568,53.22,13.513,41.432,318.6791,-0.0001669,-2.942e-05,0.0,0 STARLINK-5120,1 53982U 22125U   23006.49277029 -.00002942  00000-0 -16690-3 0  9994,2 53982  53.2200  13.5130 0001568  41.4320 318.6791 15.08829929 14607,6917.911,95.438,540.861,538.691,0.0
53982.0,STARLINK-5120,PAYLOAD,2023-01-07 06:54:12,15.08841536,0.0001822,53.2185,9.9443,48.6116,311.5032,-7.4853e-05,-1.479e-05,0.0,0 STARLINK-5120,1 53982U 22125U   23007.28764311 -.00001479  00000-0 -74853-4 0  9997,2 53982  53.2185   9.9443 0001822  48.6116 311.5032 15.08841536 14800,6917.876,95.437,541.001,538.48,0.0
53982.0,STARLINK-5120,PAYLOAD,2023-01-07 11:40:21,15.08841532,0.0001824,53.2185,9.0525,45.5706,314.5435,-9.6631e-05,-1.826e-05,0.0,0 STARLINK-5120,1 53982U 22125U   23007.48636432 -.00001826  00000-0 -96631-4 0  9995,2 53982  53.2185   9.0525 0001824  45.5706 314.5435 15.08841532 14755,6917.876,95.437,541.003,538.479,0.0
53982.0,STARLINK-5120,PAYLOAD,2023-01-08 01:58:51,15.08818144,0.0001710999999999,53.2182,6.3761,45.095,315.0181,-7.9961e-06,-4.15e-06,0.0,0 STARLINK-5120,1 53982U 22125U   23008.08253887 -.00000415  00000-0 -79961-5 0  9992,2 53982  53.2182   6.3761 0001711  45.0950 315.0181 15.08818144 14921,6917.946999999999,95.439,540.996,538.629,0.0
53982.0,STARLINK-5120,PAYLOAD,2023-01-08 06:45:00,15.08824869,0.0001764,53.2175,5.4844,46.7545,313.3594,5.0327e-05,5.13e-06,0.0,0 STARLINK-5120,1 53982U 22125U   23008.28125494  .00000513  00000-0  50327-4 0  9997,2 53982  53.2175   5.4844 0001764  46.7545 313.3594 15.08824869 14954,6917.927,95.439,541.012,538.571,0.0
53982.0,STARLINK-5120,PAYLOAD,2023-01-09 01:49:37,15.08841809,0.000154,53.2193,1.9141,27.3888,332.7185,7.4828e-05,9.03e-06,0.0,0 STARLINK-5120,1 53982U 22125U   23009.07612917  .00000903  00000-0  74828-4 0  9991,2 53982  53.2193   1.9141 0001540  27.3888 332.7185 15.08841809 15070,6917.875,95.437,540.805,538.675,0.0
53982.0,STARLINK-5120,PAYLOAD,2023-01-09 06:35:46,15.0884033,0.0002336,53.2164,1.0231,70.3754,289.7491,7.6166e-05,9.24e-06,0.0,0 STARLINK-5120,1 53982U 22125U   23009.27484893  .00000924  00000-0  76166-4 0  9993,2 53982  53.2164   1.0231 0002336  70.3754 289.7491 15.08840330 15027,6917.879,95.438,541.36,538.128,0.0
53982.0,STARLINK-5120,PAYLOAD,2023-01-10 03:15:47,15.08840903,0.0001754,53.2167,357.1553,42.2384,317.8743,2.0204e-05,3.3e-07,0.0,0 STARLINK-5120,1 53982U 22125U   23010.13597189  .00000033  00000-0  20204-4 0  9996,2 53982  53.2167 357.1553 0001754  42.2384 317.8743 15.08840903 15234,6917.8780000000015,95.437,540.956,538.529,0.0
53982.0,STARLINK-5120,PAYLOAD,2023-01-10 11:12:43,15.08836733,0.0001721999999999,53.2186,355.6703,51.3828,308.7318,-1.6772e-05,-5.55e-06,0.0,0 STARLINK-5120,1 53982U 22125U   23010.46717578 -.00000555  00000-0 -16772-4 0  9994,2 53982  53.2186 355.6703 0001722  51.3828 308.7318 15.08836733 15204,6917.89,95.438,540.947,538.564,0.0
53982.0,STARLINK-5120,PAYLOAD,2023-01-10 15:58:53,15.088354999999998,0.0001753,53.2184,354.7782,51.749,308.366,-7.758899999999999e-05,-1.523e-05,0.0,0 STARLINK-5120,1 53982U 22125U   23010.66589890 -.00001523  00000-0 -77589-4 0  9999,2 53982  53.2184 354.7782 0001753  51.7490 308.3660 15.08835500 15311,6917.894,95.438,540.972,538.5459999999998,0.0
53982.0,STARLINK-5120,PAYLOAD,2023-01-11 03:06:34,15.08845852,0.000179,53.2196,352.6983,50.2912,309.8238,3.2994e-05,2.37e-06,0.0,0 STARLINK-5120,1 53982U 22125U   23011.12956813  .00000237  00000-0  32994-4 0  9994,2 53982  53.2196 352.6983 0001790  50.2912 309.8238 15.08845852 15383,6917.863,95.437,540.966,538.489,0.0
53982.0,STARLINK-5120,PAYLOAD,2023-01-11 06:17:20,15.08851059,0.0001631999999999,53.2185,352.102,52.5802,307.5338,5.722100000000001e-05,6.23e-06,0.0,0 STARLINK-5120,1 53982U 22125U   23011.26204256  .00000623  00000-0  57221-4 0  9995,2 53982  53.2185 352.1020 0001632  52.5802 307.5338 15.08851059 15322,6917.847,95.437,540.841,538.5830000000002,0.0
53982.0,STARLINK-5120,PAYLOAD,2023-01-11 22:11:11,15.08842234,0.0001564,53.2175,349.1284,54.9136,305.2003,6.2892e-05,7.13e-06,0.0,0 STARLINK-5120,1 53982U 22125U   23011.92444412  .00000713  00000-0  62892-4 0  9998,2 53982  53.2175 349.1284 0001564  54.9136 305.2003 15.08842234 15429,6917.874,95.437,540.821,538.6569999999998,0.0
53982.0,STARLINK-5120,PAYLOAD,2023-01-12 04:32:44,15.08848788,0.0001615,53.2175,347.9405,56.96100000000001,303.1537,6.6673e-05,7.73e-06,0.0,0 STARLINK-5120,1 53982U 22125U   23012.18939909  .00000773  00000-0  66673-4 0  9994,2 53982  53.2175 347.9405 0001615  56.9610 303.1537 15.08848788 15548,6917.854,95.437,540.836,538.601,0.0
53982.0,STARLINK-5120,PAYLOAD,2023-01-12 15:40:26,15.08840836,0.0001730999999999,53.217,345.8594,45.9527,314.1607,-3.8515e-06,-3.49e-06,0.0,0 STARLINK-5120,1 53982U 22125U   23012.65308554 -.00000349  00000-0 -38515-5 0  9998,2 53982  53.2170 345.8594 0001731  45.9527 314.1607 15.08840836 15617,6917.8780000000015,95.438,540.94,538.545,0.0
53982.0,STARLINK-5120,PAYLOAD,2023-01-13 07:34:17,15.08854122,0.0001554,53.2175,342.8825,53.6368,306.4767,-2.7743e-05,-7.299999999999999e-06,0.0,0 STARLINK-5120,1 53982U 22125U   23013.31547512 -.00000730  00000-0 -27743-4 0  9995,2 53982  53.2175 342.8825 0001554  53.6368 306.4767 15.08854122 15713,6917.837,95.437,540.7769999999999,538.627,0.0
53982.0,STARLINK-5120,PAYLOAD,2023-01-13 21:52:46,15.08834181,0.0001649,53.2168,340.2103,44.0906,316.0217,-0.00010351,-1.935e-05,0.0,0 STARLINK-5120,1 53982U 22125U   23013.91164955 -.00001935  00000-0 -10351-3 0  9991,2 53982  53.2168 340.2103 0001649  44.0906 316.0217 15.08834181 15724,6917.898,95.438,540.904,538.622,0.0
53982.0,STARLINK-5120,PAYLOAD,2023-01-14 04:14:18,15.08842491,0.0001563,53.2168,339.0181,61.4201,298.6948,-5.3999e-05,-1.147e-05,0.0,0 STARLINK-5120,1 53982U 22125U   23014.17660258 -.00001147  00000-0 -53999-4 0  9998,2 53982  53.2168 339.0181 0001563  61.4201 298.6948 15.08842491 15844,6917.8730000000005,95.437,540.819,538.6569999999999,0.0
53982.0,STARLINK-5120,PAYLOAD,2023-01-15 04:05:07,15.0882318,0.0001889999999999,53.2179,334.5555,77.4152,282.7051,-0.00013969,-2.51e-05,0.0,0 STARLINK-5120,1 53982U 22125U   23015.17022399 -.00002510  00000-0 -13969-3 0  9994,2 53982  53.2179 334.5555 0001890  77.4152 282.7051 15.08823180 15995,6917.932,95.439,541.104,538.489,0.0
53982.0,STARLINK-5120,PAYLOAD,2023-01-15 07:15:53,15.08825009,0.0001504,53.2182,333.9614,68.801,291.3142,-0.00019215,-3.343e-05,0.0,0 STARLINK-5120,1 53982U 22125U   23015.30270617 -.00003343  00000-0 -19215-3 0  9992,2 53982  53.2182 333.9614 0001504  68.8010 291.3142 15.08825009 15930,6917.926,95.439,540.832,538.751,0.0
53982.0,STARLINK-5120,PAYLOAD,2023-01-16 03:55:51,15.08865582,0.000123,53.2178,330.0958,68.6575,291.4548,0.00027008,4.016e-05,0.0,0 STARLINK-5120,1 53982U 22125U   23016.16378781  .00004016  00000-0  27008-3 0  9993,2 53982  53.2178 330.0958 0001230  68.6575 291.4548 15.08865582 16149,6917.802,95.436,540.518,538.816,0.0
53982.0,STARLINK-5120,PAYLOAD,2023-01-16 19:49:47,15.0880288,0.0001984,53.2165,327.1265,76.4542,283.6671,-3.948e-05,-9.16e-06,0.0,0 STARLINK-5120,1 53982U 22125U   23016.82624169 -.00000916  00000-0 -39480-4 0  9995,2 53982  53.2165 327.1265 0001984  76.4542 283.6671 15.08802880 16243,6917.994000000001,95.44,541.231,538.486,0.0
53982.0,STARLINK-5120,PAYLOAD,2023-01-16 21:25:10,15.08821503,0.0001658,53.2157,326.8289,72.4618,287.6555,-0.00025075,-4.274e-05,0.0,0 STARLINK-5120,1 53982U 22125U   23016.89248245 -.00004274  00000-0 -25075-3 0  9994,2 53982  53.2157 326.8289 0001658  72.4618 287.6555 15.08821503 16174,6917.937,95.439,540.9490000000001,538.655,0.0
53982.0,STARLINK-5120,PAYLOAD,2023-01-17 13:19:01,15.08825917,0.0001137999999999,53.2174,323.8535,65.7222,294.3889,-7.5429e-05,-1.488e-05,0.0,0 STARLINK-5120,1 53982U 22125U   23017.55488157 -.00001488  00000-0 -75429-4 0  9999,2 53982  53.2174 323.8535 0001138  65.7222 294.3889 15.08825917 16272,6917.923000000001,95.438,540.576,539.001,0.0
53982.0,STARLINK-5120,PAYLOAD,2023-01-17 19:40:34,15.08828808,9.43e-05,53.2179,322.6631,66.6201,293.48900000000003,-5.7712e-05,-1.206e-05,0.0,0 STARLINK-5120,1 53982U 22125U   23017.81984011 -.00001206  00000-0 -57712-4 0  9991,2 53982  53.2179 322.6631 0000943  66.6201 293.4890 15.08828808 16310,6917.915,95.438,540.432,539.127,0.0
53982.0,STARLINK-5120,PAYLOAD,2023-01-18 02:02:05,15.08855995,0.0001376999999999,53.217,321.4755,71.2683,288.8458,-0.00010685,-1.989e-05,0.0,0 STARLINK-5120,1 53982U 22125U   23018.08478765 -.00001989  00000-0 -10685-3 0  9990,2 53982  53.2170 321.4755 0001377  71.2683 288.8458 15.08855995 16431,6917.831,95.437,540.649,538.744,0.0
53982.0,STARLINK-5120,PAYLOAD,2023-01-18 06:48:14,15.08866846,0.0001213,53.2167,320.5802,61.2599,298.8515,-3.9325e-05,-9.14e-06,0.0,0 STARLINK-5120,1 53982U 22125U   23018.28349596 -.00000914  00000-0 -39325-4 0  9991,2 53982  53.2167 320.5802 0001213  61.2599 298.8515 15.08866846 16469,6917.798000000001,95.436,540.502,538.8240000000001,0.0
53982.0,STARLINK-5120,PAYLOAD,2023-01-18 13:09:47,15.08857738,0.0001149,53.2158,319.3901,60.9818,299.1289,-9.7943e-05,-1.847e-05,0.0,0 STARLINK-5120,1 53982U 22125U   23018.54846088 -.00001847  00000-0 -97943-4 0  9994,2 53982  53.2158 319.3901 0001149  60.9818 299.1289 15.08857738 16421,6917.826,95.436,540.486,538.896,0.0
53982.0,STARLINK-5120,PAYLOAD,2023-01-19 01:52:52,15.08833078,0.0001289,53.2154,317.0108,62.651,297.4613,0.00026449,3.923e-05,0.0,0 STARLINK-5120,1 53982U 22125U   23019.07838751  .00003923  00000-0  26449-3 0  9998,2 53982  53.2154 317.0108 0001289  62.6510 297.4613 15.08833078 16584,6917.901999999999,95.438,540.658,538.875,0.0
53982.0,STARLINK-5120,PAYLOAD,2023-01-19 05:03:38,15.08847365,0.0001463,53.2159,316.4188,62.3809,297.7332,0.00034374,5.188e-05,0.0,0 STARLINK-5120,1 53982U 22125U   23019.21085667  .00005188  00000-0  34374-3 0  9995,2 53982  53.2159 316.4188 0001463  62.3809 297.7332 15.08847365 16600,6917.858,95.437,540.735,538.711,0.0
53982.0,STARLINK-5120,PAYLOAD,2023-01-19 19:22:08,15.08823736,9.44e-05,53.2165,313.7421,68.8619,291.2474,-3.66e-05,-8.7e-06,0.0,0 STARLINK-5120,1 53982U 22125U   23019.80704601 -.00000870  00000-0 -36600-4 0  9996,2 53982  53.2165 313.7421 0000944  68.8619 291.2474 15.08823736 16691,6917.93,95.439,540.448,539.1419999999999,0.0
53982.0,STARLINK-5120,PAYLOAD,2023-01-20 01:43:41,15.08832335,0.0001217999999999,53.2166,312.5547,70.3458,289.7666,-0.00011262,-2.079e-05,0.0,0 STARLINK-5120,1 53982U 22125U   23020.07200532 -.00002079  00000-0 -11262-3 0  9990,2 53982  53.2166 312.5547 0001218  70.3458 289.7666 15.08832335 16737,6917.904,95.438,540.611,538.9259999999999,0.0
53982.0,STARLINK-5120,PAYLOAD,2023-01-20 12:51:22,15.088451999999998,0.0001395,53.2142,310.4719,74.801,285.3137,-0.00016797,-2.961e-05,0.0,0 STARLINK-5120,1 53982U 22125U   23020.53567793 -.00002961  00000-0 -16797-3 0  9994,2 53982  53.2142 310.4719 0001395  74.8010 285.3137 15.08845200 16806,6917.8640000000005,95.437,540.695,538.764,0.0
53982.0,STARLINK-5120,PAYLOAD,2023-01-21 04:45:13,15.08855739,0.0001651,53.2158,307.4954,80.325,279.7929,-5.5425e-05,-1.17e-05,0.0,0 STARLINK-5120,1 53982U 22125U   23021.19806735 -.00001170  00000-0 -55425-4 0  9992,2 53982  53.2158 307.4954 0001651  80.3250 279.7929 15.08855739 16908,6917.831999999999,95.437,540.839,538.555,0.0
53982.0,STARLINK-5120,PAYLOAD,2023-01-22 03:00:37,15.08836294,0.0001635,53.2152,303.3318,90.2273,269.8906,6.1375e-05,6.89e-06,0.0,0 STARLINK-5120,1 53982U 22125U   23022.12543589  .00000689  00000-0  61375-4 0  9994,2 53982  53.2152 303.3318 0001635  90.2273 269.8906 15.08836294 17044,6917.892,95.438,540.888,538.626,0.0
53982.0,STARLINK-5120,PAYLOAD,2023-01-22 18:54:30,15.08822853,0.0001019,53.2152,300.3584,92.0677,268.0432,-4.943e-05,-1.074e-05,0.0,0 STARLINK-5120,1 53982U 22125U   23022.78784867 -.00001074  00000-0 -49430-4 0  9991,2 53982  53.2152 300.3584 0001019  92.0677 268.0432 15.08822853 17142,6917.933000000001,95.439,540.503,539.0930000000001,0.0
53982.0,STARLINK-5120,PAYLOAD,2023-01-23 02:51:24,15.0884174,0.000136,53.2172,298.8759,91.9174,268.1974,9.0557e-06,-1.44e-06,0.0,0 STARLINK-5120,1 53982U 22125U   23023.11903890 -.00000144  00000-0  90557-5 0  9991,2 53982  53.2172 298.8759 0001360  91.9174 268.1974 15.08841740 17191,6917.875,95.437,540.681,538.799,0.0
53982.0,STARLINK-5120,PAYLOAD,2023-01-24 04:17:34,15.08854412,0.0001729,53.2162,294.1148,86.3922,273.7268,-3.7851e-05,-8.91e-06,0.0,0 STARLINK-5120,1 53982U 22125U   23024.17887473 -.00000891  00000-0 -37851-4 0  9993,2 53982  53.2162 294.1148 0001729  86.3922 273.7268 15.08854412 17355,6917.835999999999,95.437,540.8969999999999,538.505,0.0
53982.0,STARLINK-5120,PAYLOAD,2023-01-25 02:32:59,15.08843167,0.0001254,53.2156,289.9511,96.186,263.9275,5.2103e-05,5.42e-06,0.0,0 STARLINK-5120,1 53982U 22125U   23025.10623942  .00000542  00000-0  52103-4 0  9994,2 53982  53.2156 289.9511 0001254  96.1860 263.9275 15.08843167 17496,6917.871,95.437,540.6030000000001,538.868,0.0
53982.0,STARLINK-5120,PAYLOAD,2023-01-25 10:29:55,15.08841393,0.0001151,53.2156,288.4647,98.2196,261.8926,-3.5311e-05,-8.5e-06,0.0,0 STARLINK-5120,1 53982U 22125U   23025.43744285 -.00000850  00000-0 -35311-4 0  9990,2 53982  53.2156 288.4647 0001151  98.2196 261.8926 15.08841393 17467,6917.876,95.437,540.5369999999999,538.945,0.0
53982.0,STARLINK-5120,PAYLOAD,2023-01-26 00:48:23,15.08844229,0.0001242999999999,53.2159,285.7884,93.8145,266.2989,-2.5431e-05,-6.93e-06,0.0,0 STARLINK-5120,1 53982U 22125U   23026.03360256 -.00000693  00000-0 -25431-4 0  9996,2 53982  53.2159 285.7884 0001243  93.8145 266.2989 15.08844229 17559,6917.866999999999,95.437,540.592,538.873,0.0
53982.0,STARLINK-5120,PAYLOAD,2023-01-27 02:14:32,15.08847651,0.0001155,53.2155,281.0287,85.8895,274.2229,3.5037e-05,2.7000000000000004e-06,0.0,0 STARLINK-5120,1 53982U 22125U   23027.09343739  .00000270  00000-0  35037-4 0  9992,2 53982  53.2155 281.0287 0001155  85.8895 274.2229 15.08847651 17790,6917.857,95.437,540.521,538.923,0.0
53982.0,STARLINK-5120,PAYLOAD,2023-01-27 21:19:11,15.08833828,0.0001185,53.2156,277.4597,93.821,266.2918,-8.2314e-06,-4.19e-06,0.0,0 STARLINK-5120,1 53982U 22125U   23027.88832812 -.00000419  00000-0 -82314-5 0  9992,2 53982  53.2156 277.4597 0001185  93.8210 266.2918 15.08833828 17839,6917.899,95.438,540.5840000000001,538.944,0.0
53982.0,STARLINK-5120,PAYLOAD,2023-01-28 02:05:20,15.08843382,0.0001184,53.2153,276.5681,90.8164,269.2964,-2.1566e-05,-6.31e-06,0.0,0 STARLINK-5120,1 53982U 22125U   23028.08704269 -.00000631  00000-0 -21566-4 0  9996,2 53982  53.2153 276.5681 0001184  90.8164 269.2964 15.08843382 17946,6917.87,95.437,540.554,538.9159999999999,0.0
53982.0,STARLINK-5120,PAYLOAD,2023-01-28 21:09:58,15.08844021,0.0001218,53.2142,273.0014,86.3928,273.7204,1.5325e-06,-2.63e-06,0.0,0 STARLINK-5120,1 53982U 22125U   23028.88192200 -.00000263  00000-0  15325-5 0  9997,2 53982  53.2142 273.0014 0001218  86.3928 273.7204 15.08844021 17984,6917.868,95.437,540.576,538.891,0.0
53982.0,STARLINK-5120,PAYLOAD,2023-01-29 22:36:09,15.08835072,0.0001276,53.2139,268.245,79.0919,281.0217,-5.6198e-05,-1.182e-05,0.0,0 STARLINK-5120,1 53982U 22125U   23029.94177106 -.00001182  00000-0 -56198-4 0  9997,2 53982  53.2139 268.2450 0001276  79.0919 281.0217 15.08835072 18144,6917.895,95.438,540.643,538.878,0.0
53982.0,STARLINK-5120,PAYLOAD,2023-01-30 14:30:00,15.0883643,0.0001244,53.214,265.2704,80.6694,279.4439,1.1804e-05,-1e-06,0.0,0 STARLINK-5120,1 53982U 22125U   23030.60416818 -.00000100  00000-0  11804-4 0  9991,2 53982  53.2140 265.2704 0001244  80.6694 279.4439 15.08836430 18245,6917.891,95.438,540.617,538.896,0.0
53982.0,STARLINK-5120,PAYLOAD,2023-01-30 22:26:55,15.0884044,0.0001558,53.2138,263.7837,91.6063,268.5107,3.3539e-06,-2.35e-06,0.0,0 STARLINK-5120,1 53982U 22125U   23030.93536622 -.00000235  00000-0  33539-5 0  9992,2 53982  53.2138 263.7837 0001558  91.6063 268.5107 15.08840440 18294,6917.879,95.438,540.822,538.666,0.0
53982.0,STARLINK-5120,PAYLOAD,2023-01-31 14:20:47,15.08835652,0.0001326,53.2137,260.8095,79.0983,281.0158,3.0662e-05,2e-06,0.0,0 STARLINK-5120,1 53982U 22125U   23031.59776859  .00000200  00000-0  30662-4 0  9997,2 53982  53.2137 260.8095 0001326  79.0983 281.0158 15.08835652 18397,6917.894,95.438,540.676,538.841,0.0
53982.0,STARLINK-5120,PAYLOAD,2023-01-31 22:17:42,15.08839304,0.000131,53.2137,259.3226,79.1323,280.9816,5.6008e-05,6.04e-06,0.0,0 STARLINK-5120,1 53982U 22125U   23031.92896571  .00000604  00000-0  56008-4 0  9998,2 53982  53.2137 259.3226 0001310  79.1323 280.9816 15.08839304 18441,6917.883,95.438,540.654,538.841,0.0
53982.0,STARLINK-5120,PAYLOAD,2023-02-01 17:22:20,15.0883499,0.0001028,53.2135,255.7554,85.2394,274.8715,-5.3886e-05,-1.145e-05,0.0,0 STARLINK-5120,1 53982U 22125U   23032.72385367 -.00001145  00000-0 -53886-4 0  9997,2 53982  53.2135 255.7554 0001028  85.2394 274.8715 15.08834990 18643,6917.896,95.438,540.472,539.05,0.0
53982.0,STARLINK-5120,PAYLOAD,2023-02-03 13:53:08,15.08838841,0.0001312,53.2137,247.4275,78.1279,281.986,1.9454e-05,2.2e-07,0.0,0 STARLINK-5120,1 53982U 22125U   23034.57857185  .00000022  00000-0  19454-4 0  9998,2 53982  53.2137 247.4275 0001312  78.1279 281.9860 15.08838841 18843,6917.884,95.438,540.657,538.841,0.0
53982.0,STARLINK-5120,PAYLOAD,2023-02-03 17:03:54,15.08837689,0.0001314,53.2137,246.8327,78.1309,281.983,1.1074e-05,-1.12e-06,0.0,0 STARLINK-5120,1 53982U 22125U   23034.71105299 -.00000112  00000-0  11074-4 0  9997,2 53982  53.2137 246.8327 0001314  78.1309 281.9830 15.08837689 18947,6917.887,95.438,540.661,538.843,0.0
53982.0,STARLINK-5120,PAYLOAD,2023-02-04 08:57:46,15.08841715,0.0001208,53.2141,243.8573,97.9729,262.14,2.8809e-05,1.71e-06,0.0,0 STARLINK-5120,1 53982U 22125U   23035.37344961  .00000171  00000-0  28809-4 0  9999,2 53982  53.2141 243.8573 0001208  97.9729 262.1400 15.08841715 18960,6917.875,95.437,540.576,538.904,0.0
53982.0,STARLINK-5120,PAYLOAD,2023-02-04 20:05:27,15.08846959,0.0001304,53.2139,241.7759,90.4229,269.6912,6.4313e-05,7.36e-06,0.0,0 STARLINK-5120,1 53982U 22125U   23035.83712392  .00000736  00000-0  64313-4 0  9994,2 53982  53.2139 241.7759 0001304  90.4229 269.6912 15.08846959 19113,6917.859,95.437,540.626,538.822,0.0
53982.0,STARLINK-5120,PAYLOAD,2023-02-05 08:48:33,15.08840926,0.0001279,53.2138,239.3983,79.6938,280.4199,-5.4326e-06,-3.74e-06,0.0,0 STARLINK-5120,1 53982U 22125U   23036.36704905 -.00000374  00000-0 -54326-5 0  9998,2 53982  53.2138 239.3983 0001279  79.6938 280.4199 15.08840926 19195,6917.878,95.437,540.627,538.858,0.0
53982.0,STARLINK-5120,PAYLOAD,2023-02-05 19:56:15,15.08838968,0.0001166,53.2138,237.3154,86.6874,273.4251,-1.7751e-05,-5.7e-06,0.0,0 STARLINK-5120,1 53982U 22125U   23036.83072995 -.00000570  00000-0 -17751-4 0  9995,2 53982  53.2138 237.3154 0001166  86.6874 273.4251 15.08838968 19188,6917.884,95.438,540.555,538.942,0.0
53982.0,STARLINK-5120,PAYLOAD,2023-02-06 08:39:20,15.08838108,0.0001171,53.214,234.9371,88.634,271.4786,-2.5433e-05,-6.93e-06,0.0,0 STARLINK-5120,1 53982U 22125U   23037.36065069 -.00000693  00000-0 -25433-4 0  9990,2 53982  53.2140 234.9371 0001171  88.6340 271.4786 15.08838108 19267,6917.886,95.438,540.561,538.941,0.0
53982.0,STARLINK-5120,PAYLOAD,2023-02-06 19:47:02,15.08841194,0.0001148,53.2141,232.8552,88.6951,271.4173,-3.3534e-05,-8.21e-06,0.0,0 STARLINK-5120,1 53982U 22125U   23037.82432872 -.00000821  00000-0 -33534-4 0  9995,2 53982  53.2141 232.8552 0001148  88.6951 271.4173 15.08841194 19414,6917.877,95.437,540.536,538.948,0.0
53982.0,STARLINK-5120,PAYLOAD,2023-02-07 13:16:16,15.08833675,0.0001149,53.2137,229.5833,89.4683,270.644,1.9731e-05,2.6e-07,0.0,0 STARLINK-5120,1 53982U 22125U   23038.55297150  .00000026  00000-0  19731-4 0  9992,2 53982  53.2137 229.5833 0001149  89.4683 270.6440 15.08833675 19442,6917.9,95.438,540.56,538.97,0.0
53982.0,STARLINK-5120,PAYLOAD,2023-02-07 19:37:48,15.08837892,0.0001165,53.2137,228.3938,89.2769,270.8357,5.2328e-05,5.45e-06,0.0,0 STARLINK-5120,1 53982U 22125U   23038.81792824  .00000545  00000-0  52328-4 0  9994,2 53982  53.2137 228.3938 0001165  89.2769 270.8357 15.08837892 19484,6917.887,95.438,540.558,538.946,0.0
53982.0,STARLINK-5120,PAYLOAD,2023-02-08 05:10:07,15.08835966,0.0001132,53.2136,226.6096,87.094,273.0182,3.8035e-05,3.18e-06,0.0,0 STARLINK-5120,1 53982U 22125U   23039.21537031  .00000318  00000-0  38035-4 0  9993,2 53982  53.2136 226.6096 0001132  87.0940 273.0182 15.08835966 19627,6917.893,95.438,540.541,538.975,0.0
53982.0,STARLINK-5120,PAYLOAD,2023-02-08 17:53:13,15.08831954,0.0001131,53.2136,224.2307,95.4044,264.7077,-9.5428e-06,-4.4e-06,0.0,0 STARLINK-5120,1 53982U 22125U   23039.74529588 -.00000440  00000-0 -95428-5 0  9997,2 53982  53.2136 224.2307 0001131  95.4044 264.7077 15.08831954 19626,6917.905,95.438,540.552,538.988,0.0
53982.0,STARLINK-5120,PAYLOAD,2023-02-09 05:00:55,15.08839047,0.0001077,53.214,222.1491,84.0641,276.0474,-8.7051e-06,-4.26e-06,0.0,0 STARLINK-5120,1 53982U 22125U   23040.20897259 -.00000426  00000-0 -87051-5 0  9990,2 53982  53.2140 222.1491 0001077  84.0641 276.0474 15.08839047 19693,6917.883,95.438,540.493,539.003,0.0
53982.0,STARLINK-5120,PAYLOAD,2023-02-09 17:44:00,15.08829919,6.23e-05,53.2137,219.7715,42.9987,317.1053,-1.5322e-05,-5.31e-06,0.0,0 STARLINK-5120,1 53982U 22125U   23040.73890044 -.00000531  00000-0 -15322-4 0  9991,2 53982  53.2137 219.7715 0000623  42.9987 317.1053 15.08829919 19857,6917.911,95.438,540.207,539.345,0.0
53982.0,STARLINK-5120,PAYLOAD,2023-02-09 19:19:24,15.08833846,0.0001028,53.2142,219.4721,83.2377,276.8732,-4.5692e-05,-1.015e-05,0.0,0 STARLINK-5120,1 53982U 22125U   23040.80513962 -.00001015  00000-0 -45692-4 0  9991,2 53982  53.2142 219.4721 0001028  83.2377 276.8732 15.08833846 19789,6917.899,95.438,540.475,539.053,0.0
53982.0,STARLINK-5120,PAYLOAD,2023-02-10 04:51:42,15.08840824,9.02e-05,53.2136,217.6899,92.3272,267.7823,-3.042e-05,-7.72e-06,0.0,0 STARLINK-5120,1 53982U 22125U   23041.20257501 -.00000772  00000-0 -30420-4 0  9992,2 53982  53.2136 217.6899 0000902  92.3272 267.7823 15.08840824 19923,6917.878,95.438,540.367,539.119,0.0
53982.0,STARLINK-5120,PAYLOAD,2023-02-10 15:59:24,15.08836112,9.13e-05,53.2136,215.6083,76.3706,283.7388,7.5203e-05,9.09e-06,0.0,0 STARLINK-5120,1 53982U 22125U   23041.66625572  .00000909  00000-0  75203-4 0  9997,2 53982  53.2136 215.6083 0000913  76.3706 283.7388 15.08836112 19910,6917.892,95.438,540.389,539.126,0.0
53982.0,STARLINK-5120,PAYLOAD,2023-02-11 04:42:29,15.08841153,9.09e-05,53.214,213.2287,74.9282,285.1811,5.6203e-05,6.07e-06,0.0,0 STARLINK-5120,1 53982U 22125U   23042.19617298  .00000607  00000-0  56203-4 0  9996,2 53982  53.2140 213.2287 0000909  74.9282 285.1811 15.08841153 19999,6917.877,95.437,540.371,539.113,0.0
53982.0,STARLINK-5120,PAYLOAD,2023-02-11 20:36:21,15.08803145,9.28e-05,53.2148,210.2553,83.9208,276.189,0.00050307,7.72e-05,0.0,0 STARLINK-5120,1 53982U 22125U   23042.85858130  .00007720  00000-0  50307-3 0  9992,2 53982  53.2148 210.2553 0000928  83.9208 276.1890 15.08803145 20098,6917.993,95.44,540.5,539.216,0.0
53982.0,STARLINK-5120,PAYLOAD,2023-02-12 06:08:39,15.08838263,0.0001102,53.2132,208.4694,87.0931,273.0187,1.7901e-05,-3e-08,0.0,0 STARLINK-5120,1 53982U 22125U   23043.25601688 -.00000003  00000-0  17901-4 0  9993,2 53982  53.2132 208.4694 0001102  87.0931 273.0187 15.08838263 20239,6917.886,95.438,540.513,538.988,0.0
53982.0,STARLINK-5120,PAYLOAD,2023-02-12 12:30:12,15.08836691,0.0001024,53.2137,207.2786,94.6614,265.4495,-1.5611e-05,-5.36e-06,0.0,0 STARLINK-5120,1 53982U 22125U   23043.52097861 -.00000536  00000-0 -15611-4 0  9993,2 53982  53.2137 207.2786 0001024  94.6614 265.4495 15.08836691 20193,6917.891,95.438,540.464,539.047,0.0
53982.0,STARLINK-5120,PAYLOAD,2023-02-13 10:45:36,15.08834324,9.38e-05,53.2149,203.1152,95.6491,264.4608,3.2798e-06,-2.36e-06,0.0,0 STARLINK-5120,1 53982U 22125U   23044.44833941 -.00000236  00000-0  32798-5 0  9994,2 53982  53.2149 203.1152 0000938  95.6491 264.4608 15.08834324 20416,6917.898,95.438,540.412,539.114,0.0
53982.0,STARLINK-5120,PAYLOAD,2023-02-13 17:07:08,15.08839295,9.43e-05,53.2148,201.9261,95.6572,264.4528,4.4719e-05,4.24e-06,0.0,0 STARLINK-5120,1 53982U 22125U   23044.71329528  .00000424  00000-0  44719-4 0  9998,2 53982  53.2148 201.9261 0000943  95.6572 264.4528 15.08839295 20455,6917.883,95.438,540.4,539.095,0.0
53982.0,STARLINK-5120,PAYLOAD,2023-02-14 10:36:23,15.08835334,9.26e-05,53.215,198.6551,104.6959,255.4136,2.9867e-05,1.88e-06,0.0,0 STARLINK-5120,1 53982U 22125U   23045.44193848  .00000188  00000-0  29867-4 0  9997,2 53982  53.2150 198.6551 0000926 104.6959 255.4136 15.08835334 20481,6917.895,95.438,540.4,539.119,0.0
53982.0,STARLINK-5120,PAYLOAD,2023-02-15 10:27:10,15.08842139,9.43e-05,53.2153,194.1941,99.1981,260.9118,2.9641e-05,1.84e-06,0.0,0 STARLINK-5120,1 53982U 22125U   23046.43553436  .00000184  00000-0  29641-4 0  9996,2 53982  53.2153 194.1941 0000943  99.1981 260.9118 15.08842139 20718,6917.874,95.437,540.391,539.086,0.0
53982.0,STARLINK-5120,PAYLOAD,2023-02-15 13:37:56,15.08842609,0.0001041,53.2153,193.6001,98.5749,261.5362,4.6812e-05,4.57e-06,0.0,0 STARLINK-5120,1 53982U 22125U   23046.56801318  .00000457  00000-0  46812-4 0  9997,2 53982  53.2153 193.6001 0001041  98.5749 261.5362 15.08842609 20657,6917.872,95.437,540.458,539.017,0.0
53982.0,STARLINK-5120,PAYLOAD,2023-02-15 16:48:42,15.08846957,0.0001077,53.2155,193.007,92.336,267.7755,8.5258e-05,1.07e-05,0.0,0 STARLINK-5120,1 53982U 22125U   23046.70048902  .00001070  00000-0  85258-4 0  9994,2 53982  53.2155 193.0070 0001077  92.3360 267.7755 15.08846957 20675,6917.859,95.437,540.469,538.979,0.0
53982.0,STARLINK-5120,PAYLOAD,2023-02-16 13:28:43,15.08839073,0.0001129,53.215,189.1396,88.3414,271.7708,8.4797e-06,-1.53e-06,0.0,0 STARLINK-5120,1 53982U 22125U   23047.56161607 -.00000153  00000-0  84797-5 0  9997,2 53982  53.2150 189.1396 0001129  88.3414 271.7708 15.08839073 20809,6917.883,95.438,540.529,538.967,0.0
53982.0,STARLINK-5120,PAYLOAD,2023-02-17 08:33:21,15.08828133,0.0001242,53.2146,185.5724,101.9697,258.1435,-1.2837e-05,-4.92e-06,0.0,0 STARLINK-5120,1 53982U 22125U   23048.35650440 -.00000492  00000-0 -12837-4 0  9995,2 53982  53.2146 185.5724 0001242 101.9697 258.1435 15.08828133 21004,6917.917,95.438,540.641,538.922,0.0
53982.0,STARLINK-5120,PAYLOAD,2023-02-17 11:44:08,15.08826637,0.0001189,53.2148,184.9783,103.5331,256.5793,2.5698e-06,-2.47e-06,0.0,0 STARLINK-5120,1 53982U 22125U   23048.48898530 -.00000247  00000-0  25698-5 0  9990,2 53982  53.2148 184.9783 0001189 103.5331 256.5793 15.08826637 20945,6917.921,95.438,540.609,538.964,0.0
53982.0,STARLINK-5120,PAYLOAD,2023-02-18 14:45:42,15.08825634,0.0001005,53.2149,179.9232,72.8922,287.218,-5.4581e-06,-3.75e-06,0.0,0 STARLINK-5120,1 53982U 22125U   23049.61507422 -.00000375  00000-0 -54581-5 0  9999,2 53982  53.2149 179.9232 0001005  72.8922 287.2180 15.08825634 21117,6917.924,95.438,540.485,539.094,0.0
53982.0,STARLINK-5120,PAYLOAD,2023-02-19 08:14:56,15.08831157,0.0001186,53.2147,176.6521,70.79,289.322,0.00010153,1.328e-05,0.0,0 STARLINK-5120,1 53982U 22125U   23050.34371097  .00001328  00000-0  10153-3 0  9990,2 53982  53.2147 176.6521 0001186  70.7900 289.3220 15.08831157 21309,6917.907,95.438,540.593,538.952,0.0
53982.0,STARLINK-5120,PAYLOAD,2023-02-19 14:36:28,15.08838453,0.0001119,53.2145,175.4629,72.1519,287.9595,0.00014561,2.03e-05,0.0,0 STARLINK-5120,1 53982U 22125U   23050.60866535  .00002030  00000-0  14561-3 0  9993,2 53982  53.2145 175.4629 0001119  72.1519 287.9595 15.08838453 21261,6917.885,95.438,540.524,538.976,0.0
53982.0,STARLINK-5120,PAYLOAD,2023-02-19 17:47:14,15.08845375,0.0001191,53.2145,174.8669,78.0411,282.0715,0.00019591,2.832e-05,0.0,0 STARLINK-5120,1 53982U 22125U   23050.74113918  .00002832  00000-0  19591-3 0  9996,2 53982  53.2145 174.8669 0001191  78.0411 282.0715 15.08845375 21366,6917.864,95.437,540.553,538.905,0.0
53982.0,STARLINK-5120,PAYLOAD,2023-02-20 08:05:43,15.08837727,9.05e-05,53.2145,172.1915,66.7133,293.3954,4.2011e-05,3.81e-06,0.0,0 STARLINK-5120,1 53982U 22125U   23051.33730963  .00000381  00000-0  42011-4 0  9998,2 53982  53.2145 172.1915 0000905  66.7133 293.3954 15.08837727 21450,6917.887,95.438,540.378,539.126,0.0
53982.0,STARLINK-5120,PAYLOAD,2023-02-20 14:27:15,15.08846748,0.0001157,53.2143,171.0022,78.8732,281.239,9.7777e-05,1.269e-05,0.0,0 STARLINK-5120,1 53982U 22125U   23051.60226136  .00001269  00000-0  97777-4 0  9995,2 53982  53.2143 171.0022 0001157  78.8732 281.2390 15.08846748 21413,6917.86,95.437,540.525,538.924,0.0
53982.0,STARLINK-5120,PAYLOAD,2023-02-20 17:38:01,15.08852759,0.0001263,53.2143,170.4063,83.253,276.8606,0.0001463,2.042e-05,0.0,0 STARLINK-5120,1 53982U 22125U   23051.73473495  .00002042  00000-0  14630-3 0  9997,2 53982  53.2143 170.4063 0001263  83.2530 276.8606 15.08852759 21515,6917.841,95.437,540.58,538.833,0.0
53982.0,STARLINK-5120,PAYLOAD,2023-02-21 11:07:16,15.08848891,0.0001543,53.2145,167.1323,110.2757,249.8401,-4.8342e-05,-1.058e-05,0.0,0 STARLINK-5120,1 53982U 22125U   23052.46338157 -.00001058  00000-0 -48342-4 0  9999,2 53982  53.2145 167.1323 0001543 110.2757 249.8401 15.08848891 21629,6917.853,95.437,540.786,538.651,0.0
53982.0,STARLINK-5120,PAYLOAD,2023-02-21 14:18:02,15.08853748,0.0001224,53.2153,166.5389,90.1216,269.9916,-1.4033e-05,-5.11e-06,0.0,0 STARLINK-5120,1 53982U 22125U   23052.59585666 -.00000511  00000-0 -14033-4 0  9995,2 53982  53.2153 166.5389 0001224  90.1216 269.9916 15.08853748 21569,6917.838,95.437,540.55,538.857,0.0
53982.0,STARLINK-5120,PAYLOAD,2023-02-22 10:58:03,15.08842504,0.0001216,53.2145,162.6744,92.8427,267.2704,-7.6192e-05,-1.5e-05,0.0,0 STARLINK-5120,1 53982U 22125U   23053.45698340 -.00001500  00000-0 -76192-4 0  9998,2 53982  53.2145 162.6744 0001216  92.8427 267.2704 15.08842504 21773,6917.873,95.437,540.579,538.897,0.0
53982.0,STARLINK-5120,PAYLOAD,2023-02-22 12:33:26,15.0884296,0.0001219,53.2145,162.377,93.0331,267.08,-7.1188e-05,-1.421e-05,0.0,0 STARLINK-5120,1 53982U 22125U   23053.52322260 -.00001421  00000-0 -71188-4 0  9993,2 53982  53.2145 162.3770 0001219  93.0331 267.0800 15.08842960 21703,6917.871,95.437,540.58,538.893,0.0
53982.0,STARLINK-5120,PAYLOAD,2023-02-22 17:19:35,15.08848802,0.0001184,53.2153,161.4845,92.9274,267.1853,-2.092e-05,-6.21e-06,0.0,0 STARLINK-5120,1 53982U 22125U   23053.72193592 -.00000621  00000-0 -20920-4 0  9998,2 53982  53.2153 161.4845 0001184  92.9274 267.1853 15.08848802 21812,6917.853,95.437,540.538,538.899,0.0
53982.0,STARLINK-5120,PAYLOAD,2023-02-22 23:41:09,15.08834802,0.0001448,53.2151,160.2942,84.253,275.8627,-0.00016697,-2.944e-05,0.0,0 STARLINK-5120,1 53982U 22125U   23053.98691035 -.00002944  00000-0 -16697-3 0  9996,2 53982  53.2151 160.2942 0001448  84.2530 275.8627 15.08834802 21851,6917.896,95.438,540.763,538.76,0.0
53982.0,STARLINK-5120,PAYLOAD,2023-02-23 12:24:14,15.08831863,0.0001401,53.2157,157.9176,101.8472,258.2677,-9.3932e-05,-1.782e-05,0.0,0 STARLINK-5120,1 53982U 22125U   23054.51683317 -.00001782  00000-0 -93932-4 0  9997,2 53982  53.2157 157.9176 0001401 101.8472 258.2677 15.08831863 21853,6917.905,95.438,540.739,538.801,0.0
53982.0,STARLINK-5120,PAYLOAD,2023-02-23 17:10:23,15.0883864,0.0001093,53.2151,157.0242,94.8443,265.2674,-3.6262e-05,-8.65e-06,0.0,0 STARLINK-5120,1 53982U 22125U   23054.71554700 -.00000865  00000-0 -36262-4 0  9996,2 53982  53.2151 157.0242 0001093  94.8443 265.2674 15.08838640 21965,6917.885,95.438,540.506,538.993,0.0
53982.0,STARLINK-5120,PAYLOAD,2023-02-24 12:15:00,15.08839262,0.0001238,53.2154,153.4559,93.4768,266.6365,5.8275e-05,6.4e-06,0.0,0 STARLINK-5120,1 53982U 22125U   23055.51042592  .00000640  00000-0  58275-4 0  9993,2 53982  53.2154 153.4559 0001238  93.4768 266.6365 15.08839262 22004,6917.883,95.438,540.604,538.891,0.0
53982.0,STARLINK-5120,PAYLOAD,2023-02-24 17:01:09,15.08846353,0.0001367,53.2158,152.5633,87.4795,272.6354,0.00010033,1.309e-05,0.0,0 STARLINK-5120,1 53982U 22125U   23055.70914032  .00001309  00000-0  10033-3 0  9993,2 53982  53.2158 152.5633 0001367  87.4795 272.6354 15.08846353 22113,6917.861,95.437,540.672,538.78,0.0
53982.0,STARLINK-5120,PAYLOAD,2023-02-24 23:22:43,15.08828408,0.0001627,53.216,151.3746,85.6355,274.4823,-0.00011316,-2.088e-05,0.0,0 STARLINK-5120,1 53982U 22125U   23055.97411998 -.00002088  00000-0 -11316-3 0  9997,2 53982  53.2160 151.3746 0001627  85.6355 274.4823 15.08828408 22155,6917.916,95.438,540.906,538.655,0.0
53982.0,STARLINK-5120,PAYLOAD,2023-02-25 12:05:49,15.08826627,0.0001312,53.2158,148.9955,90.3438,269.7704,-3.3082e-05,-8.14e-06,0.0,0 STARLINK-5120,1 53982U 22125U   23056.50404368 -.00000814  00000-0 -33082-4 0  9990,2 53982  53.2158 148.9955 0001312  90.3438 269.7704 15.08826627 22158,6917.921,95.438,540.694,538.879,0.0
53982.0,STARLINK-5120,PAYLOAD,2023-02-25 15:16:35,15.08829454,0.0001308,53.2156,148.4006,90.2913,269.8229,-3.6283e-06,-3.46e-06,0.0,0 STARLINK-5120,1 53982U 22125U   23056.63652176 -.00000346  00000-0 -36283-5 0  9993,2 53982  53.2156 148.4006 0001308  90.2913 269.8229 15.08829454 22176,6917.913,95.438,540.682,538.873,0.0
53982.0,STARLINK-5120,PAYLOAD,2023-02-25 23:13:30,15.08838953,0.0001336,53.2159,146.9143,88.7061,271.4084,4.3966e-05,4.12e-06,0.0,0 STARLINK-5120,1 53982U 22125U   23056.96771498  .00000412  00000-0  43966-4 0  9995,2 53982  53.2159 146.9143 0001336  88.7061 271.4084 15.08838953 22308,6917.884,95.438,540.673,538.824,0.0
53982.0,STARLINK-5120,PAYLOAD,2023-02-26 10:21:11,15.088575,0.0001188,53.2155,144.8326,89.9253,270.1875,0.00012767,1.746e-05,0.0,0 STARLINK-5120,1 53982U 22125U   23057.43137826  .00001746  00000-0  12767-3 0  9994,2 53982  53.2155 144.8326 0001188  89.9253 270.1875 15.08857500 22296,6917.827,95.436,540.514,538.87,0.0
53982.0,STARLINK-5120,PAYLOAD,2023-02-26 15:07:19,15.08868946,0.0001221,53.2156,143.9389,88.2514,271.8618,0.00017488,2.499e-05,0.0,0 STARLINK-5120,1 53982U 22125U   23057.63008680  .00002499  00000-0  17488-3 0  9992,2 53982  53.2156 143.9389 0001221  88.2514 271.8618 15.08868946 22408,6917.792,95.436,540.502,538.812,0.0
53982.0,STARLINK-5120,PAYLOAD,2023-02-26 23:04:16,15.08843868,9.27e-05,53.2165,142.4533,98.5674,261.5423,-7.2884e-05,-1.448e-05,0.0,0 STARLINK-5120,1 53982U 22125U   23057.96130697 -.00001448  00000-0 -72884-4 0  9999,2 53982  53.2165 142.4533 0000927  98.5674 261.5423 15.08843868 22457,6917.869,95.437,540.375,539.092,0.0
53982.0,STARLINK-5120,PAYLOAD,2023-02-27 05:25:50,15.0882082,0.0001317,53.2152,141.2643,101.0336,259.0804,-1.1003e-05,-4.63e-06,0.0,0 STARLINK-5120,1 53982U 22125U   23058.22628266 -.00000463  00000-0 -11003-4 0  9995,2 53982  53.2152 141.2643 0001317 101.0336 259.0804 15.08820820 22493,6917.939,95.439,540.715,538.893,0.0
53982.0,STARLINK-5120,PAYLOAD,2023-02-27 14:58:08,15.08838726,0.0001985,53.2155,139.4796,95.1826,264.9392,5.2329e-05,5.45e-06,0.0,0 STARLINK-5120,1 53982U 22125U   23058.62371220  .00000545  00000-0  52329-4 0  9999,2 53982  53.2155 139.4796 0001985  95.1826 264.9392 15.08838726 22550,6917.884,95.438,541.122,538.376,0.0
53982.0,STARLINK-5120,PAYLOAD,2023-02-28 11:38:08,15.08855109,0.0001647,53.2164,135.6145,112.5585,247.5581,-8.4269e-05,-1.63e-05,0.0,0 STARLINK-5120,1 53982U 22125U   23059.48482137 -.00001630  00000-0 -84269-4 0  9990,2 53982  53.2164 135.6145 0001647 112.5585 247.5581 15.08855109 22682,6917.834,95.437,540.839,538.56,0.0
53982.0,STARLINK-5120,PAYLOAD,2023-02-28 14:48:53,15.08866749,0.000121,53.2156,135.0165,116.4213,243.6903,-4.4852e-05,-1.002e-05,0.0,0 STARLINK-5120,1 53982U 22125U   23059.61729063 -.00001002  00000-0 -44852-4 0  9994,2 53982  53.2156 135.0165 0001210 116.4213 243.6903 15.08866749 22627,6917.799,95.436,540.501,538.827,0.0
53982.0,STARLINK-5120,PAYLOAD,2023-03-01 11:28:58,15.08821091,0.0001349,53.2158,131.1485,129.4778,230.6334,-0.00019641,-3.411e-05,0.0,0 STARLINK-5120,1 53982U 22125U   23060.47845018 -.00003411  00000-0 -19641-3 0  9992,2 53982  53.2158 131.1485 0001349 129.4778 230.6334 15.08821091 22832,6917.938,95.439,540.736,538.87,0.0
53982.0,STARLINK-5120,PAYLOAD,2023-03-01 21:01:16,15.08831511,0.0001105,53.217,129.3694,97.0625,263.0493,-0.00016449,-2.904e-05,0.0,0 STARLINK-5120,1 53982U 22125U   23060.87588739 -.00002904  00000-0 -16449-3 0  9999,2 53982  53.2170 129.3694 0001105  97.0625 263.0493 15.08831511 22810,6917.906,95.438,540.536,539.007,0.0
53982.0,STARLINK-5120,PAYLOAD,2023-03-02 03:22:49,15.08826604,9.66e-05,53.2157,128.1771,100.3755,259.7346,-6.2248e-06,-3.87e-06,0.0,0 STARLINK-5120,1 53982U 22125U   23061.14084735 -.00000387  00000-0 -62248-5 0  9990,2 53982  53.2157 128.1771 0000966 100.3755 259.7346 15.08826604 22933,6917.921,95.438,540.455,539.118,0.0
53982.0,STARLINK-5120,PAYLOAD,2023-03-02 14:30:29,15.08855454,0.0001114,53.2154,126.0974,86.1913,273.9207,0.00012585,1.716e-05,0.0,0 STARLINK-5120,1 53982U 22125U   23061.60450535  .00001716  00000-0  12585-3 0  9998,2 53982  53.2154 126.0974 0001114  86.1913 273.9207 15.08855454 23003,6917.833,95.437,540.469,538.928,0.0
53982.0,STARLINK-5120,PAYLOAD,2023-03-03 04:48:58,15.08831783,0.0001487,53.2156,123.42,70.6069,289.5083,0.00017136,2.44e-05,0.0,0 STARLINK-5120,1 53982U 22125U   23062.20068249  .00002440  00000-0  17136-3 0  9994,2 53982  53.2156 123.4200 0001487  70.6069 289.5083 15.08831783 23094,6917.906,95.438,540.799,538.742,0.0
53982.0,STARLINK-5120,PAYLOAD,2023-03-03 11:10:30,15.0884791,9.97e-05,53.2155,122.2296,84.1838,275.9268,0.0002743,4.081e-05,0.0,0 STARLINK-5120,1 53982U 22125U   23062.46562793  .00004081  00000-0  27430-3 0  9996,2 53982  53.2155 122.2296 0000997  84.1838 275.9268 15.08847910 23132,6917.856,95.437,540.411,539.032,0.0
53982.0,STARLINK-5120,PAYLOAD,2023-03-03 20:42:50,15.08838211,0.0001404,53.2153,120.4475,78.5562,281.5588,0.00012745,1.741e-05,0.0,0 STARLINK-5120,1 53982U 22125U   23062.86307971  .00001741  00000-0  12745-3 0  9998,2 53982  53.2153 120.4475 0001404  78.5562 281.5588 15.08838211 23114,6917.886,95.438,540.722,538.78,0.0
53982.0,STARLINK-5120,PAYLOAD,2023-03-04 03:04:22,15.08851033,0.0001888,53.2164,119.2626,89.5038,270.617,-0.00013312,-2.407e-05,0.0,0 STARLINK-5120,1 53982U 22125U   23063.12804247 -.00002407  00000-0 -13312-3 0  9999,2 53982  53.2164 119.2626 0001888  89.5038 270.6170 15.08851033 23232,6917.847,95.437,541.018,538.406,0.0
53982.0,STARLINK-5120,PAYLOAD,2023-03-04 07:50:32,15.0883993,0.0001911,53.2175,118.3685,88.1913,271.9298,-5.843e-05,-1.218e-05,0.0,0 STARLINK-5120,1 53982U 22125U   23063.32676721 -.00001218  00000-0 -58430-4 0  9995,2 53982  53.2175 118.3685 0001911  88.1913 271.9298 15.08839930 23263,6917.881,95.438,541.068,538.424,0.0
53982.0,STARLINK-5120,PAYLOAD,2023-03-04 11:01:18,15.08843911,0.0001842,53.2167,117.7722,88.9312,271.1892,-6.5408e-05,-1.329e-05,0.0,0 STARLINK-5120,1 53982U 22125U   23063.45924393 -.00001329  00000-0 -65408-4 0  9996,2 53982  53.2167 117.7722 0001842  88.9312 271.1892 15.08843911 23203,6917.868,95.437,541.008,538.459,0.0
53982.0,STARLINK-5120,PAYLOAD,2023-03-04 20:33:37,15.08845554,0.0001654,53.216,115.9868,87.3915,272.7267,-0.00012344,-2.252e-05,0.0,0 STARLINK-5120,1 53982U 22125U   23063.85668229 -.00002252  00000-0 -12344-3 0  9999,2 53982  53.2160 115.9868 0001654  87.3915 272.7267 15.08845554 23264,6917.863,95.437,540.873,538.584,0.0
53982.0,STARLINK-5120,PAYLOAD,2023-03-05 07:41:19,15.08839151,0.0001719,53.2166,113.9056,96.3252,263.7936,-0.00010296,-1.926e-05,0.0,0 STARLINK-5120,1 53982U 22125U   23064.32036780 -.00001926  00000-0 -10296-3 0  9994,2 53982  53.2166 113.9056 0001719  96.3252 263.7936 15.08839151 23330,6917.883,95.438,540.937,538.559,0.0
53982.0,STARLINK-5120,PAYLOAD,2023-03-05 20:24:24,15.08849553,0.0001613,53.2167,111.524,100.1985,259.9189,-0.00011959,-2.191e-05,0.0,0 STARLINK-5120,1 53982U 22125U   23064.85027974 -.00002191  00000-0 -11959-3 0  9999,2 53982  53.2167 111.5240 0001613 100.1985 259.9189 15.08849553 23413,6917.851,95.437,540.832,538.6,0.0
53982.0,STARLINK-5120,PAYLOAD,2023-03-06 02:45:57,15.08827006,0.0001474,53.2162,110.3345,97.2405,262.8754,0.00021977,3.21e-05,0.0,0 STARLINK-5120,1 53982U 22125U   23065.11524442  .00003210  00000-0  21977-3 0  9993,2 53982  53.2162 110.3345 0001474  97.2405 262.8754 15.08827006 23532,6917.92,95.438,540.805,538.765,0.0
53982.0,STARLINK-5120,PAYLOAD,2023-03-06 09:07:28,15.08849191,0.0001973,53.2163,109.1478,84.113,276.0087,0.00010885,1.445e-05,0.0,0 STARLINK-5120,1 53982U 22125U   23065.38019634  .00001445  00000-0  10885-3 0  9998,2 53982  53.2163 109.1478 0001973  84.1130 276.0087 15.08849191 23579,6917.852,95.437,541.082,538.352,0.0
53982.0,STARLINK-5120,PAYLOAD,2023-03-06 20:15:10,15.08847325,0.000169,53.2153,107.0676,87.2429,272.8757,5.2584e-05,5.49e-06,0.0,0 STARLINK-5120,1 53982U 22125U   23065.84387670  .00000549  00000-0  52584-4 0  9994,2 53982  53.2153 107.0676 0001690  87.2429 272.8757 15.08847325 23560,6917.858,95.437,540.892,538.554,0.0
53982.0,STARLINK-5120,PAYLOAD,2023-03-07 02:36:43,15.08836327,0.0001865,53.2142,105.8762,98.8194,261.301,0.00010633,1.404e-05,0.0,0 STARLINK-5120,1 53982U 22125U   23066.10884233  .00001404  00000-0  10633-3 0  9990,2 53982  53.2142 105.8762 0001865  98.8194 261.3010 15.08836327 23689,6917.892,95.438,541.047,538.466,0.0
53982.0,STARLINK-5120,PAYLOAD,2023-03-07 08:58:16,15.08837027,0.0001621,53.215,104.6886,87.7056,272.4122,5.0994e-06,-2.07e-06,0.0,0 STARLINK-5120,1 53982U 22125U   23066.37380675 -.00000207  00000-0  50994-5 0  9997,2 53982  53.2150 104.6886 0001621  87.7056 272.4122 15.08837027 23647,6917.889,95.438,540.876,538.633,0.0
53982.0,STARLINK-5120,PAYLOAD,2023-03-08 08:49:03,15.0884283,0.0001547,53.2155,100.2249,101.3223,258.7943,-7.0672e-05,-1.413e-05,0.0,0 STARLINK-5120,1 53982U 22125U   23067.36740603 -.00001413  00000-0 -70672-4 0  9993,2 53982  53.2155 100.2249 0001547 101.3223 258.7943 15.08842830 23874,6917.872,95.437,540.807,538.667,0.0
53982.0,STARLINK-5120,PAYLOAD,2023-03-09 18:12:08,15.08849265,0.0001011,53.215,93.9759,80.3844,279.7262,7.7287e-05,9.43e-06,0.0,0 STARLINK-5120,1 53982U 22125U   23068.75843633  .00000943  00000-0  77287-4 0  9998,2 53982  53.2150  93.9759 0001011  80.3844 279.7262 15.08849265 24084,6917.852,95.437,540.416,539.018,0.0
53982.0,STARLINK-5120,PAYLOAD,2023-03-10 00:33:42,15.08835555,0.000133,53.2156,92.7916,90.098,270.0165,6.8505e-05,8.02e-06,0.0,0 STARLINK-5120,1 53982U 22125U   23069.02340814  .00000802  00000-0  68505-4 0  9999,2 53982  53.2156  92.7916 0001330  90.0980 270.0165 15.08835555 24123,6917.894,95.438,540.679,538.839,0.0
53982.0,STARLINK-5120,PAYLOAD,2023-03-10 08:30:37,15.08853846,0.000131,53.2153,91.3064,101.5752,258.5387,-6.6349e-05,-1.344e-05,0.0,0 STARLINK-5120,1 53982U 22125U   23069.35459892 -.00001344  00000-0 -66349-4 0  9990,2 53982  53.2153  91.3064 0001310 101.5752 258.5387 15.08853846 24177,6917.838,95.437,540.609,538.797,0.0
53982.0,STARLINK-5120,PAYLOAD,2023-03-10 18:02:56,15.08841267,0.0001064,53.2147,89.5229,110.0517,250.0589,-6.213e-05,-1.276e-05,0.0,0 STARLINK-5120,1 53982U 22125U   23069.75204563 -.00001276  00000-0 -62130-4 0  9995,2 53982  53.2147  89.5229 0001064 110.0517 250.0589 15.08841267 24234,6917.877,95.437,540.478,539.005,0.0
53982.0,STARLINK-5120,PAYLOAD,2023-03-11 00:24:30,15.08840008,0.0001438,53.2154,88.3313,100.9486,259.1668,-0.0001284,-2.331e-05,0.0,0 STARLINK-5120,1 53982U 22125U   23070.01701394 -.00002331  00000-0 -12840-3 0  9995,2 53982  53.2154  88.3313 0001438 100.9486 259.1668 15.08840008 24275,6917.88,95.438,540.74,538.751,0.0
53982.0,STARLINK-5120,PAYLOAD,2023-03-11 09:56:48,15.08841055,0.0001508,53.2168,86.5465,105.6751,254.4407,-9.0227e-05,-1.724e-05,0.0,0 STARLINK-5120,1 53982U 22125U   23070.41445245 -.00001724  00000-0 -90227-4 0  9990,2 53982  53.2168  86.5465 0001508 105.6751 254.4407 15.08841055 24253,6917.877,95.437,540.785,538.699,0.0
53982.0,STARLINK-5120,PAYLOAD,2023-03-12 01:50:40,15.08833019,0.0001335,53.217,83.5729,95.0644,265.0501,7.0612e-05,8.36e-06,0.0,0 STARLINK-5120,1 53982U 22125U   23071.07685461  .00000836  00000-0  70612-4 0  9996,2 53982  53.2170  83.5729 0001335  95.0644 265.0501 15.08833019 24431,6917.902,95.438,540.69,538.843,0.0
53982.0,STARLINK-5120,PAYLOAD,2023-03-12 05:01:26,15.08837053,0.0001451,53.2174,82.9784,96.7043,263.4114,6.1886e-05,6.97e-06,0.0,0 STARLINK-5120,1 53982U 22125U   23071.20933323  .00000697  00000-0  61886-4 0  9992,2 53982  53.2174  82.9784 0001451  96.7043 263.4114 15.08837053 24376,6917.889,95.438,540.758,538.751,0.0
53982.0,STARLINK-5120,PAYLOAD,2023-03-12 08:12:12,15.0884067,0.0001309,53.217,82.3833,100.5257,259.5882,6.9897e-05,8.25e-06,0.0,0 STARLINK-5120,1 53982U 22125U   23071.34181105  .00000825  00000-0  69897-4 0  9993,2 53982  53.2170  82.3833 0001309 100.5257 259.5882 15.08840670 24472,6917.878,95.438,540.649,538.838,0.0
53982.0,STARLINK-5120,PAYLOAD,2023-03-13 01:41:27,15.08822098,0.0001334,53.2163,79.1106,106.938,253.1759,0.0004418,6.747e-05,0.0,0 STARLINK-5120,1 53982U 22125U   23072.07045669  .00006747  00000-0  44180-3 0  9994,2 53982  53.2163  79.1106 0001334 106.9380 253.1759 15.08822098 24585,6917.935,95.439,540.723,538.877,0.0
53982.0,STARLINK-5120,PAYLOAD,2023-03-13 09:38:22,15.08832373,0.0001321,53.2171,77.6247,97.4827,262.6316,0.00049822,7.648e-05,0.0,0 STARLINK-5120,1 53982U 22125U   23072.40165067  .00007648  00000-0  49822-3 0  9995,2 53982  53.2171  77.6247 0001321  97.4827 262.6316 15.08832373 24636,6917.904,95.438,540.683,538.855,0.0
53982.0,STARLINK-5120,PAYLOAD,2023-03-14 09:29:10,15.08837069,0.0001332,53.2159,73.1637,84.2273,275.8871,1.9286e-05,1.9e-07,0.0,0 STARLINK-5120,1 53982U 22125U   23073.39525991  .00000019  00000-0  19286-4 0  9997,2 53982  53.2159  73.1637 0001332  84.2273 275.8871 15.08837069 24782,6917.889,95.438,540.676,538.833,0.0
53982.0,STARLINK-5120,PAYLOAD,2023-03-14 17:26:05,15.0884263,0.0001293,53.216,71.6752,109.4145,250.6987,7.9e-05,9.7e-06,0.0,0 STARLINK-5120,1 53982U 22125U   23073.72645357  .00000970  00000-0  79000-4 0  9999,2 53982  53.2160  71.6752 0001293 109.4145 250.6987 15.08842630 24834,6917.872,95.437,540.632,538.843,0.0
53982.0,STARLINK-5120,PAYLOAD,2023-03-15 09:19:55,15.08862395,0.0001333,53.2146,68.7021,98.0171,262.0972,0.00039527,6.012e-05,0.0,0 STARLINK-5120,1 53982U 22125U   23074.38884098  .00006012  00000-0  39527-3 0  9991,2 53982  53.2146  68.7021 0001333  98.0171 262.0972 15.08862395 24933,6917.812,95.436,540.599,538.755,0.0
53982.0,STARLINK-5120,PAYLOAD,2023-03-16 02:49:10,15.08850886,0.0001054,53.2147,65.434,104.3102,255.8007,0.00017903,2.563e-05,0.0,0 STARLINK-5120,1 53982U 22125U   23075.11748502  .00002563  00000-0  17903-3 0  9993,2 53982  53.2147  65.4340 0001054 104.3102 255.8007 15.08850886 25041,6917.847,95.437,540.441,538.983,0.0
53982.0,STARLINK-5120,PAYLOAD,2023-03-16 09:10:42,15.08866456,9.29e-05,53.2153,64.2423,97.2948,262.815,0.00056557,8.731e-05,0.0,0 STARLINK-5120,1 53982U 22125U   23075.38243909  .00008731  00000-0  56557-3 0  9994,2 53982  53.2153  64.2423 0000929  97.2948 262.8150 15.08866456 25086,6917.8,95.436,540.307,539.022,0.0
53982.0,STARLINK-5120,PAYLOAD,2023-03-16 23:29:11,15.08826286,8.74e-05,53.2156,61.5651,87.0733,273.0359,0.00030905,4.632e-05,0.0,0 STARLINK-5120,1 53982U 22125U   23075.97860827  .00004632  00000-0  30905-3 0  9998,2 53982  53.2156  61.5651 0000874  87.0733 273.0359 15.08826286 25172,6917.922,95.438,540.392,539.183,0.0
53982.0,STARLINK-5120,PAYLOAD,2023-03-17 09:01:30,15.08827652,9.09e-05,53.2158,59.7816,76.527,283.5823,0.00020708,3.008e-05,0.0,0 STARLINK-5120,1 53982U 22125U   23076.37605269  .00003008  00000-0  20708-3 0  9996,2 53982  53.2158  59.7816 0000909  76.5270 283.5823 15.08827652 25152,6917.918,95.438,540.412,539.154,0.0
53982.0,STARLINK-5120,PAYLOAD,2023-03-17 15:23:03,15.08830561,8.64e-05,53.2157,58.5922,75.8762,284.2326,0.0002582,3.823e-05,0.0,0 STARLINK-5120,1 53982U 22125U   23076.64101481  .00003823  00000-0  25820-3 0  9998,2 53982  53.2157  58.5922 0000864  75.8762 284.2326 15.08830561 25197,6917.909,95.438,540.372,539.177,0.0
53982.0,STARLINK-5120,PAYLOAD,2023-03-18 07:16:54,15.08847619,8.01e-05,53.2155,55.6182,71.3516,288.7563,0.0004526,6.924e-05,0.0,0 STARLINK-5120,1 53982U 22125U   23077.30341184  .00006924  00000-0  45260-3 0  9993,2 53982  53.2155  55.6182 0000801  71.3516 288.7563 15.08847619 25374,6917.857,95.437,540.276,539.168,0.0
53982.0,STARLINK-5120,PAYLOAD,2023-03-18 15:13:50,15.08851162,8.05e-05,53.2155,54.1312,67.7439,292.3639,0.00048813,7.492e-05,0.0,0 STARLINK-5120,1 53982U 22125U   23077.63461068  .00007492  00000-0  48813-3 0  9991,2 53982  53.2155  54.1312 0000805  67.7439 292.3639 15.08851162 25340,6917.846,95.437,540.268,539.154,0.0
53982.0,STARLINK-5120,PAYLOAD,2023-03-19 03:56:56,15.08835709,0.0001354,53.2166,51.7536,76.6146,283.4997,7.7563e-05,9.47e-06,0.0,0 STARLINK-5120,1 53982U 22125U   23078.16453759  .00000947  00000-0  77563-4 0  9991,2 53982  53.2166  51.7536 0001354  76.6146 283.4997 15.08835709 25502,6917.894,95.438,540.695,538.822,0.0
53982.0,STARLINK-5120,PAYLOAD,2023-03-19 05:32:19,15.08837941,0.0001299,53.2173,51.4581,83.8381,276.2759,0.00011912,1.608e-05,0.0,0 STARLINK-5120,1 53982U 22125U   23078.23077612  .00001608  00000-0  11912-3 0  9999,2 53982  53.2173  51.4581 0001299  83.8381 276.2759 15.08837941 25434,6917.887,95.438,540.65,538.853,0.0
53982.0,STARLINK-5120,PAYLOAD,2023-03-19 15:04:38,15.08837861,0.0001162,53.2165,49.6717,85.1337,274.9787,0.00011062,1.473e-05,0.0,0 STARLINK-5120,1 53982U 22125U   23078.62821784  .00001473  00000-0  11062-3 0  9995,2 53982  53.2165  49.6717 0001162  85.1337 274.9787 15.08837861 25493,6917.887,95.438,540.556,538.948,0.0
53982.0,STARLINK-5120,PAYLOAD,2023-03-20 06:58:29,15.08841361,0.0001175,53.2171,46.698,89.795,270.3177,-1.6515e-05,-5.51e-06,0.0,0 STARLINK-5120,1 53982U 22125U   23079.29061700 -.00000551  00000-0 -16515-4 0  9990,2 53982  53.2171  46.6980 0001175  89.7950 270.3177 15.08841361 25677,6917.876,95.437,540.554,538.928,0.0
53982.0,STARLINK-5120,PAYLOAD,2023-03-21 06:49:15,15.08856214,0.0001173,53.216,42.2352,113.126,246.9855,0.00042175,6.434e-05,0.0,0 STARLINK-5120,1 53982U 22125U   23080.28421153  .00006434  00000-0  42175-3 0  9997,2 53982  53.2160  42.2352 0001173 113.1260 246.9855 15.08856214 25826,6917.831,95.437,540.507,538.884,0.0
53982.0,STARLINK-5120,PAYLOAD,2023-03-22 03:29:17,15.08838048,0.0001394,53.2177,38.3707,100.0647,260.0502,0.00010567,1.394e-05,0.0,0 STARLINK-5120,1 53982U 22125U   23081.14534278  .00001394  00000-0  10567-3 0  9996,2 53982  53.2177  38.3707 0001394 100.0647 260.0502 15.08838048 25958,6917.886,95.438,540.716,538.787,0.0
53982.0,STARLINK-5120,PAYLOAD,2023-03-22 06:40:03,15.08839655,0.0001339,53.2174,37.7753,101.7446,258.3696,0.00015031,2.105e-05,0.0,0 STARLINK-5120,1 53982U 22125U   23081.27782248  .00002105  00000-0  15031-3 0  9994,2 53982  53.2174  37.7753 0001339 101.7446 258.3696 15.08839655 25895,6917.881,95.438,540.673,538.82,0.0
53982.0,STARLINK-5120,PAYLOAD,2023-03-23 06:30:50,15.08852724,0.0001219,53.2166,33.3147,96.3192,263.7939,0.00051877,7.981e-05,0.0,0 STARLINK-5120,1 53982U 22125U   23082.27142128  .00007981  00000-0  51877-3 0  9997,2 53982  53.2166  33.3147 0001219  96.3192 263.7939 15.08852724 26128,6917.841,95.437,540.55,538.863,0.0
53982.0,STARLINK-5120,PAYLOAD,2023-03-24 03:10:51,15.08868687,0.0001156,53.2169,29.4493,78.9746,281.1376,0.00098651,0.00015459,0.0,0 STARLINK-5120,1 53982U 22125U   23083.13253985  .00015459  00000-0  98651-3 0  9997,2 53982  53.2169  29.4493 0001156  78.9746 281.1376 15.08868687 26250,6917.793,95.436,540.457,538.858,0.0
53982.0,STARLINK-5120,PAYLOAD,2023-03-24 15:53:56,15.08848989,8.54e-05,53.2173,27.0706,98.8986,261.2103,0.00029217,4.366e-05,0.0,0 STARLINK-5120,1 53982U 22125U   23083.66245842  .00004366  00000-0  29217-3 0  9995,2 53982  53.2173  27.0706 0000854  98.8986 261.2103 15.08848989 26336,6917.853,95.437,540.309,539.127,0.0
53982.0,STARLINK-5120,PAYLOAD,2023-03-25 01:26:15,15.08836609,0.0001599,53.2172,25.2874,123.546,236.5685,0.00031844,4.783e-05,0.0,0 STARLINK-5120,1 53982U 22125U   23084.05990142  .00004783  00000-0  31844-3 0  9991,2 53982  53.2172  25.2874 0001599 123.5460 236.5685 15.08836609 26393,6917.891,95.438,540.862,538.65,0.0
53982.0,STARLINK-5120,PAYLOAD,2023-03-26 02:52:26,15.08838852,0.0001297,53.2171,20.531,120.6193,239.4927,0.00036001,5.446e-05,0.0,0 STARLINK-5120,1 53982U 22125U   23085.11974797  .00005446  00000-0  36001-3 0  9994,2 53982  53.2171  20.5310 0001297 120.6193 239.4927 15.08838852 26552,6917.884,95.438,540.646,538.852,0.0
53982.0,STARLINK-5120,PAYLOAD,2023-03-27 04:18:37,15.08826145,0.0001437,53.2169,15.7722,133.5232,226.5879,0.00013706,1.893e-05,0.0,0 STARLINK-5120,1 53982U 22125U   23086.17960372  .00001893  00000-0  13706-3 0  9994,2 53982  53.2169  15.7722 0001437 133.5232 226.5879 15.08826145 26718,6917.923,95.438,540.782,538.794,0.0
53982.0,STARLINK-5120,PAYLOAD,2023-03-28 04:09:23,15.08891433,0.0001189,53.217,11.312,122.0793,238.0314,0.0017557,0.00027804,0.0,0 STARLINK-5120,1 53982U 22125U   23087.17319005  .00027804  00000-0  17557-2 0  9993,2 53982  53.2170  11.3120 0001189 122.0793 238.0314 15.08891433 26863,6917.723,95.434,540.411,538.766,0.0
53982.0,STARLINK-5120,PAYLOAD,2023-03-28 18:27:51,15.08872395,0.0001612,53.2164,8.6364,118.7813,241.3341,0.0015168,0.00023956,0.0,0 STARLINK-5120,1 53982U 22125U   23087.76934831  .00023956  00000-0  15168-2 0  9998,2 53982  53.2164   8.6364 0001612 118.7813 241.3341 15.08872395 26954,6917.781,95.436,540.762,538.531,0.0
53982.0,STARLINK-5120,PAYLOAD,2023-03-29 00:49:23,15.08872374,0.0001062,53.2169,7.4452,121.6171,238.4925,0.0018483,0.00029276,0.0,0 STARLINK-5120,1 53982U 22125U   23088.03430498  .00029276  00000-0  18483-2 0  9993,2 53982  53.2169   7.4452 0001062 121.6171 238.4925 15.08872374 26999,6917.781,95.436,540.381,538.912,0.0
53982.0,STARLINK-5120,PAYLOAD,2023-03-29 04:00:10,15.08872933,0.0001375,53.2169,6.8502,130.5937,229.5175,0.001682,0.00026607,0.0,0 STARLINK-5120,1 53982U 22125U   23088.16678266  .00026607  00000-0  16820-2 0  9992,2 53982  53.2169   6.8502 0001375 130.5937 229.5175 15.08872933 26937,6917.78,95.435,540.596,538.694,0.0
53982.0,STARLINK-5120,PAYLOAD,2023-03-30 03:50:57,15.08851583,9.51e-05,53.2169,2.3915,80.6086,279.5014,0.0016262,0.00025696,0.0,0 STARLINK-5120,1 53982U 22125U   23089.16039103  .00025696  00000-0  16262-2 0  9991,2 53982  53.2169   2.3915 0000951  80.6086 279.5014 15.08851583 27166,6917.845,95.437,540.368,539.052,0.0
53982.0,STARLINK-5120,PAYLOAD,2023-04-01 03:32:31,15.08836364,0.0001294,53.2176,353.47,106.8855,253.2279,0.00016343,2.314e-05,0.0,0 STARLINK-5120,1 53982U 22125U   23091.14758794  .00002314  00000-0  16343-3 0  9999,2 53982  53.2176 353.4700 0001294 106.8855 253.2279 15.08836364 27467,6917.892,95.438,540.652,538.861,0.0
53982.0,STARLINK-5120,PAYLOAD,2023-04-01 05:07:54,15.08843831,0.0001243,53.2171,353.1736,105.9563,254.1566,0.00023307,3.424e-05,0.0,0 STARLINK-5120,1 53982U 22125U   23091.21382663  .00003424  00000-0  23307-3 0  9996,2 53982  53.2171 353.1736 0001243 105.9563 254.1566 15.08843831 27396,6917.869,95.437,540.594,538.874,0.0
53982.0,STARLINK-5120,PAYLOAD,2023-04-01 17:51:00,15.08812449,0.0001336,53.2173,350.7948,98.4135,261.7009,0.00059474,9.183e-05,0.0,0 STARLINK-5120,1 53982U 22125U   23091.74375776  .00009183  00000-0  59474-3 0  9993,2 53982  53.2173 350.7948 0001336  98.4135 261.7009 15.08812449 27555,6917.965,95.439,540.754,538.905,0.0
53982.0,STARLINK-5120,PAYLOAD,2023-04-02 00:12:33,15.08825419,0.0001269,53.2172,349.6067,99.5093,260.6043,0.0013924,0.00021933,0.0,0 STARLINK-5120,1 53982U 22125U   23092.00872159  .00021933  00000-0  13924-2 0  9996,2 53982  53.2172 349.6067 0001269  99.5093 260.6043 15.08825419 27594,6917.925,95.438,540.668,538.912,0.0
53982.0,STARLINK-5120,PAYLOAD,2023-04-02 20:52:34,15.08850538,0.0001233,53.217,345.7419,105.9194,254.1934,0.00070032,0.00010878,0.0,0 STARLINK-5120,1 53982U 22125U   23092.86983855  .00010878  00000-0  70032-3 0  9996,2 53982  53.2170 345.7419 0001233 105.9194 254.1934 15.08850538 27648,6917.848,95.437,540.566,538.86,0.0
53982.0,STARLINK-5120,PAYLOAD,2023-04-03 01:38:43,15.08857086,0.0001202,53.217,344.8496,106.8794,253.233,0.00076246,0.00011873,0.0,0 STARLINK-5120,1 53982U 22125U   23093.06855610  .00011873  00000-0  76246-3 0  9995,2 53982  53.2170 344.8496 0001202 106.8794 253.2330 15.08857086 27752,6917.828,95.436,540.525,538.862,0.0
53982.0,STARLINK-5120,PAYLOAD,2023-04-03 23:54:07,15.0885131,0.0001189,53.217,340.6865,103.636,256.4764,0.00048681,7.471e-05,0.0,0 STARLINK-5120,1 53982U 22125U   23093.99591568  .00007471  00000-0  48681-3 0  9997,2 53982  53.2170 340.6865 0001189 103.6360 256.4764 15.08851310 27899,6917.846,95.437,540.533,538.888,0.0
53982.0,STARLINK-5120,PAYLOAD,2023-04-04 22:09:30,15.08846497,0.0001061,53.2164,336.5215,93.6655,266.4459,0.00026936,4.002e-05,0.0,0 STARLINK-5120,1 53982U 22125U   23094.92327494  .00004002  00000-0  26936-3 0  9992,2 53982  53.2164 336.5215 0001061  93.6655 266.4459 15.08846497 27958,6917.861,95.437,540.46,538.992,0.0
53982.0,STARLINK-5120,PAYLOAD,2023-04-04 23:44:53,15.08850342,0.000108,53.2167,336.2243,88.3769,271.7347,0.00026905,3.998e-05,0.0,0 STARLINK-5120,1 53982U 22125U   23094.98951365  .00003998  00000-0  26905-3 0  9997,2 53982  53.2167 336.2243 0001080  88.3769 271.7347 15.08850342 28047,6917.849,95.437,540.461,538.967,0.0
53982.0,STARLINK-5120,PAYLOAD,2023-04-05 20:24:55,15.08840992,0.0001137,53.2179,332.3558,93.1083,267.0039,0.00010505,1.384e-05,0.0,0 STARLINK-5120,1 53982U 22125U   23095.85063714  .00001384  00000-0  10505-3 0  9992,2 53982  53.2179 332.3558 0001137  93.1083 267.0039 15.08840992 28093,6917.877,95.437,540.529,538.956,0.0
53982.0,STARLINK-5120,PAYLOAD,2023-04-05 22:00:18,15.0884202,0.0001116,53.2167,332.0618,88.1434,271.9686,0.00010389,1.366e-05,0.0,0 STARLINK-5120,1 53982U 22125U   23095.91687695  .00001366  00000-0  10389-3 0  9999,2 53982  53.2167 332.0618 0001116  88.1434 271.9686 15.08842020 28181,6917.874,95.437,540.511,538.967,0.0
53982.0,STARLINK-5120,PAYLOAD,2023-04-06 21:51:05,15.08848163,0.0001248,53.2151,327.6031,82.049,278.0643,0.00020871,3.036e-05,0.0,0 STARLINK-5120,1 53982U 22125U   23096.91047590  .00003036  00000-0  20871-3 0  9997,2 53982  53.2151 327.6031 0001248  82.0490 278.0643 15.08848163 28257,6917.855,95.437,540.584,538.857,0.0
53982.0,STARLINK-5120,PAYLOAD,2023-04-08 00:52:38,15.08842897,8.62e-05,53.2156,322.5462,89.1434,270.9657,0.00014874,2.08e-05,0.0,0 STARLINK-5120,1 53982U 22125U   23098.03655745  .00002080  00000-0  14874-3 0  9993,2 53982  53.2156 322.5462 0000862  89.1434 270.9657 15.08842897 28503,6917.872,95.437,540.333,539.14,0.0
53982.0,STARLINK-5120,PAYLOAD,2023-04-09 00:43:25,15.0884336,5.37e-05,53.2154,318.0849,69.8089,290.2961,0.0001078,1.429e-05,0.0,0 STARLINK-5120,1 53982U 22125U   23099.03015858  .00001429  00000-0  10780-3 0  9997,2 53982  53.2154 318.0849 0000537  69.8089 290.2961 15.08843360 28655,6917.87,95.437,540.107,539.364,0.0
53982.0,STARLINK-5120,PAYLOAD,2023-04-09 15:01:54,15.08835224,9.46e-05,53.2153,315.4082,94.8944,265.2156,5.6819e-07,-2.79e-06,0.0,0 STARLINK-5120,1 53982U 22125U   23099.62632390 -.00000279  00000-0  56819-6 0  9997,2 53982  53.2153 315.4082 0000946  94.8944 265.2156 15.08835224 28744,6917.895,95.438,540.414,539.106,0.0
53982.0,STARLINK-5120,PAYLOAD,2023-04-09 21:23:26,15.08842897,0.0001098,53.2162,314.2191,88.8855,271.2263,0.00013892,1.924e-05,0.0,0 STARLINK-5120,1 53982U 22125U   23099.89128045  .00001924  00000-0  13892-3 0  9991,2 53982  53.2162 314.2191 0001098  88.8855 271.2263 15.08842897 28701,6917.872,95.437,540.496,538.977,0.0
53982.0,STARLINK-5120,PAYLOAD,2023-04-10 14:52:41,15.08841731,9.34e-05,53.2147,310.9493,98.0836,262.0262,3.5298e-05,2.74e-06,0.0,0 STARLINK-5120,1 53982U 22125U   23100.61992149  .00000274  00000-0  35298-4 0  9990,2 53982  53.2147 310.9493 0000934  98.0836 262.0262 15.08841731 28817,6917.875,95.437,540.386,539.094,0.0
53982.0,STARLINK-5120,PAYLOAD,2023-04-10 16:28:04,15.08843153,0.0001001,53.215,310.652,101.9414,258.1691,5.223e-05,5.44e-06,0.0,0 STARLINK-5120,1 53982U 22125U   23100.68616062  .00000544  00000-0  52230-4 0  9999,2 53982  53.2150 310.6520 0001001 101.9414 258.1691 15.08843153 28824,6917.871,95.437,540.428,539.043,0.0
53982.0,STARLINK-5120,PAYLOAD,2023-04-11 00:24:59,15.08846314,0.0001023,53.2147,309.1649,100.8925,259.2183,0.0004191,6.39e-05,0.0,0 STARLINK-5120,1 53982U 22125U   23101.01735904  .00006390  00000-0  41910-3 0  9991,2 53982  53.2147 309.1649 0001023 100.8925 259.2183 15.08846314 28879,6917.861,95.437,540.434,539.018,0.0
53982.0,STARLINK-5120,PAYLOAD,2023-04-12 00:15:47,15.08834917,9.82e-05,53.2154,304.7012,102.8598,257.2503,-3.7102e-05,-8.78e-06,0.0,0 STARLINK-5120,1 53982U 22125U   23102.01096441 -.00000878  00000-0 -37102-4 0  9994,2 53982  53.2154 304.7012 0000982 102.8598 257.2503 15.08834917 29100,6917.896,95.438,540.44,539.082,0.0
53982.0,STARLINK-5120,PAYLOAD,2023-04-12 12:58:51,15.08904822,8.53e-05,53.2162,302.3217,134.5365,225.5697,-0.00093368,-0.00015143,0.0,0 STARLINK-5120,1 53982U 22125U   23102.54087816 -.00015143  00000-0 -93368-3 0  9994,2 53982  53.2162 302.3217 0000853 134.5365 225.5697 15.08904822 29106,6917.682,95.433,540.137,538.957,0.0
53982.0,STARLINK-5120,PAYLOAD,2023-04-13 00:06:34,15.08843468,0.0001215,53.2146,300.243,91.0466,269.0665,4.7975e-05,4.76e-06,0.0,0 STARLINK-5120,1 53982U 22125U   23103.00456444  .00000476  00000-0  47975-4 0  9998,2 53982  53.2146 300.2430 0001215  91.0466 269.0665 15.08843468 29177,6917.87,95.437,540.575,538.894,0.0
53982.0,STARLINK-5120,PAYLOAD,2023-04-13 16:00:25,15.08843416,0.0001389,53.2133,297.2682,85.8796,274.2354,0.0001334,1.836e-05,0.0,0 STARLINK-5120,1 53982U 22125U   23103.66696287  .00001836  00000-0  13340-3 0  9990,2 53982  53.2133 297.2682 0001389  85.8796 274.2354 15.08843416 29352,6917.87,95.437,540.696,538.774,0.0
53982.0,STARLINK-5120,PAYLOAD,2023-04-14 12:40:26,15.08843598,9.73e-05,53.2135,293.4022,84.8937,275.2166,0.00011899,1.607e-05,0.0,0 STARLINK-5120,1 53982U 22125U   23104.52808280  .00001607  00000-0  11899-3 0  9997,2 53982  53.2135 293.4022 0000973  84.8937 275.2166 15.08843598 29403,6917.869,95.437,540.408,539.061,0.0
53982.0,STARLINK-5120,PAYLOAD,2023-04-14 22:12:44,15.0884981,0.0001349,53.2161,291.6211,78.8743,281.24,0.00016317,2.311e-05,0.0,0 STARLINK-5120,1 53982U 22125U   23104.92552045  .00002311  00000-0  16317-3 0  9999,2 53982  53.2161 291.6211 0001349  78.8743 281.2400 15.08849810 29465,6917.85,95.437,540.649,538.782,0.0
53982.0,STARLINK-5120,PAYLOAD,2023-04-15 18:52:45,15.0884617,0.0001074,53.2175,287.7534,99.0108,261.1006,6.3841e-05,7.29e-06,0.0,0 STARLINK-5120,1 53982U 22125U   23105.78664073  .00000729  00000-0  63841-4 0  9995,2 53982  53.2175 287.7534 0001074  99.0108 261.1006 15.08846170 29598,6917.862,95.437,540.47,538.984,0.0
53982.0,STARLINK-5120,PAYLOAD,2023-04-15 22:03:31,15.08848226,0.0001205,53.2164,287.1576,101.1832,258.9295,8.6424e-05,1.088e-05,0.0,0 STARLINK-5120,1 53982U 22125U   23105.91911839  .00001088  00000-0  86424-4 0  9996,2 53982  53.2164 287.1576 0001205 101.1832 258.9295 15.08848226 29690,6917.855,95.437,540.554,538.887,0.0
53982.0,STARLINK-5120,PAYLOAD,2023-04-16 18:43:33,15.08838982,0.0001192,53.2158,283.2932,79.2115,280.9011,4.5866e-05,4.42e-06,0.0,0 STARLINK-5120,1 53982U 22125U   23106.78024700  .00000442  00000-0  45866-4 0  9992,2 53982  53.2158 283.2932 0001192  79.2115 280.9011 15.08838982 29824,6917.884,95.438,540.573,538.924,0.0
53982.0,STARLINK-5120,PAYLOAD,2023-04-17 10:37:25,15.08836718,0.0001098,53.2159,280.3187,79.5999,280.5117,1.4235e-05,-6.1e-07,0.0,0 STARLINK-5120,1 53982U 22125U   23107.44265058 -.00000061  00000-0  14235-4 0  9993,2 53982  53.2159 280.3187 0001098  79.5999 280.5117 15.08836718 29843,6917.89,95.438,540.515,538.996,0.0
53982.0,STARLINK-5120,PAYLOAD,2023-04-17 20:09:43,15.08845852,0.0001147,53.2156,278.5346,77.6829,282.4291,0.0001321,1.815e-05,0.0,0 STARLINK-5120,1 53982U 22125U   23107.84008517  .00001815  00000-0  13210-3 0  9990,2 53982  53.2156 278.5346 0001147  77.6829 282.4291 15.08845852 29902,6917.863,95.437,540.521,538.934,0.0
53982.0,STARLINK-5120,PAYLOAD,2023-04-18 12:03:35,15.08835267,0.000117,53.2155,275.5607,69.2694,290.8424,8.7182e-08,-2.86e-06,0.0,0 STARLINK-5120,1 53982U 22125U   23108.50249339 -.00000286  00000-0  87182-7 0  9998,2 53982  53.2155 275.5607 0001170  69.2694 290.8424 15.08835267 30004,6917.895,95.438,540.569,538.95,0.0
53982.0,STARLINK-5120,PAYLOAD,2023-04-18 18:25:07,15.08842816,0.000122,53.2178,274.3717,82.8161,277.2969,0.00014004,1.942e-05,0.0,0 STARLINK-5120,1 53982U 22125U   23108.76745088  .00001942  00000-0  14004-3 0  9996,2 53982  53.2178 274.3717 0001220  82.8161 277.2969 15.08842816 30049,6917.872,95.437,540.581,538.893,0.0
53982.0,STARLINK-5120,PAYLOAD,2023-04-19 10:18:59,15.08838717,0.0001197,53.2166,271.3978,75.6688,284.4437,9.5212e-05,1.228e-05,0.0,0 STARLINK-5120,1 53982U 22125U   23109.42985463  .00001228  00000-0  95212-4 0  9991,2 53982  53.2166 271.3978 0001197  75.6688 284.4437 15.08838717 30145,6917.884,95.438,540.577,538.921,0.0
53982.0,STARLINK-5120,PAYLOAD,2023-04-19 15:05:08,15.08845285,0.0001638,53.217,270.5072,82.9988,277.119,-2.2104e-06,-3.23e-06,0.0,0 STARLINK-5120,1 53982U 22125U   23109.62857304 -.00000323  00000-0 -22104-5 0  9993,2 53982  53.2170 270.5072 0001638  82.9988 277.1190 15.08845285 30255,6917.864,95.437,540.862,538.596,0.0
53982.0,STARLINK-5120,PAYLOAD,2023-04-19 16:40:31,15.08841947,0.0001263,53.2167,270.2094,65.638,294.4744,9.0667e-05,1.155e-05,0.0,0 STARLINK-5120,1 53982U 22125U   23109.69481275  .00001155  00000-0  90667-4 0  9990,2 53982  53.2167 270.2094 0001263  65.6380 294.4744 15.08841947 30180,6917.874,95.437,540.613,538.866,0.0
53982.0,STARLINK-5120,PAYLOAD,2023-04-20 10:09:46,15.08843874,0.0001478,53.2164,266.9384,78.4903,281.6255,4.2358e-05,3.86e-06,0.0,0 STARLINK-5120,1 53982U 22125U   23110.42345230  .00000386  00000-0  42358-4 0  9992,2 53982  53.2164 266.9384 0001478  78.4903 281.6255 15.08843874 30290,6917.869,95.437,540.756,538.711,0.0
53982.0,STARLINK-5120,PAYLOAD,2023-04-20 16:31:18,15.08844212,0.0001479,53.2164,265.7489,78.4647,281.6512,4.0065e-05,3.5e-06,0.0,0 STARLINK-5120,1 53982U 22125U   23110.68841147  .00000350  00000-0  40065-4 0  9992,2 53982  53.2164 265.7489 0001479  78.4647 281.6512 15.08844212 30416,6917.868,95.437,540.756,538.709,0.0
53982.0,STARLINK-5120,PAYLOAD,2023-04-21 03:39:00,15.08846192,0.0001205,53.2168,263.6674,94.0211,266.0918,1.3832e-05,-6.8e-07,0.0,0 STARLINK-5120,1 53982U 22125U   23111.15208907 -.00000068  00000-0  13832-4 0  9995,2 53982  53.2168 263.6674 0001205  94.0211 266.0918 15.08846192 30406,6917.861,95.437,540.56,538.893,0.0
53982.0,STARLINK-5120,PAYLOAD,2023-04-21 21:08:14,15.0884615,0.0001426,53.2154,260.393,91.1688,268.9468,3.9029e-05,3.33e-06,0.0,0 STARLINK-5120,1 53982U 22125U   23111.88072870  .00000333  00000-0  39029-4 0  9993,2 53982  53.2154 260.3930 0001426  91.1688 268.9468 15.08846150 30518,6917.862,95.437,540.713,538.74,0.0
53982.0,STARLINK-5120,PAYLOAD,2023-04-22 03:29:48,15.08836462,0.0001433,53.2169,259.2073,73.1856,286.9293,1.3509e-05,-7.3e-07,0.0,0 STARLINK-5120,1 53982U 22125U   23112.14569648 -.00000073  00000-0  13509-4 0  9994,2 53982  53.2169 259.2073 0001433  73.1856 286.9293 15.08836462 30638,6917.891,95.438,540.748,538.765,0.0
53982.0,STARLINK-5120,PAYLOAD,2023-04-22 16:12:52,15.08843727,0.0001293,53.2159,256.8277,79.3057,280.808,0.00010287,1.35e-05,0.0,0 STARLINK-5120,1 53982U 22125U   23112.67560889  .00001350  00000-0  10287-3 0  9997,2 53982  53.2159 256.8277 0001293  79.3057 280.8080 15.08843727 30630,6917.869,95.437,540.628,538.84,0.0
53982.0,STARLINK-5120,PAYLOAD,2023-04-22 20:59:01,15.08849793,0.0001431,53.2157,255.9342,83.7404,276.3751,0.00013949,1.933e-05,0.0,0 STARLINK-5120,1 53982U 22125U   23112.87432313  .00001933  00000-0  13949-3 0  9994,2 53982  53.2157 255.9342 0001431  83.7404 276.3751 15.08849793 30746,6917.85,95.437,540.705,538.726,0.0
53982.0,STARLINK-5120,PAYLOAD,2023-04-23 11:17:31,15.08825718,0.0001636,53.2172,253.2629,47.7953,312.3178,1.5436e-05,-4.2e-07,0.0,0 STARLINK-5120,1 53982U 22125U   23113.47050524 -.00000042  00000-0  15436-4 0  9996,2 53982  53.2172 253.2629 0001636  47.7953 312.3178 15.08825718 30754,6917.924,95.438,540.921,538.657,0.0
53982.0,STARLINK-5120,PAYLOAD,2023-04-23 19:14:27,15.08832489,0.00016,53.2153,251.7733,63.3981,296.7175,1.8076e-05,0.0,0.0,0 STARLINK-5120,1 53982U 22125U   23113.80170258  .00000000  00000-0  18076-4 0  9996,2 53982  53.2153 251.7733 0001600  63.3981 296.7175 15.08832489 30809,6917.903,95.438,540.875,538.661,0.0
53982.0,STARLINK-5120,PAYLOAD,2023-04-24 01:35:58,15.08844881,0.0001196,53.2166,250.5828,76.3397,283.7728,1.7515e-05,-9e-08,0.0,0 STARLINK-5120,1 53982U 22125U   23114.06665334 -.00000009  00000-0  17515-4 0  9996,2 53982  53.2166 250.5828 0001196  76.3397 283.7728 15.08844881 30922,6917.865,95.437,540.558,538.903,0.0
53982.0,STARLINK-5120,PAYLOAD,2023-04-24 09:32:53,15.08852302,6.37e-05,53.2154,249.0946,104.9331,255.1731,0.00024348,3.591e-05,0.0,0 STARLINK-5120,1 53982U 22125U   23114.39784262  .00003591  00000-0  24348-3 0  9993,2 53982  53.2154 249.0946 0000637 104.9331 255.1731 15.08852302 30977,6917.843,95.437,540.148,539.267,0.0
53982.0,STARLINK-5120,PAYLOAD,2023-04-25 09:23:42,15.08799649,7.89e-05,53.2161,244.6348,106.8784,253.2295,-0.00049805,-8.196e-05,0.0,0 STARLINK-5120,1 53982U 22125U   23115.39146574 -.00008196  00000-0 -49805-3 0  9995,2 53982  53.2161 244.6348 0000789 106.8784 253.2295 15.08799649 31040,6918.004,95.44,540.415,539.323,0.0
53982.0,STARLINK-5120,PAYLOAD,2023-04-26 12:25:16,15.08831126,0.0001249,53.2182,239.5818,118.119,241.9929,-0.0001635,-2.888e-05,0.0,0 STARLINK-5120,1 53982U 22125U   23116.51754727 -.00002888  00000-0 -16350-3 0  9996,2 53982  53.2182 239.5818 0001249 118.1190 241.9929 15.08831126 31211,6917.908,95.438,540.637,538.908,0.0
53982.0,STARLINK-5120,PAYLOAD,2023-04-26 20:22:07,15.08935048,0.0004174,53.2162,238.0916,126.3882,233.7496,-0.0016166,-0.00025997,0.0,0 STARLINK-5120,1 53982U 22125U   23116.84869312 -.00025997  00000-0 -16166-2 0  9999,2 53982  53.2162 238.0916 0004174 126.3882 233.7496 15.08935048 31262,6917.59,95.432,542.342,536.567,0.0
53982.0,STARLINK-5120,PAYLOAD,2023-04-27 01:08:21,15.08825256,0.0001033,53.2154,237.2004,114.8428,245.2672,0.00074077,0.00011516,0.0,0 STARLINK-5120,1 53982U 22125U   23117.04747540  .00011516  00000-0  74077-3 0  9996,2 53982  53.2154 237.2004 0001033 114.8428 245.2672 15.08825256 31376,6917.925,95.438,540.505,539.076,0.0
53982.0,STARLINK-5120,PAYLOAD,2023-04-27 12:16:03,15.08860224,0.0001023,53.2143,235.1192,115.2033,244.9065,0.0010118,0.0001586,0.0,0 STARLINK-5120,1 53982U 22125U   23117.51114914  .00015860  00000-0  10118-2 0  9992,2 53982  53.2143 235.1192 0001023 115.2033 244.9065 15.08860224 31449,6917.819,95.436,540.391,538.976,0.0
53982.0,STARLINK-5120,PAYLOAD,2023-04-27 18:37:35,15.08885971,0.0001011,53.2138,233.9294,112.3555,247.7545,0.0013899,0.00021929,0.0,0 STARLINK-5120,1 53982U 22125U   23117.77610001  .00021929  00000-0  13899-2 0  9990,2 53982  53.2138 233.9294 0001011 112.3555 247.7545 15.08885971 31480,6917.74,95.435,540.304,538.905,0.0
53982.0,STARLINK-5120,PAYLOAD,2023-04-28 13:42:11,15.08889862,0.0001132,53.2138,230.3618,106.3908,253.7208,0.0016134,0.00025518,0.0,0 STARLINK-5120,1 53982U 22125U   23118.57096367  .00025518  00000-0  16134-2 0  9995,2 53982  53.2138 230.3618 0001132 106.3908 253.7208 15.08889862 31600,6917.728,95.434,540.376,538.81,0.0
53982.0,STARLINK-5120,PAYLOAD,2023-04-29 07:11:26,15.08839527,0.0001075,53.2138,227.09,88.6119,271.4996,0.00061683,9.542e-05,0.0,0 STARLINK-5120,1 53982U 22125U   23119.29960707  .00009542  00000-0  61683-3 0  9992,2 53982  53.2138 227.0900 0001075  88.6119 271.4996 15.08839527 31715,6917.882,95.438,540.491,539.003,0.0
53982.0,STARLINK-5120,PAYLOAD,2023-04-29 13:32:58,15.08836014,0.0001185,53.2149,225.9,97.699,262.4137,0.00031019,4.652e-05,0.0,0 STARLINK-5120,1 53982U 22125U   23119.56457009  .00004652  00000-0  31019-3 0  9995,2 53982  53.2149 225.9000 0001185  97.6990 262.4137 15.08836014 31674,6917.893,95.438,540.577,538.938,0.0
53982.0,STARLINK-5120,PAYLOAD,2023-04-29 16:43:45,15.08830291,0.0001164,53.2151,225.3053,91.9888,268.1237,0.00016973,2.414e-05,0.0,0 STARLINK-5120,1 53982U 22125U   23119.69705225  .00002414  00000-0  16973-3 0  9991,2 53982  53.2151 225.3053 0001164  91.9888 268.1237 15.08830291 31775,6917.91,95.438,540.58,538.97,0.0
53982.0,STARLINK-5120,PAYLOAD,2023-04-30 13:23:46,15.08835692,0.0001435,53.2159,221.4407,82.6239,277.4917,0.00049869,7.657e-05,0.0,0 STARLINK-5120,1 53982U 22125U   23120.55818064  .00007657  00000-0  49869-3 0  9998,2 53982  53.2159 221.4407 0001435  82.6239 277.4917 15.08835692 31825,6917.894,95.438,540.751,538.766,0.0
53982.0,STARLINK-5120,PAYLOAD,2023-04-30 18:09:56,15.0884415,0.0001435,53.2161,220.5482,86.2423,273.8733,0.00065825,0.00010205,0.0,0 STARLINK-5120,1 53982U 22125U   23120.75689894  .00010205  00000-0  65825-3 0  9990,2 53982  53.2161 220.5482 0001435  86.2423 273.8733 15.08844150 31933,6917.868,95.437,540.725,538.74,0.0
53982.0,STARLINK-5120,PAYLOAD,2023-05-01 10:03:47,15.08835381,0.0001975,53.2159,217.5722,122.067,238.0514,0.00023069,3.385e-05,0.0,0 STARLINK-5120,1 53982U 22125U   23121.41930350  .00003385  00000-0  23069-3 0  9995,2 53982  53.2159 217.5722 0001975 122.0670 238.0514 15.08835381 32033,6917.895,95.438,541.126,538.393,0.0
53982.0,STARLINK-5120,PAYLOAD,2023-05-01 11:39:11,15.08834732,0.0001534,53.2166,217.278,102.6014,257.515,0.00023669,3.48e-05,0.0,0 STARLINK-5120,1 53982U 22125U   23121.48554589  .00003480  00000-0  23669-3 0  9990,2 53982  53.2166 217.2780 0001534 102.6014 257.5150 15.08834732 31961,6917.896,95.438,540.823,538.7,0.0
53982.0,STARLINK-5120,PAYLOAD,2023-05-01 16:25:20,15.08838157,0.0001487,53.2173,216.3864,98.3598,261.7563,0.00029444,4.401e-05,0.0,0 STARLINK-5120,1 53982U 22125U   23121.68426566  .00004401  00000-0  29444-3 0  9996,2 53982  53.2173 216.3864 0001487  98.3598 261.7563 15.08838157 31990,6917.886,95.438,540.78,538.722,0.0
53982.0,STARLINK-5120,PAYLOAD,2023-05-02 11:29:57,15.0885467,0.00014,53.2172,212.8189,100.9395,259.1755,0.00068028,0.0001056,0.0,0 STARLINK-5120,1 53982U 22125U   23122.47914246  .00010560  00000-0  68028-3 0  9995,2 53982  53.2172 212.8189 0001400 100.9395 259.1755 15.08854670 32195,6917.836,95.437,540.669,538.732,0.0
53982.0,STARLINK-5120,PAYLOAD,2023-05-02 13:05:20,15.08856478,0.000139,53.2173,212.5216,100.581,259.5339,0.00074533,0.00011599,0.0,0 STARLINK-5120,1 53982U 22125U   23122.54538190  .00011599  00000-0  74533-3 0  9994,2 53982  53.2173 212.5216 0001390 100.5810 259.5339 15.08856478 32123,6917.83,95.437,540.657,538.733,0.0
53982.0,STARLINK-5120,PAYLOAD,2023-05-02 16:16:07,15.08862976,0.0001243,53.2161,211.9244,92.0655,268.048,0.00086983,0.00013591,0.0,0 STARLINK-5120,1 53982U 22125U   23122.67785942  .00013591  00000-0  86983-3 0  9993,2 53982  53.2161 211.9244 0001243  92.0655 268.0480 15.08862976 32147,6917.81,95.436,540.535,538.815,0.0
53982.0,STARLINK-5120,PAYLOAD,2023-05-02 22:37:39,15.08845519,0.0001254,53.2166,210.7291,98.4468,261.6666,0.00022332,3.269e-05,0.0,0 STARLINK-5120,1 53982U 22125U   23122.94282048  .00003269  00000-0  22332-3 0  9991,2 53982  53.2166 210.7291 0001254  98.4468 261.6666 15.08845519 32267,6917.864,95.437,540.596,538.861,0.0
53982.0,STARLINK-5120,PAYLOAD,2023-05-03 11:20:45,15.08838557,0.0001121,53.2157,208.3575,99.9825,260.1294,-1.7635e-05,-5.68e-06,0.0,0 STARLINK-5120,1 53982U 22125U   23123.47274355 -.00000568  00000-0 -17635-4 0  9994,2 53982  53.2157 208.3575 0001121  99.9825 260.1294 15.08838557 32345,6917.885,95.438,540.525,538.974,0.0
53982.0,STARLINK-5120,PAYLOAD,2023-05-03 14:31:31,15.08843483,0.0001144,53.2156,207.7627,102.3217,257.7903,0.00015811,2.23e-05,0.0,0 STARLINK-5120,1 53982U 22125U   23123.60522253  .00002230  00000-0  15811-3 0  9991,2 53982  53.2156 207.7627 0001144 102.3217 257.7903 15.08843483 32280,6917.87,95.437,540.526,538.943,0.0
53982.0,STARLINK-5120,PAYLOAD,2023-05-04 12:46:55,15.08839558,0.0001135,53.2152,203.5995,92.8312,267.281,0.00026865,3.99e-05,0.0,0 STARLINK-5120,1 53982U 22125U   23124.53258635  .00003990  00000-0  26865-3 0  9999,2 53982  53.2152 203.5995 0001135  92.8312 267.2810 15.08839558 32424,6917.882,95.438,540.532,538.962,0.0
53982.0,STARLINK-5120,PAYLOAD,2023-05-04 14:22:18,15.08844776,0.0001181,53.2152,203.3022,92.8233,267.2894,0.00027017,4.015e-05,0.0,0 STARLINK-5120,1 53982U 22125U   23124.59882469  .00004015  00000-0  27017-3 0  9992,2 53982  53.2152 203.3022 0001181  92.8233 267.2894 15.08844776 32516,6917.866,95.437,540.548,538.914,0.0
53982.0,STARLINK-5120,PAYLOAD,2023-05-05 12:37:42,15.08846616,0.0001203,53.2149,199.1385,89.2347,270.8783,0.00022817,3.346e-05,0.0,0 STARLINK-5120,1 53982U 22125U   23125.52618425  .00003346  00000-0  22817-3 0  9994,2 53982  53.2149 199.1385 0001203  89.2347 270.8783 15.08846616 32654,6917.86,95.437,540.557,538.893,0.0
53982.0,STARLINK-5120,PAYLOAD,2023-05-05 23:45:24,15.08841123,0.0001266,53.2149,197.0581,76.7249,283.3884,0.00013829,1.914e-05,0.0,0 STARLINK-5120,1 53982U 22125U   23125.98986832  .00001914  00000-0  13829-3 0  9996,2 53982  53.2149 197.0581 0001266  76.7249 283.3884 15.08841123 32727,6917.877,95.437,540.618,538.866,0.0
53982.0,STARLINK-5120,PAYLOAD,2023-05-06 10:53:06,15.08841234,0.0001175,53.2147,194.9761,82.8299,277.2827,7.0379e-05,8.32e-06,0.0,0 STARLINK-5120,1 53982U 22125U   23126.45354929  .00000832  00000-0  70379-4 0  9997,2 53982  53.2147 194.9761 0001175  82.8299 277.2827 15.08841234 32714,6917.877,95.437,540.554,538.929,0.0
53982.0,STARLINK-5120,PAYLOAD,2023-05-07 04:22:21,15.08844889,0.0001421,53.2146,191.7053,72.7644,287.3504,-0.00014386,-2.577e-05,0.0,0 STARLINK-5120,1 53982U 22125U   23127.18218928 -.00002577  00000-0 -14386-3 0  9991,2 53982  53.2146 191.7053 0001421  72.7644 287.3504 15.08844889 32902,6917.865,95.437,540.713,538.747,0.0
53982.0,STARLINK-5120,PAYLOAD,2023-05-07 09:08:29,15.08857991,0.0001526,53.2145,190.8129,70.5282,289.5874,-0.00064754,-0.00010584,0.0,0 STARLINK-5120,1 53982U 22125U   23127.38090033 -.00010584  00000-0 -64754-3 0  9999,2 53982  53.2145 190.8129 0001526  70.5282 289.5874 15.08857991 32930,6917.825,95.436,540.746,538.635,0.0
53982.0,STARLINK-5120,PAYLOAD,2023-05-07 10:43:54,15.08835806,0.0001302,53.2145,190.5157,72.3828,287.7306,3.7428e-05,3.08e-06,0.0,0 STARLINK-5120,1 53982U 22125U   23127.44715486  .00000308  00000-0  37428-4 0  9992,2 53982  53.2145 190.5157 0001302  72.3828 287.7306 15.08835806 32869,6917.893,95.438,540.659,538.857,0.0
53982.0,STARLINK-5120,PAYLOAD,2023-05-08 10:34:40,15.08844958,0.0001079,53.2158,186.0543,85.9444,274.1672,0.00014415,2.007e-05,0.0,0 STARLINK-5120,1 53982U 22125U   23128.44074736  .00002007  00000-0  14415-3 0  9997,2 53982  53.2158 186.0543 0001079  85.9444 274.1672 15.08844958 33097,6917.865,95.437,540.477,538.984,0.0
53982.0,STARLINK-5120,PAYLOAD,2023-05-09 07:14:41,15.08840413,0.0001059,53.2158,182.1887,84.5078,275.6035,0.0001155,1.551e-05,0.0,0 STARLINK-5120,1 53982U 22125U   23129.30187102  .00001551  00000-0  11550-3 0  9995,2 53982  53.2158 182.1887 0001059  84.5078 275.6035 15.08840413 33227,6917.879,95.438,540.477,539.012,0.0
53982.0,STARLINK-5120,PAYLOAD,2023-05-10 11:51:38,15.08842074,0.0001142,53.2145,176.8369,91.5473,268.565,3.0014e-05,1.9e-06,0.0,0 STARLINK-5120,1 53982U 22125U   23130.49419007  .00000190  00000-0  30014-4 0  9994,2 53982  53.2145 176.8369 0001142  91.5473 268.5650 15.08842074 33328,6917.874,95.437,540.529,538.949,0.0
53982.0,STARLINK-5120,PAYLOAD,2023-05-10 19:48:33,15.08843875,0.000114,53.2149,175.3503,91.8314,268.2809,-8.6054e-07,-3.02e-06,0.0,0 STARLINK-5120,1 53982U 22125U   23130.82538848 -.00000302  00000-0 -86054-6 0  9990,2 53982  53.2149 175.3503 0001140  91.8314 268.2809 15.08843875 33379,6917.869,95.437,540.522,538.945,0.0
53982.0,STARLINK-5120,PAYLOAD,2023-05-11 10:07:01,15.08849619,0.0001884,53.2152,172.6746,111.1678,248.9516,-0.00018469,-3.227e-05,0.0,0 STARLINK-5120,1 53982U 22125U   23131.42154694 -.00003227  00000-0 -18469-3 0  9991,2 53982  53.2152 172.6746 0001884 111.1678 248.9516 15.08849619 33547,6917.851,95.437,541.019,538.413,0.0
53982.0,STARLINK-5120,PAYLOAD,2023-05-11 22:50:07,15.08837938,0.000121,53.2152,170.2957,94.8252,265.2879,0.00013362,1.839e-05,0.0,0 STARLINK-5120,1 53982U 22125U   23131.95147412  .00001839  00000-0  13362-3 0  9991,2 53982  53.2152 170.2957 0001210  94.8252 265.2879 15.08837938 33627,6917.887,95.438,540.589,538.915,0.0
53982.0,STARLINK-5120,PAYLOAD,2023-05-12 19:30:08,15.08840177,0.0001243,53.2148,166.4291,81.2758,278.8375,9.2039e-05,1.177e-05,0.0,0 STARLINK-5120,1 53982U 22125U   23132.81259589  .00001177  00000-0  92039-4 0  9990,2 53982  53.2148 166.4291 0001243  81.2758 278.8375 15.08840177 33672,6917.88,95.438,540.605,538.885,0.0
53982.0,STARLINK-5120,PAYLOAD,2023-05-13 09:48:36,15.08847339,0.0001202,53.2148,163.7526,79.7861,280.3266,0.0002037,2.956e-05,0.0,0 STARLINK-5120,1 53982U 22125U   23133.40875221  .00002956  00000-0  20370-3 0  9997,2 53982  53.2148 163.7526 0001202  79.7861 280.3266 15.08847339 33848,6917.858,95.437,540.554,538.891,0.0
53982.0,STARLINK-5120,PAYLOAD,2023-05-13 11:23:59,15.08848396,0.0001203,53.2149,163.4553,79.6152,280.4975,0.00019738,2.856e-05,0.0,0 STARLINK-5120,1 53982U 22125U   23133.47499132  .00002856  00000-0  19738-3 0  9992,2 53982  53.2149 163.4553 0001203  79.6152 280.4975 15.08848396 33773,6917.855,95.437,540.552,538.888,0.0
53982.0,STARLINK-5120,PAYLOAD,2023-05-13 19:20:55,15.08839831,0.0001227,53.2146,161.968,79.4876,280.6254,7.8895e-05,9.68e-06,0.0,0 STARLINK-5120,1 53982U 22125U   23133.80619570  .00000968  00000-0  78895-4 0  9991,2 53982  53.2146 161.9680 0001227  79.4876 280.6254 15.08839831 33902,6917.881,95.438,540.595,538.897,0.0
53982.0,STARLINK-5120,PAYLOAD,2023-05-14 11:14:47,15.08835431,0.0001352,53.2147,158.9961,76.3056,283.8087,3.9587e-05,3.42e-06,0.0,0 STARLINK-5120,1 53982U 22125U   23134.46860087  .00000342  00000-0  39587-4 0  9996,2 53982  53.2147 158.9961 0001352  76.3056 283.8087 15.08835431 34009,6917.894,95.438,540.695,538.824,0.0
53982.0,STARLINK-5120,PAYLOAD,2023-05-15 01:33:14,15.08843518,0.0001231,53.2157,156.3179,84.953,275.1602,5.8104e-05,6.37e-06,0.0,0 STARLINK-5120,1 53982U 22125U   23135.06475621  .00000637  00000-0  58104-4 0  9992,2 53982  53.2157 156.3179 0001231  84.9530 275.1602 15.08843518 34092,6917.87,95.437,540.586,538.883,0.0
53982.0,STARLINK-5120,PAYLOAD,2023-05-15 11:05:33,15.08845679,0.0001333,53.2159,154.5331,87.7613,272.3532,6.9363e-05,8.16e-06,0.0,0 STARLINK-5120,1 53982U 22125U   23135.46219320  .00000816  00000-0  69363-4 0  9996,2 53982  53.2159 154.5331 0001333  87.7613 272.3532 15.08845679 34079,6917.863,95.437,540.65,538.806,0.0
53982.0,STARLINK-5120,PAYLOAD,2023-05-16 04:34:48,15.08834205,0.0001294,53.2154,151.2613,87.9743,272.1397,8.5469e-05,1.072e-05,0.0,0 STARLINK-5120,1 53982U 22125U   23136.19084097  .00001072  00000-0  85469-4 0  9998,2 53982  53.2154 151.2613 0001294  87.9743 272.1397 15.08834205 34264,6917.898,95.438,540.658,538.868,0.0
53982.0,STARLINK-5120,PAYLOAD,2023-05-16 07:45:34,15.0883572,0.000127,53.2152,150.6662,86.9391,273.1746,8.178e-05,1.014e-05,0.0,0 STARLINK-5120,1 53982U 22125U   23136.32332051  .00001014  00000-0  81780-4 0  9997,2 53982  53.2152 150.6662 0001270  86.9391 273.1746 15.08835720 34207,6917.893,95.438,540.637,538.88,0.0
53982.0,STARLINK-5120,PAYLOAD,2023-05-17 07:36:21,15.08839573,0.0001297,53.2154,146.2052,87.3798,272.7342,1.561e-05,-3.9e-07,0.0,0 STARLINK-5120,1 53982U 22125U   23137.31692007 -.00000039  00000-0  15610-4 0  9993,2 53982  53.2154 146.2052 0001297  87.3798 272.7342 15.08839573 34430,6917.882,95.438,540.644,538.849,0.0
53982.0,STARLINK-5120,PAYLOAD,2023-05-17 17:08:40,15.08838873,0.00013,53.2154,144.4208,86.0568,274.0572,2.5274e-05,1.14e-06,0.0,0 STARLINK-5120,1 53982U 22125U   23137.71436033  .00000114  00000-0  25274-4 0  9992,2 53982  53.2154 144.4208 0001300  86.0568 274.0572 15.08838873 34419,6917.884,95.438,540.648,538.85,0.0
53982.0,STARLINK-5120,PAYLOAD,2023-05-18 10:37:55,15.08837342,0.0001263,53.2158,141.1519,88.4215,271.6922,5.9638e-05,6.61e-06,0.0,0 STARLINK-5120,1 53982U 22125U   23138.44300140  .00000661  00000-0  59638-4 0  9990,2 53982  53.2158 141.1519 0001263  88.4215 271.6922 15.08837342 34608,6917.889,95.438,540.627,538.88,0.0
53982.0,STARLINK-5120,PAYLOAD,2023-05-18 16:59:28,15.08835536,0.000126,53.2158,139.9623,88.9353,271.1783,4.2286e-05,3.85e-06,0.0,0 STARLINK-5120,1 53982U 22125U   23138.70796364  .00000385  00000-0  42286-4 0  9990,2 53982  53.2158 139.9623 0001260  88.9353 271.1783 15.08835536 34562,6917.894,95.438,540.631,538.887,0.0
53982.0,STARLINK-5120,PAYLOAD,2023-05-19 16:50:15,15.08838172,0.0001264,53.2163,135.5017,88.2441,271.8696,4.4807e-05,4.25e-06,0.0,0 STARLINK-5120,1 53982U 22125U   23139.70156375  .00000425  00000-0  44807-4 0  9999,2 53982  53.2163 135.5017 0001264  88.2441 271.8696 15.08838172 34796,6917.886,95.438,540.625,538.877,0.0
53982.0,STARLINK-5120,PAYLOAD,2023-05-20 16:41:02,15.08840833,0.0001294,53.2169,131.0408,86.4268,273.6872,6.6809e-05,7.76e-06,0.0,0 STARLINK-5120,1 53982U 22125U   23140.69516247  .00000776  00000-0  66809-4 0  9992,2 53982  53.2169 131.0408 0001294  86.4268 273.6872 15.08840833 34868,6917.878,95.438,540.638,538.848,0.0
53982.0,STARLINK-5120,PAYLOAD,2023-05-21 08:34:53,15.08844842,0.0001272,53.2167,128.0669,86.8648,273.249,8.2328e-05,1.023e-05,0.0,0 STARLINK-5120,1 53982U 22125U   23141.35755896  .00001023  00000-0  82328-4 0  9991,2 53982  53.2167 128.0669 0001272  86.8648 273.2490 15.08844842 35040,6917.866,95.437,540.611,538.851,0.0
53982.0,STARLINK-5120,PAYLOAD,2023-05-21 22:53:21,15.08837459,0.0001338,53.2168,125.3912,86.4302,273.6843,1.1646e-05,-1.03e-06,0.0,0 STARLINK-5120,1 53982U 22125U   23141.95372577 -.00000103  00000-0  11646-4 0  9992,2 53982  53.2168 125.3912 0001338  86.4302 273.6843 15.08837459 35051,6917.888,95.438,540.679,538.828,0.0
53982.0,STARLINK-5120,PAYLOAD,2023-05-22 05:14:54,15.0884114,0.0001341,53.2165,124.202,86.2997,273.8149,4.2203e-05,3.84e-06,0.0,0 STARLINK-5120,1 53982U 22125U   23142.21868283  .00000384  00000-0  42203-4 0  9999,2 53982  53.2165 124.2020 0001341  86.2997 273.8149 15.08841140 35095,6917.877,95.437,540.67,538.814,0.0
53982.0,STARLINK-5120,PAYLOAD,2023-05-22 16:22:36,15.08838324,0.0001357,53.217,122.1187,95.6344,264.4803,2.2197e-05,6.5e-07,0.0,0 STARLINK-5120,1 53982U 22125U   23142.68236482  .00000065  00000-0  22197-4 0  9996,2 53982  53.2170 122.1187 0001357  95.6344 264.4803 15.08838324 35160,6917.886,95.438,540.689,538.812,0.0
53982.0,STARLINK-5120,PAYLOAD,2023-05-23 01:54:55,15.08813534,0.0001257,53.2164,120.3348,100.4614,259.652,0.00043007,6.558e-05,0.0,0 STARLINK-5120,1 53982U 22125U   23143.07981018  .00006558  00000-0  43007-3 0  9997,2 53982  53.2164 120.3348 0001257 100.4614 259.6520 15.08813534 35300,6917.961,95.439,540.696,538.957,0.0
53982.0,STARLINK-5120,PAYLOAD,2023-05-23 05:05:41,15.08842193,0.0001355,53.2168,119.74,95.0809,265.0338,4.2628e-05,3.91e-06,0.0,0 STARLINK-5120,1 53982U 22125U   23143.21228144  .00000391  00000-0  42628-4 0  9995,2 53982  53.2168 119.7400 0001355  95.0809 265.0338 15.08842193 35322,6917.874,95.437,540.676,538.801,0.0
53982.0,STARLINK-5120,PAYLOAD,2023-05-24 08:07:14,15.08838649,0.0001225,53.2171,114.6853,91.8048,268.3084,3.9245e-05,3.37e-06,0.0,0 STARLINK-5120,1 53982U 22125U   23144.33836489  .00000337  00000-0  39245-4 0  9997,2 53982  53.2171 114.6853 0001225  91.8048 268.3084 15.08838649 35490,6917.885,95.438,540.597,538.902,0.0
53982.0,STARLINK-5120,PAYLOAD,2023-05-25 22:16:30,15.08782111,0.0001458,53.2167,107.5497,92.4995,267.6164,0.00070498,0.00010932,0.0,0 STARLINK-5120,1 53982U 22125U   23145.92813333  .00010932  00000-0  70498-3 0  9992,2 53982  53.2167 107.5497 0001458  92.4995 267.6164 15.08782111 35657,6918.057,95.441,540.931,538.914,0.0
53982.0,STARLINK-5120,PAYLOAD,2023-05-26 03:02:39,15.08827718,0.0001202,53.2167,106.6574,98.3126,261.8002,0.00020149,2.919e-05,0.0,0 STARLINK-5120,1 53982U 22125U   23146.12685014  .00002919  00000-0  20149-3 0  9992,2 53982  53.2167 106.6574 0001202  98.3126 261.8002 15.08827718 35763,6917.918,95.438,540.614,538.951,0.0
53982.0,STARLINK-5120,PAYLOAD,2023-05-26 20:31:54,15.08833685,0.0001215,53.2171,103.3883,96.1638,263.9492,7.0668e-05,8.37e-06,0.0,0 STARLINK-5120,1 53982U 22125U   23146.85549335  .00000837  00000-0  70668-4 0  9996,2 53982  53.2171 103.3883 0001215  96.1638 263.9492 15.08833685 35792,6917.9,95.438,540.605,538.924,0.0
53982.0,STARLINK-5120,PAYLOAD,2023-05-27 04:28:50,15.08833362,0.0001183,53.2171,101.9002,90.1689,269.9439,2.0627e-05,4e-07,0.0,0 STARLINK-5120,1 53982U 22125U   23147.18669698  .00000040  00000-0  20627-4 0  9994,2 53982  53.2171 101.9002 0001183  90.1689 269.9439 15.08833362 35927,6917.901,95.438,540.584,538.947,0.0
53982.0,STARLINK-5120,PAYLOAD,2023-05-27 20:22:41,15.08839503,0.0001176,53.2172,98.9255,90.0869,270.0258,2.8092e-05,1.59e-06,0.0,0 STARLINK-5120,1 53982U 22125U   23147.84909451  .00000159  00000-0  28092-4 0  9996,2 53982  53.2172  98.9255 0001176  90.0869 270.0258 15.08839503 35941,6917.882,95.438,540.56,538.933,0.0
53982.0,STARLINK-5120,PAYLOAD,2023-05-28 02:44:13,15.08844732,0.0001201,53.2174,97.7372,88.6137,271.4993,6.4037e-05,7.32e-06,0.0,0 STARLINK-5120,1 53982U 22125U   23148.11404961  .00000732  00000-0  64037-4 0  9999,2 53982  53.2174  97.7372 0001201  88.6137 271.4993 15.08844732 36065,6917.866,95.437,540.562,538.9,0.0
53982.0,STARLINK-5120,PAYLOAD,2023-05-28 04:19:36,15.08846702,0.0001265,53.2178,97.4399,88.2875,271.8262,8.0322e-05,9.91e-06,0.0,0 STARLINK-5120,1 53982U 22125U   23148.18028809  .00000991  00000-0  80322-4 0  9991,2 53982  53.2178  97.4399 0001265  88.2875 271.8262 15.08846702 35993,6917.86,95.437,540.6,538.85,0.0
53982.0,STARLINK-5120,PAYLOAD,2023-05-28 20:13:28,15.08840234,0.0001302,53.2181,94.467,87.3659,272.7482,9.5587e-05,1.234e-05,0.0,0 STARLINK-5120,1 53982U 22125U   23148.84269063  .00001234  00000-0  95587-4 0  9993,2 53982  53.2181  94.4670 0001302  87.3659 272.7482 15.08840234 36098,6917.88,95.438,540.645,538.844,0.0
53982.0,STARLINK-5120,PAYLOAD,2023-05-29 05:45:46,15.08844715,0.0001167,53.2176,92.6824,89.6942,270.4184,0.00011703,1.575e-05,0.0,0 STARLINK-5120,1 53982U 22125U   23149.24012641  .00001575  00000-0  11703-3 0  9991,2 53982  53.2176  92.6824 0001167  89.6942 270.4184 15.08844715 36230,6917.866,95.437,540.538,538.924,0.0
53982.0,STARLINK-5120,PAYLOAD,2023-05-30 02:25:48,15.08835266,0.0001223,53.2177,88.8171,84.84,275.2732,-4.5869e-05,-1.018e-05,0.0,0 STARLINK-5120,1 53982U 22125U   23150.10125941 -.00001018  00000-0 -45869-4 0  9991,2 53982  53.2177  88.8171 0001223  84.8400 275.2732 15.08835266 36369,6917.895,95.438,540.606,538.914,0.0
53982.0,STARLINK-5120,PAYLOAD,2023-05-30 05:36:34,15.08837275,0.0001225,53.2178,88.2215,88.5761,271.5371,-4.6207e-05,-1.023e-05,0.0,0 STARLINK-5120,1 53982U 22125U   23150.23373828 -.00001023  00000-0 -46207-4 0  9997,2 53982  53.2178  88.2215 0001225  88.5761 271.5371 15.08837275 36300,6917.889,95.438,540.601,538.906,0.0
53982.0,STARLINK-5120,PAYLOAD,2023-05-31 02:16:34,15.08851254,0.0001137,53.2183,84.3558,88.2504,271.8618,9.6722e-05,1.252e-05,0.0,0 STARLINK-5120,1 53982U 22125U   23151.09484402  .00001252  00000-0  96722-4 0  9992,2 53982  53.2183  84.3558 0001137  88.2504 271.8618 15.08851254 36510,6917.846,95.437,540.498,538.924,0.0
53982.0,STARLINK-5120,PAYLOAD,2023-05-31 05:27:20,15.08853953,0.0001146,53.2183,83.7608,88.8893,271.223,0.00011774,1.587e-05,0.0,0 STARLINK-5120,1 53982U 22125U   23151.22732152  .00001587  00000-0  11774-3 0  9999,2 53982  53.2183  83.7608 0001146  88.8893 271.2230 15.08853953 36451,6917.838,95.437,540.496,538.91,0.0
53982.0,STARLINK-5120,PAYLOAD,2023-05-31 19:45:50,15.08832542,8.96e-05,53.2185,81.085,83.6208,276.4886,5.245e-05,5.47e-06,0.0,0 STARLINK-5120,1 53982U 22125U   23151.82349813  .00000547  00000-0  52450-4 0  9995,2 53982  53.2185  81.0850 0000896  83.6208 276.4886 15.08832542 36542,6917.903,95.438,540.388,539.148,0.0
53982.0,STARLINK-5120,PAYLOAD,2023-06-01 02:07:22,15.08841312,0.0001087,53.2181,79.8962,89.8588,270.2528,0.00014002,1.941e-05,0.0,0 STARLINK-5120,1 53982U 22125U   23152.08845292  .00001941  00000-0  14002-3 0  9995,2 53982  53.2181  79.8962 0001087  89.8588 270.2528 15.08841312 36662,6917.876,95.437,540.493,538.989,0.0
53982.0,STARLINK-5120,PAYLOAD,2023-06-02 01:58:09,15.08841501,0.0001116,53.2177,75.4367,89.5612,270.5508,-6.3371e-05,-1.296e-05,0.0,0 STARLINK-5120,1 53982U 22125U   23153.08205415 -.00001296  00000-0 -63371-4 0  9992,2 53982  53.2177  75.4367 0001116  89.5612 270.5508 15.08841501 36814,6917.876,95.437,540.513,538.969,0.0
53982.0,STARLINK-5120,PAYLOAD,2023-06-02 17:52:01,15.08833696,0.0001099,53.218,72.4636,94.4316,265.6802,5.7035e-05,6.2e-06,0.0,0 STARLINK-5120,1 53982U 22125U   23153.74445981  .00000620  00000-0  57035-4 0  9997,2 53982  53.2180  72.4636 0001099  94.4316 265.6802 15.08833696 36919,6917.9,95.438,540.525,539.004,0.0
53982.0,STARLINK-5120,PAYLOAD,2023-06-03 04:59:43,15.08842151,0.0001041,53.2178,70.3811,92.9115,267.1997,0.00010119,1.323e-05,0.0,0 STARLINK-5120,1 53982U 22125U   23154.20813725  .00001323  00000-0  10119-3 0  9996,2 53982  53.2178  70.3811 0001041  92.9115 267.1997 15.08842151 36902,6917.874,95.437,540.459,539.019,0.0
53982.0,STARLINK-5120,PAYLOAD,2023-06-04 03:15:06,15.08847093,0.0001052,53.2171,66.2176,101.3946,258.7164,8.8863e-05,1.127e-05,0.0,0 STARLINK-5120,1 53982U 22125U   23155.13549606  .00001127  00000-0  88863-4 0  9997,2 53982  53.2171  66.2176 0001052 101.3946 258.7164 15.08847093 37040,6917.859,95.437,540.451,538.996,0.0
53982.0,STARLINK-5120,PAYLOAD,2023-06-05 03:05:54,15.08840122,9.27e-05,53.2182,61.7561,94.9958,265.114,9.9809e-05,1.301e-05,0.0,0 STARLINK-5120,1 53982U 22125U   23156.12910153  .00001301  00000-0  99809-4 0  9992,2 53982  53.2182  61.7561 0000927  94.9958 265.1140 15.08840122 37277,6917.88,95.438,540.386,539.104,0.0
53982.0,STARLINK-5120,PAYLOAD,2023-06-05 11:02:49,15.08845014,9.44e-05,53.2189,60.269,81.9488,278.1611,2.9136e-05,1.76e-06,0.0,0 STARLINK-5120,1 53982U 22125U   23156.46029879  .00000176  00000-0  29136-4 0  9990,2 53982  53.2189  60.2690 0000944  81.9488 278.1611 15.08845014 37243,6917.865,95.437,540.383,539.077,0.0
53982.0,STARLINK-5120,PAYLOAD,2023-06-05 17:24:22,15.08841185,0.0001146,53.218,59.0808,102.7917,257.3203,6.1389e-05,6.89e-06,0.0,0 STARLINK-5120,1 53982U 22125U   23156.72526158  .00000689  00000-0  61389-4 0  9996,2 53982  53.2180  59.0808 0001146 102.7917 257.3203 15.08841185 37280,6917.877,95.437,540.535,538.949,0.0
53982.0,STARLINK-5120,PAYLOAD,2023-06-06 02:56:40,15.08851384,0.0001197,53.219,57.2969,93.7373,266.3756,7.6356e-05,9.28e-06,0.0,0 STARLINK-5120,1 53982U 22125U   23157.12269408  .00000928  00000-0  76356-4 0  9999,2 53982  53.2190  57.2969 0001197  93.7373 266.3756 15.08851384 37421,6917.846,95.437,540.539,538.883,0.0
53982.0,STARLINK-5120,PAYLOAD,2023-06-06 23:36:42,15.08841861,0.0001315,53.2189,53.4325,86.8946,273.2197,3.5971e-05,2.85e-06,0.0,0 STARLINK-5120,1 53982U 22125U   23157.98382258  .00000285  00000-0  35971-4 0  9996,2 53982  53.2189  53.4325 0001315  86.8946 273.2197 15.08841861 37553,6917.875,95.437,540.649,538.83,0.0
53982.0,STARLINK-5120,PAYLOAD,2023-06-07 02:47:28,15.08847302,0.0001239,53.2191,52.8373,90.7035,269.4099,5.8058e-05,6.36e-06,0.0,0 STARLINK-5120,1 53982U 22125U   23158.11629780  .00000636  00000-0  58058-4 0  9997,2 53982  53.2191  52.8373 0001239  90.7035 269.4099 15.08847302 37497,6917.858,95.437,540.58,538.866,0.0
53982.0,STARLINK-5120,PAYLOAD,2023-06-07 17:05:57,15.08830219,0.0001377,53.2217,50.1642,92.7873,267.3277,7.6005e-05,9.22e-06,0.0,0 STARLINK-5120,1 53982U 22125U   23158.71246930  .00000922  00000-0  76005-4 0  9995,2 53982  53.2217  50.1642 0001377  92.7873 267.3277 15.08830219 37664,6917.91,95.438,540.728,538.823,0.0
53982.0,STARLINK-5120,PAYLOAD,2023-06-07 21:52:06,15.08834602,0.0001401,53.2203,49.2712,90.9804,269.1349,-2.799e-06,-3.32e-06,0.0,0 STARLINK-5120,1 53982U 22125U   23158.91118931 -.00000332  00000-0 -27990-5 0  9993,2 53982  53.2203  49.2712 0001401  90.9804 269.1349 15.08834602 37613,6917.897,95.438,540.731,538.793,0.0
53982.0,STARLINK-5120,PAYLOAD,2023-06-09 02:29:02,15.08850905,0.0001259,53.2185,43.9159,96.1086,264.0049,0.00012219,1.658e-05,0.0,0 STARLINK-5120,1 53982U 22125U   23160.10349700  .00001658  00000-0  12219-3 0  9993,2 53982  53.2185  43.9159 0001259  96.1086 264.0049 15.08850905 37872,6917.847,95.437,540.583,538.841,0.0
53982.0,STARLINK-5120,PAYLOAD,2023-06-09 08:50:35,15.0884427,0.000122,53.2177,42.7237,75.1797,284.933,4.879e-05,4.89e-06,0.0,0 STARLINK-5120,1 53982U 22125U   23160.36846257  .00000489  00000-0  48790-4 0  9995,2 53982  53.2177  42.7237 0001220  75.1797 284.9330 15.08844270 37918,6917.867,95.437,540.576,538.888,0.0
53982.0,STARLINK-5120,PAYLOAD,2023-06-09 16:47:31,15.08827166,0.0001156,53.2188,41.2378,89.1649,270.9476,0.00014947,2.091e-05,0.0,0 STARLINK-5120,1 53982U 22125U   23160.69967229  .00002091  00000-0  14947-3 0  9991,2 53982  53.2188  41.2378 0001156  89.1649 270.9476 15.08827166 37965,6917.92,95.438,540.584,538.985,0.0
53982.0,STARLINK-5120,PAYLOAD,2023-06-10 00:44:27,15.08838636,0.0001191,53.2193,39.7552,93.2048,266.908,0.00010522,1.387e-05,0.0,0 STARLINK-5120,1 53982U 22125U   23161.03086843  .00001387  00000-0  10522-3 0  9996,2 53982  53.2193  39.7552 0001191  93.2048 266.9080 15.08838636 38012,6917.885,95.438,540.573,538.926,0.0
53982.0,STARLINK-5120,PAYLOAD,2023-06-10 08:41:22,15.08837721,0.0001166,53.2193,38.2685,90.1052,270.0074,8.1931e-05,1.016e-05,0.0,0 STARLINK-5120,1 53982U 22125U   23161.36207084  .00001016  00000-0  81931-4 0  9996,2 53982  53.2193  38.2685 0001166  90.1052 270.0074 15.08837721 37984,6917.887,95.438,540.559,538.946,0.0
53982.0,STARLINK-5120,PAYLOAD,2023-06-10 18:13:41,15.08836329,0.0001238,53.219,36.4839,105.7938,254.3191,-6.5479e-05,-1.33e-05,0.0,0 STARLINK-5120,1 53982U 22125U   23161.75950910 -.00001330  00000-0 -65479-4 0  9992,2 53982  53.2190  36.4839 0001238 105.7938 254.3191 15.08836329 38044,6917.892,95.438,540.613,538.9,0.0
53982.0,STARLINK-5120,PAYLOAD,2023-06-11 08:32:09,15.08845212,0.000115,53.2196,33.808,86.5407,273.5717,-9.536e-06,-4.4e-06,0.0,0 STARLINK-5120,1 53982U 22125U   23162.35566909 -.00000440  00000-0 -95360-5 0  9994,2 53982  53.2196  33.8080 0001150  86.5407 273.5717 15.08845212 38216,6917.864,95.437,540.525,538.934,0.0
53982.0,STARLINK-5120,PAYLOAD,2023-06-11 18:04:28,15.08837983,0.0001035,53.2196,32.0236,93.6947,266.4163,0.00022415,3.281e-05,0.0,0 STARLINK-5120,1 53982U 22125U   23162.75311015  .00003281  00000-0  22415-3 0  9997,2 53982  53.2196  32.0236 0001035  93.6947 266.4163 15.08837983 38199,6917.887,95.438,540.468,539.036,0.0
53982.0,STARLINK-5120,PAYLOAD,2023-06-12 08:22:56,15.08843432,0.000107,53.2187,29.3466,83.757,276.3544,6.8648e-05,8.05e-06,0.0,0 STARLINK-5120,1 53982U 22125U   23163.34926757  .00000805  00000-0  68648-4 0  9996,2 53982  53.2187  29.3466 0001070  83.7570 276.3544 15.08843432 38283,6917.87,95.437,540.475,538.995,0.0
53982.0,STARLINK-5120,PAYLOAD,2023-06-12 21:06:02,15.0883817,9.89e-05,53.2189,26.968,86.2826,273.8279,0.00012709,1.735e-05,0.0,0 STARLINK-5120,1 53982U 22125U   23163.87919287  .00001735  00000-0  12709-3 0  9993,2 53982  53.2189  26.9680 0000989  86.2826 273.8279 15.08838170 38444,6917.886,95.438,540.435,539.067,0.0
53982.0,STARLINK-5120,PAYLOAD,2023-06-13 00:16:48,15.08845574,0.0001004,53.2182,26.3728,86.7086,273.4021,0.00011555,1.552e-05,0.0,0 STARLINK-5120,1 53982U 22125U   23164.01166777  .00001552  00000-0  11555-3 0  9993,2 53982  53.2182  26.3728 0001004  86.7086 273.4021 15.08845574 38465,6917.863,95.437,540.423,539.034,0.0
53982.0,STARLINK-5120,PAYLOAD,2023-06-13 14:35:16,15.08839623,0.0001098,53.2176,23.6967,84.6873,275.4244,3.8043e-05,3.18e-06,0.0,0 STARLINK-5120,1 53982U 22125U   23164.60783132  .00000318  00000-0  38043-4 0  9999,2 53982  53.2176  23.6967 0001098  84.6873 275.4244 15.08839623 38475,6917.882,95.438,540.506,538.987,0.0
53982.0,STARLINK-5120,PAYLOAD,2023-06-13 17:46:02,15.08843881,0.0001116,53.2184,23.102,86.1031,274.0088,5.5329e-05,5.93e-06,0.0,0 STARLINK-5120,1 53982U 22125U   23164.74030957  .00000593  00000-0  55329-4 0  9995,2 53982  53.2184  23.1020 0001116  86.1031 274.0088 15.08843881 38497,6917.869,95.437,540.506,538.961,0.0
53982.0,STARLINK-5120,PAYLOAD,2023-06-14 00:07:34,15.08850668,0.0001045,53.2184,21.912,85.7118,274.3994,0.00011028,1.468e-05,0.0,0 STARLINK-5120,1 53982U 22125U   23165.00526317  .00001468  00000-0  11028-3 0  9994,2 53982  53.2184  21.9120 0001045  85.7118 274.3994 15.08850668 38531,6917.848,95.437,540.436,538.99,0.0
53982.0,STARLINK-5120,PAYLOAD,2023-06-14 17:36:50,15.08830634,0.0001089,53.2187,18.6403,86.3686,273.7431,-1.6962e-05,-5.58e-06,0.0,0 STARLINK-5120,1 53982U 22125U   23165.73391662 -.00000558  00000-0 -16962-4 0  9991,2 53982  53.2187  18.6403 0001089  86.3686 273.7431 15.08830634 38727,6917.909,95.438,540.527,539.021,0.0
53982.0,STARLINK-5120,PAYLOAD,2023-06-14 20:47:36,15.08835333,0.00011,53.2184,18.047,84.8552,275.2566,6.7538e-05,7.87e-06,0.0,0 STARLINK-5120,1 53982U 22125U   23165.86639531  .00000787  00000-0  67538-4 0  9992,2 53982  53.2184  18.0470 0001100  84.8552 275.2566 15.08835333 38661,6917.895,95.438,540.521,538.999,0.0
53982.0,STARLINK-5120,PAYLOAD,2023-06-15 01:33:45,15.08840224,0.0001095,53.2186,17.155,83.7124,276.3993,3.6938e-05,3e-06,0.0,0 STARLINK-5120,1 53982U 22125U   23166.06511300  .00000300  00000-0  36938-4 0  9999,2 53982  53.2186  17.1550 0001095  83.7124 276.3993 15.08840224 38771,6917.88,95.438,540.502,538.987,0.0
53982.0,STARLINK-5120,PAYLOAD,2023-06-15 17:27:37,15.08842494,0.0001028,53.2182,14.1818,88.6113,271.4997,5.6267e-05,6.08e-06,0.0,0 STARLINK-5120,1 53982U 22125U   23166.72751220  .00000608  00000-0  56267-4 0  9997,2 53982  53.2182  14.1818 0001028  88.6113 271.4997 15.08842494 38792,6917.873,95.437,540.449,539.027,0.0
53982.0,STARLINK-5120,PAYLOAD,2023-06-16 01:24:32,15.08852066,0.0001018,53.2193,12.6943,84.3107,275.8001,0.00014599,2.037e-05,0.0,0 STARLINK-5120,1 53982U 22125U   23167.05870398  .00002037  00000-0  14599-3 0  9991,2 53982  53.2193  12.6943 0001018  84.3107 275.8001 15.08852066 38926,6917.844,95.437,540.413,539.004,0.0
53982.0,STARLINK-5120,PAYLOAD,2023-06-16 20:29:09,15.08854544,0.0001056,53.2178,9.1275,83.1502,276.961,0.00027014,4.016e-05,0.0,0 STARLINK-5120,1 53982U 22125U   23167.85358398  .00004016  00000-0  27014-3 0  9995,2 53982  53.2178   9.1275 0001056  83.1502 276.9610 15.08854544 38961,6917.836,95.437,540.431,538.97,0.0
53982.0,STARLINK-5120,PAYLOAD,2023-06-17 06:01:29,15.08829713,0.000106,53.2188,7.3425,97.1724,262.9389,-0.0002584,-4.397e-05,0.0,0 STARLINK-5120,1 53982U 22125U   23168.25103240 -.00004397  00000-0 -25840-3 0  9993,2 53982  53.2188   7.3425 0001060  97.1724 262.9389 15.08829713 39100,6917.912,95.438,540.51,539.044,0.0
53982.0,STARLINK-5120,PAYLOAD,2023-06-17 12:23:01,15.08828564,0.0001062,53.2185,6.1531,94.4792,265.6322,-0.00024684,-4.213e-05,0.0,0 STARLINK-5120,1 53982U 22125U   23168.51599376 -.00004213  00000-0 -24684-3 0  9993,2 53982  53.2185   6.1531 0001062  94.4792 265.6322 15.08828564 39064,6917.915,95.438,540.515,539.046,0.0
53982.0,STARLINK-5120,PAYLOAD,2023-06-17 20:19:58,15.08823048,0.0001126,53.2189,4.6669,99.8387,260.2733,-0.0003288,-5.514e-05,0.0,0 STARLINK-5120,1 53982U 22125U   23168.84719909 -.00005514  00000-0 -32880-3 0  9997,2 53982  53.2189   4.6669 0001126  99.8387 260.2733 15.08823048 39118,6917.932,95.439,540.576,539.018,0.0
53982.0,STARLINK-5120,PAYLOAD,2023-06-18 05:52:16,15.08831358,0.0001049,53.2192,2.8828,103.8856,256.2253,-0.00010668,-1.985e-05,0.0,0 STARLINK-5120,1 53982U 22125U   23169.24464067 -.00001985  00000-0 -10668-3 0  9992,2 53982  53.2192   2.8828 0001049 103.8856 256.2253 15.08831358 39171,6917.907,95.438,540.497,539.046,0.0
53982.0,STARLINK-5120,PAYLOAD,2023-06-18 23:21:31,15.08845873,9.39e-05,53.2185,359.6113,105.5708,254.5388,0.00014299,1.989e-05,0.0,0 STARLINK-5120,1 53982U 22125U   23169.97327629  .00001989  00000-0  14299-3 0  9990,2 53982  53.2185 359.6113 0000939 105.5708 254.5388 15.08845873 39363,6917.862,95.437,540.377,539.078,0.0
53982.0,STARLINK-5120,PAYLOAD,2023-06-19 05:43:03,15.08847967,8.51e-05,53.2178,358.4214,106.3131,253.7955,0.00039749,6.045e-05,0.0,0 STARLINK-5120,1 53982U 22125U   23170.23823843  .00006045  00000-0  39749-3 0  9995,2 53982  53.2178 358.4214 0000851 106.3131 253.7955 15.08847967 39329,6917.856,95.437,540.31,539.132,0.0
53982.0,STARLINK-5120,PAYLOAD,2023-06-19 15:15:22,15.08851723,9.42e-05,53.2174,356.637,99.0628,261.0471,0.00054417,8.386e-05,0.0,0 STARLINK-5120,1 53982U 22125U   23170.63567985  .00008386  00000-0  54417-3 0  9990,2 53982  53.2174 356.6370 0000942  99.0628 261.0471 15.08851723 39384,6917.845,95.437,540.361,539.058,0.0
53982.0,STARLINK-5120,PAYLOAD,2023-06-20 00:47:41,15.0886105,9.31e-05,53.2169,354.8524,94.1372,265.9727,0.00057455,8.873e-05,0.0,0 STARLINK-5120,1 53982U 22125U   23171.03311450  .00008873  00000-0  57455-3 0  9995,2 53982  53.2169 354.8524 0000931  94.1372 265.9727 15.08861050 39526,6917.816,95.436,540.325,539.037,0.0
53982.0,STARLINK-5120,PAYLOAD,2023-06-20 05:33:50,15.08839441,5.23e-05,53.2173,353.9607,99.6242,260.4809,-0.00015849,-2.809e-05,0.0,0 STARLINK-5120,1 53982U 22125U   23171.23183627 -.00002809  00000-0 -15849-3 0  9996,2 53982  53.2173 353.9607 0000523  99.6242 260.4809 15.08839441 39559,6917.882,95.438,540.109,539.385,0.0
53982.0,STARLINK-5120,PAYLOAD,2023-06-20 19:52:18,15.08852252,6.73e-05,53.2176,351.284,82.244,277.8629,0.00073818,0.00011484,0.0,0 STARLINK-5120,1 53982U 22125U   23171.82799725  .00011484  00000-0  73818-3 0  9990,2 53982  53.2176 351.2840 0000673  82.2440 277.8629 15.08852252 39564,6917.843,95.437,540.174,539.242,0.0
53982.0,STARLINK-5120,PAYLOAD,2023-06-20 21:27:42,15.08846861,7.37e-05,53.2178,350.9872,71.9004,288.2068,0.0013582,0.00021398,0.0,0 STARLINK-5120,1 53982U 22125U   23171.89423893  .00021398  00000-0  13582-2 0  9993,2 53982  53.2178 350.9872 0000737  71.9004 288.2068 15.08846861 39651,6917.859,95.437,540.234,539.215,0.0
53982.0,STARLINK-5120,PAYLOAD,2023-06-21 18:07:43,15.08849434,8.2e-05,53.2183,347.1208,80.9934,279.1151,0.00061857,9.573e-05,0.0,0 STARLINK-5120,1 53982U 22125U   23172.75535962  .00009573  00000-0  61857-3 0  9990,2 53982  53.2183 347.1208 0000820  80.9934 279.1151 15.08849434 39788,6917.852,95.437,540.284,539.149,0.0
53982.0,STARLINK-5120,PAYLOAD,2023-06-22 05:15:25,15.08845653,8.62e-05,53.218,345.0401,75.3725,284.7363,0.0003822,5.801e-05,0.0,0 STARLINK-5120,1 53982U 22125U   23173.21903963  .00005801  00000-0  38220-3 0  9990,2 53982  53.2180 345.0401 0000862  75.3725 284.7363 15.08845653 39853,6917.863,95.437,540.324,539.132,0.0
53982.0,STARLINK-5120,PAYLOAD,2023-06-23 17:49:17,15.08845183,8.5e-05,53.2179,338.2035,86.7131,273.3959,9.6481e-05,1.248e-05,0.0,0 STARLINK-5120,1 53982U 22125U   23174.74255831  .00001248  00000-0  96481-4 0  9998,2 53982  53.2179 338.2035 0000850  86.7131 273.3959 15.08845183 40082,6917.865,95.437,540.318,539.142,0.0
53982.0,STARLINK-5120,PAYLOAD,2023-06-24 17:40:04,15.08840579,9.54e-05,53.2195,333.7443,94.9287,265.1814,8.277e-05,1.03e-05,0.0,0 STARLINK-5120,1 53982U 22125U   23175.73616192  .00001030  00000-0  82770-4 0  9994,2 53982  53.2195 333.7443 0000954  94.9287 265.1814 15.08840579 40231,6917.879,95.438,540.404,539.084,0.0
53982.0,STARLINK-5120,PAYLOAD,2023-06-25 03:12:23,15.08830594,0.0001624,53.2187,331.9579,93.0388,267.079,-0.00012457,-2.27e-05,0.0,0 STARLINK-5120,1 53982U 22125U   23176.13360854 -.00002270  00000-0 -12457-3 0  9993,2 53982  53.2187 331.9579 0001624  93.0388 267.0790 15.08830594 40295,6917.909,95.438,540.898,538.651,0.0
53982.0,STARLINK-5120,PAYLOAD,2023-06-25 17:30:51,15.08843748,9.48e-05,53.2182,329.2837,104.1378,255.9719,0.00014923,2.088e-05,0.0,0 STARLINK-5120,1 53982U 22125U   23176.72976165  .00002088  00000-0  14923-3 0  9991,2 53982  53.2182 329.2837 0000948 104.1378 255.9719 15.08843748 40380,6917.869,95.437,540.39,539.078,0.0
53982.0,STARLINK-5120,PAYLOAD,2023-06-26 03:03:10,15.08836644,6.86e-05,53.2164,327.4954,94.6549,265.4521,1.466e-05,-5.4e-07,0.0,0 STARLINK-5120,1 53982U 22125U   23177.12720356 -.00000054  00000-0  14660-4 0  9996,2 53982  53.2164 327.4954 0000686  94.6549 265.4521 15.08836644 40443,6917.891,95.438,540.23,539.281,0.0
53982.0,STARLINK-5120,PAYLOAD,2023-06-27 09:15:30,15.088377,8.66e-05,53.217,321.8471,96.192,263.917,0.00019046,2.745e-05,0.0,0 STARLINK-5120,1 53982U 22125U   23178.38576892  .00002745  00000-0  19046-3 0  9999,2 53982  53.2170 321.8471 0000866  96.1920 263.9170 15.08837700 40630,6917.887,95.438,540.352,539.153,0.0
53982.0,STARLINK-5120,PAYLOAD,2023-06-28 15:27:49,15.0884414,8.43e-05,53.2171,316.1969,94.8306,265.2782,0.00010655,1.409e-05,0.0,0 STARLINK-5120,1 53982U 22125U   23179.64432583  .00001409  00000-0  10655-3 0  9990,2 53982  53.2171 316.1969 0000843  94.8306 265.2782 15.08844140 40829,6917.868,95.437,540.316,539.15,0.0
53982.0,STARLINK-5120,PAYLOAD,2023-06-29 18:29:22,15.0884845,8.76e-05,53.2182,311.1431,77.5888,282.5202,0.00017186,2.449e-05,0.0,0 STARLINK-5120,1 53982U 22125U   23180.77040372  .00002449  00000-0  17186-3 0  9998,2 53982  53.2182 311.1431 0000876  77.5888 282.5202 15.08848450 40994,6917.855,95.437,540.326,539.114,0.0
53982.0,STARLINK-5120,PAYLOAD,2023-06-30 15:09:23,15.0884426,9.45e-05,53.2195,307.2787,87.8993,272.2108,0.00010137,1.326e-05,0.0,0 STARLINK-5120,1 53982U 22125U   23181.63152496  .00001326  00000-0  10137-3 0  9997,2 53982  53.2195 307.2787 0000945  87.8993 272.2108 15.08844260 41128,6917.867,95.437,540.386,539.079,0.0
53982.0,STARLINK-5120,PAYLOAD,2023-07-01 15:00:11,15.08839014,9.1e-05,53.2196,302.8188,95.3222,264.7874,2.1973e-05,6.2e-07,0.0,0 STARLINK-5120,1 53982U 22125U   23182.62512975  .00000062  00000-0  21973-4 0  9996,2 53982  53.2196 302.8188 0000910  95.3222 264.7874 15.08839014 41279,6917.883,95.438,540.378,539.119,0.0
53982.0,STARLINK-5120,PAYLOAD,2023-07-03 00:23:16,15.08843065,8.79e-05,53.2184,296.5729,112.8526,247.2559,1.0327e-05,-1.23e-06,0.0,0 STARLINK-5120,1 53982U 22125U   23184.01616848 -.00000123  00000-0  10327-4 0  9995,2 53982  53.2184 296.5729 0000879 112.8526 247.2559 15.08843065 41482,6917.871,95.437,540.344,539.128,0.0
53982.0,STARLINK-5120,PAYLOAD,2023-07-04 11:21:46,15.08834369,9.21e-05,53.2183,290.0307,91.2012,268.9085,2.9929e-05,1.89e-06,0.0,0 STARLINK-5120,1 53982U 22125U   23185.47345741  .00000189  00000-0  29929-4 0  9996,2 53982  53.2183 290.0307 0000921  91.2012 268.9085 15.08834369 41706,6917.898,95.438,540.4,539.125,0.0
53982.0,STARLINK-5120,PAYLOAD,2023-07-05 15:58:42,15.08844195,7.53e-05,53.2178,284.6778,91.1731,268.9347,2.2029e-05,6.3e-07,0.0,0 STARLINK-5120,1 53982U 22125U   23186.66577224  .00000063  00000-0  22029-4 0  9996,2 53982  53.2178 284.6778 0000753  91.1731 268.9347 15.08844195 41889,6917.868,95.437,540.253,539.212,0.0
53982.0,STARLINK-5120,PAYLOAD,2023-07-06 23:46:25,15.08848232,7.26e-05,53.2175,278.731,85.5331,274.5745,0.00011931,1.612e-05,0.0,0 STARLINK-5120,1 53982U 22125U   23187.99056805  .00001612  00000-0  11931-3 0  9990,2 53982  53.2175 278.7310 0000726  85.5331 274.5745 15.08848232 42089,6917.855,95.437,540.222,539.218,0.0
53982.0,STARLINK-5120,PAYLOAD,2023-07-07 10:54:07,15.0884176,8.12e-05,53.2178,276.6501,80.6562,279.4522,0.00012431,1.691e-05,0.0,0 STARLINK-5120,1 53982U 22125U   23188.45425331  .00001691  00000-0  12431-3 0  9999,2 53982  53.2178 276.6501 0000812  80.6562 279.4522 15.08841760 42153,6917.875,95.437,540.302,539.178,0.0
53982.0,STARLINK-5120,PAYLOAD,2023-07-08 17:06:26,15.08845848,7.79e-05,53.2167,270.9992,92.1426,267.9656,6.1568e-05,6.92e-06,0.0,0 STARLINK-5120,1 53982U 22125U   23189.71280910  .00000692  00000-0  61568-4 0  9997,2 53982  53.2167 270.9992 0000779  92.1426 267.9656 15.08845848 42343,6917.863,95.437,540.266,539.189,0.0
53982.0,STARLINK-5120,PAYLOAD,2023-07-09 12:11:05,15.08836299,6.87e-05,53.217,267.4313,92.8819,267.2252,-2.8966e-05,-7.49e-06,0.0,0 STARLINK-5120,1 53982U 22125U   23190.50769965 -.00000749  00000-0 -28966-4 0  9998,2 53982  53.2170 267.4313 0000687  92.8819 267.2252 15.08836299 42464,6917.892,95.438,540.232,539.281,0.0
53982.0,STARLINK-5120,PAYLOAD,2023-07-10 13:37:15,15.08844434,7.41e-05,53.2162,262.6734,89.7752,270.3325,0.0001947,2.813e-05,0.0,0 STARLINK-5120,1 53982U 22125U   23191.56753534  .00002813  00000-0  19470-3 0  9991,2 53982  53.2162 262.6734 0000741  89.7752 270.3325 15.08844434 42625,6917.867,95.437,540.244,539.219,0.0
53982.0,STARLINK-5120,PAYLOAD,2023-07-10 23:09:34,15.08841321,7.34e-05,53.2159,260.8894,89.7193,270.3883,6.2568e-05,7.08e-06,0.0,0 STARLINK-5120,1 53982U 22125U   23191.96497693  .00000708  00000-0  62568-4 0  9994,2 53982  53.2159 260.8894 0000734  89.7193 270.3883 15.08841321 42686,6917.876,95.437,540.249,539.234,0.0
53982.0,STARLINK-5120,PAYLOAD,2023-07-12 16:29:35,15.08846069,7.77e-05,53.2158,253.1577,81.7379,278.3702,0.00010138,1.326e-05,0.0,0 STARLINK-5120,1 53982U 22125U   23193.68721585  .00001326  00000-0  10138-3 0  9997,2 53982  53.2158 253.1577 0000777  81.7379 278.3702 15.08846069 42944,6917.862,95.437,540.264,539.189,0.0
53982.0,STARLINK-5120,PAYLOAD,2023-07-13 09:58:50,15.08830887,8.22e-05,53.216,249.8858,69.5841,290.5239,0.0001826,2.619e-05,0.0,0 STARLINK-5120,1 53982U 22125U   23194.41586649  .00002619  00000-0  18260-3 0  9999,2 53982  53.2160 249.8858 0000822  69.5841 290.5239 15.08830887 43055,6917.908,95.438,540.342,539.205,0.0
53982.0,STARLINK-5120,PAYLOAD,2023-07-14 09:49:37,15.08840141,9.66e-05,53.2166,245.4248,74.6856,285.4243,0.00027236,4.049e-05,0.0,0 STARLINK-5120,1 53982U 22125U   23195.40946319  .00004049  00000-0  27236-3 0  9995,2 53982  53.2166 245.4248 0000966  74.6856 285.4243 15.08840141 43207,6917.88,95.438,540.413,539.077,0.0
53982.0,STARLINK-5120,PAYLOAD,2023-07-16 07:55:48,15.08836472,9.05e-05,53.215,236.8022,77.7622,282.3471,-7.8381e-05,-1.535e-05,0.0,0 STARLINK-5120,1 53982U 22125U   23197.33042527 -.00001535  00000-0 -78381-4 0  9994,2 53982  53.2150 236.8022 0000905  77.7622 282.3471 15.08836472 43494,6917.891,95.438,540.382,539.13,0.0
53982.0,STARLINK-5120,PAYLOAD,2023-07-17 07:46:35,15.08842718,8.98e-05,53.2162,232.3416,78.7438,281.3655,7.4684e-05,9.01e-06,0.0,0 STARLINK-5120,1 53982U 22125U   23198.32402247  .00000901  00000-0  74684-4 0  9999,2 53982  53.2162 232.3416 0000898  78.7438 281.3655 15.08842718 43642,6917.872,95.437,540.358,539.116,0.0
53982.0,STARLINK-5120,PAYLOAD,2023-07-18 01:15:50,15.08833713,8.88e-05,53.2164,229.0709,79.7399,280.3693,8.7866e-05,1.111e-05,0.0,0 STARLINK-5120,1 53982U 22125U   23199.05266866  .00001111  00000-0  87866-4 0  9995,2 53982  53.2164 229.0709 0000888  79.7399 280.3693 15.08833713 43756,6917.9,95.438,540.379,539.15,0.0
53982.0,STARLINK-5120,PAYLOAD,2023-07-19 10:38:56,15.08840013,9.74e-05,53.2168,222.8271,82.0557,278.0545,3.1818e-05,2.19e-06,0.0,0 STARLINK-5120,1 53982U 22125U   23200.44370899  .00000219  00000-0  31818-4 0  9997,2 53982  53.2168 222.8271 0000974  82.0557 278.0545 15.08840013 43968,6917.88,95.438,540.419,539.072,0.0
53982.0,STARLINK-5120,PAYLOAD,2023-07-21 03:58:57,15.08841129,9.8e-05,53.2165,215.0945,79.9265,280.1838,7.1309e-05,8.47e-06,0.0,0 STARLINK-5120,1 53982U 22125U   23202.16594814  .00000847  00000-0  71309-4 0  9999,2 53982  53.2165 215.0945 0000980  79.9265 280.1838 15.08841129 44223,6917.877,95.437,540.42,539.064,0.0
53982.0,STARLINK-5120,PAYLOAD,2023-07-24 11:28:16,15.08830984,8.89e-05,53.2162,200.2257,82.3456,277.7637,6.1384e-06,-1.9e-06,0.0,0 STARLINK-5120,1 53982U 22125U   23205.47796999 -.00000190  00000-0  61384-5 0  9999,2 53982  53.2162 200.2257 0000889  82.3456 277.7637 15.08830984 44642,6917.908,95.438,540.388,539.158,0.0
53982.0,STARLINK-5120,PAYLOAD,2023-07-25 11:19:03,15.08833217,0.0001263,53.2166,195.7664,58.9185,301.1931,0.00022623,3.314e-05,0.0,0 STARLINK-5120,1 53982U 22125U   23206.47157020  .00003314  00000-0  22623-3 0  9997,2 53982  53.2166 195.7664 0001263  58.9185 301.1931 15.08833217 44798,6917.901,95.438,540.64,538.892,0.0
53982.0,STARLINK-5120,PAYLOAD,2023-07-26 09:34:26,15.08852549,0.0001125,53.2187,191.6005,72.7135,287.3981,0.00021953,3.209e-05,0.0,0 STARLINK-5120,1 53982U 22125U   23207.39891770  .00003209  00000-0  21953-3 0  9994,2 53982  53.2187 191.6005 0001125  72.7135 287.3981 15.08852549 44936,6917.842,95.437,540.485,538.929,0.0
53982.0,STARLINK-5120,PAYLOAD,2023-07-27 01:28:18,15.08849404,0.000138,53.2161,188.6298,67.8661,292.2477,6.6941e-05,7.78e-06,0.0,0 STARLINK-5120,1 53982U 22125U   23208.06132060  .00000778  00000-0  66941-4 0  9994,2 53982  53.2161 188.6298 0001380  67.8661 292.2477 15.08849404 45112,6917.852,95.437,540.671,538.762,0.0
53982.0,STARLINK-5120,PAYLOAD,2023-07-27 15:46:46,15.08846354,0.0001217,53.216,185.9538,75.8982,284.2145,-1.7247e-05,-5.62e-06,0.0,0 STARLINK-5120,1 53982U 22125U   23208.65747949 -.00000562  00000-0 -17247-4 0  9995,2 53982  53.2160 185.9538 0001217  75.8982 284.2145 15.08846354 45127,6917.861,95.437,540.568,538.884,0.0
53982.0,STARLINK-5120,PAYLOAD,2023-07-28 07:40:37,15.08843336,0.0001362,53.2168,182.9797,77.5181,282.5964,-8.574e-05,-1.652e-05,0.0,0 STARLINK-5120,1 53982U 22125U   23209.31988196 -.00001652  00000-0 -85740-4 0  9994,2 53982  53.2168 182.9797 0001362  77.5181 282.5964 15.08843336 45307,6917.87,95.437,540.677,538.793,0.0
53982.0,STARLINK-5120,PAYLOAD,2023-07-28 10:51:23,15.08845105,0.0001263,53.2166,182.3847,77.5543,282.559,-7.345e-05,-1.457e-05,0.0,0 STARLINK-5120,1 53982U 22125U   23209.45235922 -.00001457  00000-0 -73450-4 0  9999,2 53982  53.2166 182.3847 0001263  77.5543 282.5590 15.08845105 45241,6917.865,95.437,540.604,538.856,0.0
53982.0,STARLINK-5120,PAYLOAD,2023-07-29 04:20:38,15.08820353,0.0001677,53.2166,179.1134,94.9881,265.1303,0.00032846,4.941e-05,0.0,0 STARLINK-5120,1 53982U 22125U   23210.18100184  .00004941  00000-0  32846-3 0  9994,2 53982  53.2166 179.1134 0001677  94.9881 265.1303 15.08820353 45439,6917.94,95.439,540.966,538.645,0.0
53982.0,STARLINK-5120,PAYLOAD,2023-07-29 15:28:20,15.08840771,0.0001229,53.2167,177.032,86.2774,273.8359,8.6587e-05,1.09e-05,0.0,0 STARLINK-5120,1 53982U 22125U   23210.64467621  .00001090  00000-0  86587-4 0  9991,2 53982  53.2167 177.0320 0001229  86.2774 273.8359 15.08840771 45503,6917.878,95.438,540.593,538.893,0.0
53982.0,STARLINK-5120,PAYLOAD,2023-07-31 02:26:49,15.08838543,0.000124,53.2167,170.4913,83.7621,276.3513,5.6024e-05,6.04e-06,0.0,0 STARLINK-5120,1 53982U 22125U   23212.10196123  .00000604  00000-0  56024-4 0  9993,2 53982  53.2167 170.4913 0001240  83.7621 276.3513 15.08838543 45722,6917.885,95.438,540.608,538.892,0.0
53982.0,STARLINK-5120,PAYLOAD,2023-08-01 03:52:59,15.08842381,0.0001247,53.2168,165.732,82.6818,277.4316,2.725e-05,1.46e-06,0.0,0 STARLINK-5120,1 53982U 22125U   23213.16180010  .00000146  00000-0  27250-4 0  9998,2 53982  53.2168 165.7320 0001247  82.6818 277.4316 15.08842381 45880,6917.873,95.437,540.601,538.875,0.0
53982.0,STARLINK-5120,PAYLOAD,2023-08-01 19:46:51,15.08836804,0.0001316,53.217,162.7594,98.2293,261.8848,2.631e-05,1.31e-06,0.0,0 STARLINK-5120,1 53982U 22125U   23213.82420461  .00000131  00000-0  26310-4 0  9998,2 53982  53.2170 162.7594 0001316  98.2293 261.8848 15.08836804 45981,6917.89,95.438,540.666,538.845,0.0
53982.0,STARLINK-5120,PAYLOAD,2023-08-02 06:54:32,15.08843692,0.0001238,53.2167,160.6776,86.6189,273.4945,8.1428e-05,1.008e-05,0.0,0 STARLINK-5120,1 53982U 22125U   23214.28787933  .00001008  00000-0  81428-4 0  9994,2 53982  53.2167 160.6776 0001238  86.6189 273.4945 15.08843692 46053,6917.869,95.437,540.591,538.878,0.0
53982.0,STARLINK-5120,PAYLOAD,2023-08-02 13:16:05,15.08835937,0.000127,53.2167,159.4875,85.3085,274.8052,1.7898e-05,-3e-08,0.0,0 STARLINK-5120,1 53982U 22125U   23214.55284659 -.00000003  00000-0  17898-4 0  9996,2 53982  53.2167 159.4875 0001270  85.3085 274.8052 15.08835937 46097,6917.893,95.438,540.636,538.879,0.0
53982.0,STARLINK-5120,PAYLOAD,2023-08-03 05:09:56,15.08854633,0.0001684,53.2167,156.5149,131.5329,228.5808,-6.0673e-05,-1.254e-05,0.0,0 STARLINK-5120,1 53982U 22125U   23215.21523853 -.00001254  00000-0 -60673-4 0  9991,2 53982  53.2167 156.5149 0001684 131.5329 228.5808 15.08854633 46193,6917.836,95.437,540.866,538.536,0.0
53982.0,STARLINK-5120,PAYLOAD,2023-08-04 01:49:58,15.08842361,0.0001168,53.2166,152.6485,103.193,256.9192,7.9473e-05,9.77e-06,0.0,0 STARLINK-5120,1 53982U 22125U   23216.07636618  .00000977  00000-0  79473-4 0  9997,2 53982  53.2166 152.6485 0001168 103.1930 256.9192 15.08842361 46323,6917.873,95.437,540.546,538.93,0.0
53982.0,STARLINK-5120,PAYLOAD,2023-08-05 03:16:07,15.08849989,0.0001188,53.2174,147.8911,95.9689,264.1438,0.00011257,1.505e-05,0.0,0 STARLINK-5120,1 53982U 22125U   23217.13620235  .00001505  00000-0  11257-3 0  9996,2 53982  53.2174 147.8911 0001188  95.9689 264.1438 15.08849989 46487,6917.85,95.437,540.537,538.893,0.0
53982.0,STARLINK-5120,PAYLOAD,2023-08-06 12:39:14,15.08838814,0.0001138,53.2173,141.6465,89.9764,270.1359,3.6104e-06,-2.3e-06,0.0,0 STARLINK-5120,1 53982U 22125U   23218.52724711 -.00000230  00000-0  36104-5 0  9999,2 53982  53.2173 141.6465 0001138  89.9764 270.1359 15.08838814 46691,6917.884,95.438,540.536,538.962,0.0
53982.0,STARLINK-5120,PAYLOAD,2023-08-07 01:22:20,15.08826301,0.0001203,53.2174,139.2674,88.4432,271.6698,-0.00016939,-2.982e-05,0.0,0 STARLINK-5120,1 53982U 22125U   23219.05718440 -.00002982  00000-0 -16939-3 0  9999,2 53982  53.2174 139.2674 0001203  88.4432 271.6698 15.08826301 46775,6917.922,95.438,540.619,538.955,0.0
53982.0,STARLINK-5120,PAYLOAD,2023-08-07 04:33:06,15.08840202,0.0001052,53.2179,138.6728,75.3221,284.7888,-0.00032354,-5.433e-05,0.0,0 STARLINK-5120,1 53982U 22125U   23219.18966047 -.00005433  00000-0 -32354-3 0  9994,2 53982  53.2179 138.6728 0001052  75.3221 284.7888 15.08840202 46790,6917.88,95.438,540.473,539.017,0.0
53982.0,STARLINK-5120,PAYLOAD,2023-08-08 01:13:06,15.08850385,0.0001038,53.2178,134.8081,73.4874,286.6232,3.6197e-05,2.88e-06,0.0,0 STARLINK-5120,1 53982U 22125U   23220.05076729  .00000288  00000-0  36197-4 0  9992,2 53982  53.2178 134.8081 0001038  73.4874 286.6232 15.08850385 46928,6917.849,95.437,540.432,538.996,0.0
53982.0,STARLINK-5120,PAYLOAD,2023-08-09 10:36:12,15.08855855,0.0001185,53.2162,128.5627,71.7155,288.3966,0.00023873,3.515e-05,0.0,0 STARLINK-5120,1 53982U 22125U   23221.44180613  .00003515  00000-0  23873-3 0  9996,2 53982  53.2162 128.5627 0001185  71.7155 288.3966 15.08855855 47137,6917.832,95.437,540.517,538.877,0.0
53982.0,STARLINK-5120,PAYLOAD,2023-08-10 02:30:03,15.08839348,0.0001767,53.2191,125.5927,95.6457,264.4737,-0.00012556,-2.286e-05,0.0,0 STARLINK-5120,1 53982U 22125U   23222.10421140 -.00002286  00000-0 -12556-3 0  9995,2 53982  53.2191 125.5927 0001767  95.6457 264.4737 15.08839348 47236,6917.882,95.438,540.97,538.525,0.0
53982.0,STARLINK-5120,PAYLOAD,2023-08-11 16:39:19,15.08836217,0.0001579,53.2169,118.4539,84.2318,275.8854,0.0001621,2.293e-05,0.0,0 STARLINK-5120,1 53982U 22125U   23223.69397787  .00002293  00000-0  16210-3 0  9996,2 53982  53.2169 118.4539 0001579  84.2318 275.8854 15.08836217 47476,6917.892,95.438,540.849,538.665,0.0
53982.0,STARLINK-5120,PAYLOAD,2023-08-13 02:02:25,15.08847312,0.0001332,53.2153,112.2107,77.5073,282.6068,0.00023862,3.513e-05,0.0,0 STARLINK-5120,1 53982U 22125U   23225.08501354  .00003513  00000-0  23862-3 0  9995,2 53982  53.2153 112.2107 0001332  77.5073 282.6068 15.08847312 47686,6917.858,95.437,540.644,538.802,0.0
53982.0,STARLINK-5120,PAYLOAD,2023-08-13 22:42:26,15.08841028,0.0001364,53.2168,108.3416,97.9068,262.2079,2.2752e-05,7.4e-07,0.0,0 STARLINK-5120,1 53982U 22125U   23225.94613498  .00000074  00000-0  22752-4 0  9990,2 53982  53.2168 108.3416 0001364  97.9068 262.2079 15.08841028 47815,6917.877,95.437,540.686,538.799,0.0
53982.0,STARLINK-5120,PAYLOAD,2023-08-15 01:43:59,15.08847447,0.0001414,53.2166,103.2889,92.3212,267.7942,0.00018626,2.678e-05,0.0,0 STARLINK-5120,1 53982U 22125U   23227.07221572  .00002678  00000-0  18626-3 0  9990,2 53982  53.2166 103.2889 0001414  92.3212 267.7942 15.08847447 47985,6917.858,95.437,540.701,538.744,0.0
53982.0,STARLINK-5120,PAYLOAD,2023-08-16 01:34:46,15.08841696,0.0001314,53.2171,98.8266,89.6649,270.4493,0.00020154,2.921e-05,0.0,0 STARLINK-5120,1 53982U 22125U   23228.06581833  .00002921  00000-0  20154-3 0  9999,2 53982  53.2171  98.8266 0001314  89.6649 270.4493 15.08841696 48131,6917.875,95.437,540.649,538.831,0.0
53982.0,STARLINK-5120,PAYLOAD,2023-08-17 15:44:01,15.08846,0.0001595,53.2168,91.6916,95.897,264.2204,-7.0745e-05,-1.414e-05,0.0,0 STARLINK-5120,1 53982U 22125U   23229.65557644 -.00001414  00000-0 -70745-4 0  9998,2 53982  53.2168  91.6916 0001595  95.8970 264.2204 15.08846000 48378,6917.862,95.437,540.83,538.624,0.0
53982.0,STARLINK-5120,PAYLOAD,2023-08-18 01:16:20,15.08854359,0.0001386,53.2168,89.9072,96.068,264.0471,0.00012221,1.658e-05,0.0,0 STARLINK-5120,1 53982U 22125U   23230.05301028  .00001658  00000-0  12221-3 0  9999,2 53982  53.2168  89.9072 0001386  96.0680 264.0471 15.08854359 48437,6917.836,95.437,540.66,538.743,0.0
53982.0,STARLINK-5120,PAYLOAD,2023-08-18 17:10:12,15.08835055,6.87e-05,53.2182,86.9285,120.3322,239.7738,-6.6594e-05,-1.347e-05,0.0,0 STARLINK-5120,1 53982U 22125U   23230.71541796 -.00001347  00000-0 -66594-4 0  9990,2 53982  53.2182  86.9285 0000687 120.3322 239.7738 15.08835055 48531,6917.896,95.438,540.236,539.285,0.0
53982.0,STARLINK-5120,PAYLOAD,2023-08-19 23:22:32,15.08839261,0.0001455,53.2158,81.2827,86.8377,273.2781,5.4182e-05,5.74e-06,0.0,0 STARLINK-5120,1 53982U 22125U   23231.97398595  .00000574  00000-0  54182-4 0  9995,2 53982  53.2158  81.2827 0001455  86.8377 273.2781 15.08839261 48729,6917.883,95.438,540.754,538.741,0.0
53982.0,STARLINK-5120,PAYLOAD,2023-08-20 23:13:19,15.08852094,0.0001299,53.215,76.8213,90.6704,269.4437,0.00040706,6.198e-05,0.0,0 STARLINK-5120,1 53982U 22125U   23232.96758207  .00006198  00000-0  40706-3 0  9999,2 53982  53.2150  76.8213 0001299  90.6704 269.4437 15.08852094 48873,6917.843,95.437,540.607,538.81,0.0
53982.0,STARLINK-5120,PAYLOAD,2023-08-21 07:10:15,15.08842869,0.0001414,53.2154,75.3356,79.6652,280.4499,0.00020769,3.019e-05,0.0,0 STARLINK-5120,1 53982U 22125U   23233.29878625  .00003019  00000-0  20769-3 0  9999,2 53982  53.2154  75.3356 0001414  79.6652 280.4499 15.08842869 48923,6917.872,95.437,540.715,538.758,0.0
53982.0,STARLINK-5120,PAYLOAD,2023-08-22 13:22:34,15.08840491,0.0001501,53.217,69.6851,80.9232,279.193,9.7133e-05,1.258e-05,0.0,0 STARLINK-5120,1 53982U 22125U   23234.55734767  .00001258  00000-0  97133-4 0  9990,2 53982  53.2170  69.6851 0001501  80.9232 279.1930 15.08840491 49119,6917.879,95.438,540.782,538.706,0.0
53982.0,STARLINK-5120,PAYLOAD,2023-08-24 13:04:08,15.08839831,0.0001257,53.2174,60.7641,90.2726,269.8411,1.659e-06,-2.61e-06,0.0,0 STARLINK-5120,1 53982U 22125U   23236.54454606 -.00000261  00000-0  16590-5 0  9995,2 53982  53.2174  60.7641 0001257  90.2726 269.8411 15.08839831 49332,6917.881,95.438,540.615,538.876,0.0
53982.0,STARLINK-5120,PAYLOAD,2023-08-25 11:19:32,15.08841456,0.0001192,53.2171,56.601,91.2958,268.817,9.6329e-05,1.246e-05,0.0,0 STARLINK-5120,1 53982U 22125U   23237.47190604  .00001246  00000-0  96329-4 0  9993,2 53982  53.2171  56.6010 0001192  91.2958 268.8170 15.08841456 49471,6917.876,95.437,540.566,538.916,0.0
53982.0,STARLINK-5120,PAYLOAD,2023-08-25 19:16:28,15.08843284,0.0001219,53.2172,55.1139,92.4231,267.6901,5.5333e-05,5.93e-06,0.0,0 STARLINK-5120,1 53982U 22125U   23237.80310586  .00000593  00000-0  55333-4 0  9997,2 53982  53.2172  55.1139 0001219  92.4231 267.6901 15.08843284 49600,6917.87,95.437,540.579,538.892,0.0
53982.0,STARLINK-5120,PAYLOAD,2023-08-26 11:10:20,15.08837128,0.0001245,53.2171,52.1404,91.4676,268.6459,9.6247e-05,1.244e-05,0.0,0 STARLINK-5120,1 53982U 22125U   23238.46551061  .00001244  00000-0  96247-4 0  9998,2 53982  53.2171  52.1404 0001245  91.4676 268.6459 15.08837128 49702,6917.889,95.438,540.615,538.893,0.0
53982.0,STARLINK-5120,PAYLOAD,2023-08-26 12:45:43,15.08837961,0.0001266,53.2169,51.8429,96.6765,263.4371,8.6823e-05,1.094e-05,0.0,0 STARLINK-5120,1 53982U 22125U   23238.53174988  .00001094  00000-0  86823-4 0  9997,2 53982  53.2169  51.8429 0001266  96.6765 263.4371 15.08837961 49634,6917.887,95.438,540.627,538.876,0.0
53982.0,STARLINK-5120,PAYLOAD,2023-08-26 19:07:15,15.0884317,0.0001254,53.2171,50.6535,95.4361,264.6774,0.00015152,2.125e-05,0.0,0 STARLINK-5120,1 53982U 22125U   23238.79670760  .00002125  00000-0  15152-3 0  9996,2 53982  53.2171  50.6535 0001254  95.4361 264.6774 15.08843170 49671,6917.871,95.437,540.603,538.868,0.0
53982.0,STARLINK-5120,PAYLOAD,2023-08-27 17:22:40,15.08827234,0.0001214,53.2186,46.4905,88.014,272.0991,-2.2759e-05,-6.5e-06,0.0,0 STARLINK-5120,1 53982U 22125U   23239.72408516 -.00000650  00000-0 -22759-4 0  9993,2 53982  53.2186  46.4905 0001214  88.0140 272.0991 15.08827234 49891,6917.919,95.438,540.624,538.945,0.0
53982.0,STARLINK-5120,PAYLOAD,2023-08-27 20:33:27,15.08826703,0.0001144,53.2181,45.8954,91.1449,268.9674,-3.0173e-05,-7.68e-06,0.0,0 STARLINK-5120,1 53982U 22125U   23239.85656619 -.00000768  00000-0 -30173-4 0  9995,2 53982  53.2181  45.8954 0001144  91.1449 268.9674 15.08826703 49838,6917.921,95.438,540.577,538.995,0.0
53982.0,STARLINK-5120,PAYLOAD,2023-08-28 10:51:55,15.08838044,9.74e-05,53.2181,43.2189,86.1266,273.9838,2.5629e-05,1.2e-06,0.0,0 STARLINK-5120,1 53982U 22125U   23240.45272099  .00000120  00000-0  25629-4 0  9999,2 53982  53.2181  43.2189 0000974  86.1266 273.9838 15.08838044 50001,6917.886,95.438,540.425,539.078,0.0
53982.0,STARLINK-5120,PAYLOAD,2023-08-28 17:13:27,15.08843969,9.77e-05,53.218,42.0296,86.8056,273.3048,8.4565e-05,1.058e-05,0.0,0 STARLINK-5120,1 53982U 22125U   23240.71767584  .00001058  00000-0  84565-4 0  9991,2 53982  53.2180  42.0296 0000977  86.8056 273.3048 15.08843969 49965,6917.868,95.437,540.409,539.057,0.0
53982.0,STARLINK-5120,PAYLOAD,2023-08-29 17:04:14,15.08851279,0.000117,53.2176,37.5705,74.2402,285.8719,0.00042781,6.529e-05,0.0,0 STARLINK-5120,1 53982U 22125U   23241.71127738  .00006529  00000-0  42781-3 0  9994,2 53982  53.2176  37.5705 0001170  74.2402 285.8719 15.08851279 50111,6917.846,95.437,540.52,538.902,0.0
53982.0,STARLINK-5120,PAYLOAD,2023-08-30 13:44:16,15.08820118,0.0001027,53.2183,33.7039,69.6585,290.4518,-0.00026072,-4.432e-05,0.0,0 STARLINK-5120,1 53982U 22125U   23242.57241450 -.00004432  00000-0 -26072-3 0  9995,2 53982  53.2183  33.7039 0001027  69.6585 290.4518 15.08820118 50328,6917.941,95.439,540.517,539.096,0.0
53982.0,STARLINK-5120,PAYLOAD,2023-08-31 10:24:17,15.08832248,9.49e-05,53.218,29.8388,73.2773,286.8323,0.0001276,1.743e-05,0.0,0 STARLINK-5120,1 53982U 22125U   23243.43353506  .00001743  00000-0  12760-3 0  9996,2 53982  53.2180  29.8388 0000949  73.2773 286.8323 15.08832248 50454,6917.904,95.438,540.426,539.113,0.0
53982.0,STARLINK-5120,PAYLOAD,2023-09-01 02:18:08,15.08858084,8.63e-05,53.2183,26.8639,86.0616,274.0475,0.00062042,9.605e-05,0.0,0 STARLINK-5120,1 53982U 22125U   23244.09592861  .00009605  00000-0  62042-3 0  9991,2 53982  53.2183  26.8639 0000863  86.0616 274.0475 15.08858084 50550,6917.825,95.436,540.287,539.093,0.0
53982.0,STARLINK-5120,PAYLOAD,2023-09-01 10:15:03,15.08867537,9.75e-05,53.2173,25.3775,92.6691,267.4412,0.00072424,0.00011266,0.0,0 STARLINK-5120,1 53982U 22125U   23244.42712580  .00011266  00000-0  72424-3 0  9991,2 53982  53.2173  25.3775 0000975  92.6691 267.4412 15.08867537 50521,6917.796,95.436,540.336,538.987,0.0
53982.0,STARLINK-5120,PAYLOAD,2023-09-01 16:36:35,15.08879174,0.0001229,53.2168,24.1881,89.5116,270.6017,0.00083573,0.00013052,0.0,0 STARLINK-5120,1 53982U 22125U   23244.69207886  .00013052  00000-0  83573-3 0  9990,2 53982  53.2168  24.1881 0001229  89.5116 270.6017 15.08879174 50561,6917.761,95.435,540.476,538.775,0.0
53982.0,STARLINK-5120,PAYLOAD,2023-09-02 10:05:49,15.08858064,6.49e-05,53.218,20.9175,339.5359,20.5607,0.00042455,6.479e-05,0.0,0 STARLINK-5120,1 53982U 22125U   23245.42071594  .00006479  00000-0  42455-3 0  9996,2 53982  53.2180  20.9175 0000649 339.5359  20.5607 15.08858064 50750,6917.825,95.436,540.139,539.241,0.0
53982.0,STARLINK-5120,PAYLOAD,2023-09-02 13:16:36,15.08856438,5.64e-05,53.2171,20.3225,357.3939,2.705,0.00036832,5.582e-05,0.0,0 STARLINK-5120,1 53982U 22125U   23245.55319482  .00005582  00000-0  36832-3 0  9997,2 53982  53.2171  20.3225 0000564 357.3939   2.7050 15.08856438 50698,6917.83,95.437,540.085,539.305,0.0
53982.0,STARLINK-5120,PAYLOAD,2023-09-02 19:38:08,15.08870129,7.91e-05,53.2178,19.1333,84.4407,275.6675,0.00066279,0.00010285,0.0,0 STARLINK-5120,1 53982U 22125U   23245.81815021  .00010285  00000-0  66279-3 0  9990,2 53982  53.2178  19.1333 0000791  84.4407 275.6675 15.08870129 50733,6917.788,95.436,540.2,539.106,0.0
53982.0,STARLINK-5120,PAYLOAD,2023-09-03 01:59:40,15.08849485,6.66e-05,53.2174,17.9408,92.8981,267.2087,6.1964e-05,6.99e-06,0.0,0 STARLINK-5120,1 53982U 22125U   23246.08311140  .00000699  00000-0  61964-4 0  9998,2 53982  53.2174  17.9408 0000666  92.8981 267.2087 15.08849485 50857,6917.851,95.437,540.177,539.256,0.0
53982.0,STARLINK-5120,PAYLOAD,2023-09-03 09:56:36,15.08849745,6.77e-05,53.2183,16.4536,82.5535,277.5534,8.5362e-05,1.072e-05,0.0,0 STARLINK-5120,1 53982U 22125U   23246.41430981  .00001072  00000-0  85362-4 0  9994,2 53982  53.2183  16.4536 0000677  82.5535 277.5534 15.08849745 50823,6917.851,95.437,540.184,539.247,0.0
53982.0,STARLINK-5120,PAYLOAD,2023-09-04 01:50:27,15.08845159,9.24e-05,53.217,13.4798,69.9388,290.1703,7.4781e-05,9.03e-06,0.0,0 STARLINK-5120,1 53982U 22125U   23247.07671147  .00000903  00000-0  74781-4 0  9993,2 53982  53.2170  13.4798 0000924  69.9388 290.1703 15.08845159 51001,6917.865,95.437,540.369,539.09,0.0
53982.0,STARLINK-5120,PAYLOAD,2023-09-04 11:22:47,15.08830155,9.58e-05,53.2173,11.6983,79.5862,280.5238,-0.00018211,-3.184e-05,0.0,0 STARLINK-5120,1 53982U 22125U   23247.47415810 -.00003184  00000-0 -18211-3 0  9991,2 53982  53.2173  11.6983 0000958  79.5862 280.5238 15.08830155 50983,6917.91,95.438,540.438,539.113,0.0
53982.0,STARLINK-5120,PAYLOAD,2023-09-04 17:44:19,15.08835608,7.5e-05,53.2172,10.5108,71.1043,289.003,-4.2053e-06,-3.55e-06,0.0,0 STARLINK-5120,1 53982U 22125U   23247.73911773 -.00000355  00000-0 -42053-5 0  9999,2 53982  53.2172  10.5108 0000750  71.1043 289.0030 15.08835608 51105,6917.894,95.438,540.278,539.24,0.0
53982.0,STARLINK-5120,PAYLOAD,2023-09-05 11:13:34,15.08840557,8.52e-05,53.2172,7.2401,64.7392,295.3688,0.00024211,3.568e-05,0.0,0 STARLINK-5120,1 53982U 22125U   23248.46775981  .00003568  00000-0  24211-3 0  9990,2 53982  53.2172   7.2401 0000852  64.7392 295.3688 15.08840557 51133,6917.879,95.438,540.333,539.154,0.0
53982.0,STARLINK-5120,PAYLOAD,2023-09-06 01:32:02,15.08846097,9.68e-05,53.2173,4.5639,60.203,299.9058,0.0004783,7.334e-05,0.0,0 STARLINK-5120,1 53982U 22125U   23249.06392077  .00007334  00000-0  47830-3 0  9995,2 53982  53.2173   4.5639 0000968  60.2030 299.9058 15.08846097 51300,6917.862,95.437,540.396,539.057,0.0
53982.0,STARLINK-5120,PAYLOAD,2023-09-06 07:53:35,15.08850247,9.73e-05,53.2173,3.3747,57.7185,302.3901,0.00047255,7.243e-05,0.0,0 STARLINK-5120,1 53982U 22125U   23249.32887904  .00007243  00000-0  47255-3 0  9992,2 53982  53.2173   3.3747 0000973  57.7185 302.3901 15.08850247 51268,6917.849,95.437,540.387,539.041,0.0
53982.0,STARLINK-5120,PAYLOAD,2023-09-07 07:44:22,15.08842373,9.9e-05,53.2167,358.915,57.1488,302.96,0.00016564,2.35e-05,0.0,0 STARLINK-5120,1 53982U 22125U   23250.32248262  .00002350  00000-0  16564-3 0  9995,2 53982  53.2167 358.9150 0000990  57.1488 302.9600 15.08842373 51495,6917.873,95.437,540.423,539.053,0.0
53982.0,STARLINK-5120,PAYLOAD,2023-09-07 17:16:40,15.08851813,9.57e-05,53.2165,357.1311,58.698,301.4106,3.2367e-05,2.28e-06,0.0,0 STARLINK-5120,1 53982U 22125U   23250.71991565  .00000228  00000-0  32367-4 0  9991,2 53982  53.2165 357.1311 0000957  58.6980 301.4106 15.08851813 51471,6917.844,95.437,540.371,539.047,0.0
53982.0,STARLINK-5120,PAYLOAD,2023-09-08 10:45:56,15.08828577,9.28e-05,53.2161,353.8581,91.4878,268.6221,0.00059389,9.174e-05,0.0,0 STARLINK-5120,1 53982U 22125U   23251.44856929  .00009174  00000-0  59389-3 0  9997,2 53982  53.2161 353.8581 0000928  91.4878 268.6221 15.08828577 51662,6917.915,95.438,540.422,539.138,0.0
53982.0,STARLINK-5120,PAYLOAD,2023-09-08 13:56:41,15.08844266,0.0001236,53.2188,353.2657,93.2613,266.8521,0.00013628,1.882e-05,0.0,0 STARLINK-5120,1 53982U 22125U   23251.58103916  .00001882  00000-0  13628-3 0  9997,2 53982  53.2188 353.2657 0001236  93.2613 266.8521 15.08844266 51609,6917.867,95.437,540.587,538.877,0.0
53982.0,STARLINK-5120,PAYLOAD,2023-09-09 10:36:43,15.08834714,0.0001244,53.2182,349.3989,96.0505,264.0629,-4.9186e-06,-3.66e-06,0.0,0 STARLINK-5120,1 53982U 22125U   23252.44216529 -.00000366  00000-0 -49186-5 0  9996,2 53982  53.2182 349.3989 0001244  96.0505 264.0629 15.08834714 51816,6917.897,95.438,540.622,538.901,0.0
53982.0,STARLINK-5120,PAYLOAD,2023-09-09 13:47:29,15.08836931,0.0001138,53.2175,348.8042,89.6508,270.4614,2.9752e-05,1.86e-06,0.0,0 STARLINK-5120,1 53982U 22125U   23252.57464479  .00000186  00000-0  29752-4 0  9993,2 53982  53.2175 348.8042 0001138  89.6508 270.4614 15.08836931 51756,6917.89,95.438,540.542,538.968,0.0
53982.0,STARLINK-5120,PAYLOAD,2023-09-10 10:27:29,15.08844771,0.0001227,53.2184,344.9391,100.1914,259.9216,0.00015821,2.231e-05,0.0,0 STARLINK-5120,1 53982U 22125U   23253.43576230  .00002231  00000-0  15821-3 0  9992,2 53982  53.2184 344.9391 0001227 100.1914 259.9216 15.08844771 51963,6917.866,95.437,540.58,538.882,0.0
53982.0,STARLINK-5120,PAYLOAD,2023-09-10 13:38:15,15.08850582,0.0001159,53.2183,344.3442,86.9939,273.1186,0.00022026,3.22e-05,0.0,0 STARLINK-5120,1 53982U 22125U   23253.56824003  .00003220  00000-0  22026-3 0  9994,2 53982  53.2183 344.3442 0001159  86.9939 273.1186 15.08850582 51900,6917.848,95.437,540.515,538.911,0.0
53982.0,STARLINK-5120,PAYLOAD,2023-09-11 10:18:17,15.08841005,0.0001141,53.2183,340.4788,88.4701,271.6422,0.00013942,1.932e-05,0.0,0 STARLINK-5120,1 53982U 22125U   23254.42936644  .00001932  00000-0  13942-3 0  9990,2 53982  53.2183 340.4788 0001141  88.4701 271.6422 15.08841005 52115,6917.877,95.437,540.532,538.953,0.0
53982.0,STARLINK-5120,PAYLOAD,2023-09-11 13:29:03,15.08844008,0.0001158,53.2178,339.8838,84.3027,275.8097,0.00018108,2.596e-05,0.0,0 STARLINK-5120,1 53982U 22125U   23254.56184475  .00002596  00000-0  18108-3 0  9998,2 53982  53.2178 339.8838 0001158  84.3027 275.8097 15.08844008 52054,6917.868,95.437,540.534,538.932,0.0
53982.0,STARLINK-5120,PAYLOAD,2023-09-12 11:44:27,15.08850911,0.0001215,53.2173,335.7204,86.9682,273.145,0.00017986,2.577e-05,0.0,0 STARLINK-5120,1 53982U 22125U   23255.48920157  .00002577  00000-0  17986-3 0  9997,2 53982  53.2173 335.7204 0001215  86.9682 273.1450 15.08850911 52199,6917.847,95.437,540.553,538.872,0.0
53982.0,STARLINK-5120,PAYLOAD,2023-09-13 09:59:50,15.08848912,0.0001436,53.218,331.5589,87.6407,272.4749,0.00020545,2.984e-05,0.0,0 STARLINK-5120,1 53982U 22125U   23256.41656085  .00002984  00000-0  20545-3 0  9994,2 53982  53.2180 331.5589 0001436  87.6407 272.4749 15.08848912 52411,6917.853,95.437,540.712,538.725,0.0
53982.0,STARLINK-5120,PAYLOAD,2023-09-13 11:35:13,15.08852235,0.0001346,53.2181,331.2603,99.4928,260.6216,0.00023047,3.383e-05,0.0,0 STARLINK-5120,1 53982U 22125U   23256.48279769  .00003383  00000-0  23047-3 0  9995,2 53982  53.2181 331.2603 0001346  99.4928 260.6216 15.08852235 52348,6917.843,95.437,540.639,538.777,0.0
53982.0,STARLINK-5120,PAYLOAD,2023-09-14 09:50:39,15.08824433,0.0001478,53.2184,327.0988,82.422,277.694,-0.00016629,-2.932e-05,0.0,0 STARLINK-5120,1 53982U 22125U   23257.41017793 -.00002932  00000-0 -16629-3 0  9995,2 53982  53.2184 327.0988 0001478  82.4220 277.6940 15.08824433 52568,6917.928,95.439,540.815,538.771,0.0
53982.0,STARLINK-5120,PAYLOAD,2023-09-14 11:26:02,15.08820784,0.0001319,53.2175,326.7996,83.9528,276.1615,-0.000208,-3.595e-05,0.0,0 STARLINK-5120,1 53982U 22125U   23257.47641983 -.00003595  00000-0 -20800-3 0  9997,2 53982  53.2175 326.7996 0001319  83.9528 276.1615 15.08820784 52494,6917.939,95.439,540.717,538.892,0.0
53982.0,STARLINK-5120,PAYLOAD,2023-09-15 09:41:26,15.08831607,0.0001522,53.2183,322.6381,77.8029,282.3133,7.9888e-05,9.83e-06,0.0,0 STARLINK-5120,1 53982U 22125U   23258.40378284  .00000983  00000-0  79888-4 0  9999,2 53982  53.2183 322.6381 0001522  77.8029 282.3133 15.08831607 52715,6917.906,95.438,540.824,538.718,0.0
53982.0,STARLINK-5120,PAYLOAD,2023-09-15 11:16:49,15.08837845,0.00013,53.2177,322.3393,84.1871,275.9269,0.00012167,1.649e-05,0.0,0 STARLINK-5120,1 53982U 22125U   23258.47001957  .00001649  00000-0  12167-3 0  9992,2 53982  53.2177 322.3393 0001300  84.1871 275.9269 15.08837845 52648,6917.887,95.438,540.651,538.853,0.0
53982.0,STARLINK-5120,PAYLOAD,2023-09-15 20:49:08,15.08843906,0.0001288,53.2177,320.5554,85.8718,274.2421,0.00014621,2.04e-05,0.0,0 STARLINK-5120,1 53982U 22125U   23258.86745786  .00002040  00000-0  14621-3 0  9993,2 53982  53.2177 320.5554 0001288  85.8718 274.2421 15.08843906 52782,6917.868,95.437,540.624,538.842,0.0
53982.0,STARLINK-5120,PAYLOAD,2023-09-16 09:32:13,15.08856964,0.0001407,53.2169,318.1764,73.1834,286.9313,0.00066448,0.00010308,0.0,0 STARLINK-5120,1 53982U 22125U   23259.39737867  .00010308  00000-0  66448-3 0  9993,2 53982  53.2169 318.1764 0001407  73.1834 286.9313 15.08856964 52789,6917.829,95.436,540.667,538.72,0.0
53982.0,STARLINK-5120,PAYLOAD,2023-09-17 10:58:23,15.0885179,0.0001493,53.217,313.4187,77.9711,282.1448,0.00014208,1.975e-05,0.0,0 STARLINK-5120,1 53982U 22125U   23260.45721310  .00001975  00000-0  14208-3 0  9995,2 53982  53.2170 313.4187 0001493  77.9711 282.1448 15.08851790 52946,6917.844,95.437,540.742,538.677,0.0
53982.0,STARLINK-5120,PAYLOAD,2023-09-18 10:49:10,15.08846402,0.0001523,53.2167,308.9568,84.2441,275.8724,-3.3863e-05,-8.27e-06,0.0,0 STARLINK-5120,1 53982U 22125U   23261.45081147 -.00000827  00000-0 -33863-4 0  9999,2 53982  53.2167 308.9568 0001523  84.2441 275.8724 15.08846402 53175,6917.861,95.437,540.779,538.672,0.0
53982.0,STARLINK-5120,PAYLOAD,2023-09-18 20:21:28,15.08846673,0.0001565,53.2172,307.1749,83.0312,277.0858,7.9123e-05,9.72e-06,0.0,0 STARLINK-5120,1 53982U 22125U   23261.84825134  .00000972  00000-0  79123-4 0  9992,2 53982  53.2172 307.1749 0001565  83.0312 277.0858 15.08846673 53153,6917.86,95.437,540.808,538.642,0.0
53982.0,STARLINK-5120,PAYLOAD,2023-09-19 10:39:56,15.08861495,0.0001475,53.216,304.4975,85.1434,274.9727,0.00044786,6.851e-05,0.0,0 STARLINK-5120,1 53982U 22125U   23262.44440377  .00006851  00000-0  44786-3 0  9999,2 53982  53.2160 304.4975 0001475  85.1434 274.9727 15.08861495 53328,6917.815,95.436,540.7,538.659,0.0
53982.0,STARLINK-5120,PAYLOAD,2023-09-20 02:33:48,15.0884152,0.0001699,53.216,301.5242,80.8275,279.291,0.00011317,1.514e-05,0.0,0 STARLINK-5120,1 53982U 22125U   23263.10681236  .00001514  00000-0  11317-3 0  9999,2 53982  53.2160 301.5242 0001699  80.8275 279.2910 15.08841520 53426,6917.876,95.437,540.916,538.565,0.0
53982.0,STARLINK-5120,PAYLOAD,2023-09-20 08:55:21,15.08835884,0.0001507,53.2156,300.3326,93.549,266.5675,5.0968e-05,5.23e-06,0.0,0 STARLINK-5120,1 53982U 22125U   23263.37177418  .00000523  00000-0  50968-4 0  9995,2 53982  53.2156 300.3326 0001507  93.5490 266.5675 15.08835884 53387,6917.893,95.438,540.8,538.715,0.0
53982.0,STARLINK-5120,PAYLOAD,2023-09-21 08:46:08,15.08872993,0.0001655,53.216,295.8724,69.8262,290.2908,0.0022121,0.00035125,0.0,0 STARLINK-5120,1 53982U 22125U   23264.36537901  .00035125  00000-0  22121-2 0  9996,2 53982  53.2160 295.8724 0001655  69.8262 290.2908 15.08872993 53610,6917.78,95.435,540.789,538.5,0.0
53982.0,STARLINK-5120,PAYLOAD,2023-09-22 02:15:22,15.08854864,0.0001277,53.217,292.6021,95.8561,264.2577,0.00040647,6.19e-05,0.0,0 STARLINK-5120,1 53982U 22125U   23265.09401079  .00006190  00000-0  40647-3 0  9997,2 53982  53.2170 292.6021 0001277  95.8561 264.2577 15.08854864 53729,6917.835,95.437,540.583,538.817,0.0
53982.0,STARLINK-5120,PAYLOAD,2023-09-22 08:36:55,15.08841854,0.0001048,53.216,291.4091,96.7046,263.4065,3.8408e-05,3.24e-06,0.0,0 STARLINK-5120,1 53982U 22125U   23265.35897334  .00000324  00000-0  38408-4 0  9995,2 53982  53.2160 291.4091 0001048  96.7046 263.4065 15.08841854 53768,6917.875,95.437,540.465,539.015,0.0
53982.0,STARLINK-5120,PAYLOAD,2023-09-23 08:27:42,15.08847098,0.0001356,53.2155,286.9493,98.0106,262.104,-8.434e-05,-1.63e-05,0.0,0 STARLINK-5120,1 53982U 22125U   23266.35257368 -.00001630  00000-0 -84340-4 0  9992,2 53982  53.2155 286.9493 0001356  98.0106 262.1040 15.08847098 53834,6917.859,95.437,540.662,538.786,0.0
53982.0,STARLINK-5120,PAYLOAD,2023-09-23 18:00:00,15.08863428,0.0001208,53.2164,285.1668,99.6356,260.4773,-5.2843e-05,-1.129e-05,0.0,0 STARLINK-5120,1 53982U 22125U   23266.75000243 -.00001129  00000-0 -52843-4 0  9990,2 53982  53.2164 285.1668 0001208  99.6356 260.4773 15.08863428 53973,6917.809,95.436,540.509,538.838,0.0
53982.0,STARLINK-5120,PAYLOAD,2023-09-24 01:56:56,15.08853586,0.0001299,53.2155,283.6805,92.9116,267.2025,0.00043028,6.569e-05,0.0,0 STARLINK-5120,1 53982U 22125U   23267.08120851  .00006569  00000-0  43028-3 0  9990,2 53982  53.2155 283.6805 0001299  92.9116 267.2025 15.08853586 54025,6917.839,95.437,540.602,538.805,0.0
53982.0,STARLINK-5120,PAYLOAD,2023-09-24 08:18:28,15.0887759,0.0001489,53.2154,282.492,93.7655,266.3508,0.00090548,0.00014167,0.0,0 STARLINK-5120,1 53982U 22125U   23267.34616188  .00014167  00000-0  90548-3 0  9994,2 53982  53.2154 282.4920 0001489  93.7655 266.3508 15.08877590 54068,6917.765,95.435,540.661,538.6,0.0
53982.0,STARLINK-5120,PAYLOAD,2023-09-24 11:29:14,15.08887919,0.0001482,53.2154,281.8973,94.0042,266.1119,0.0011133,0.00017498,0.0,0 STARLINK-5120,1 53982U 22125U   23267.47863770  .00017498  00000-0  11133-2 0  9991,2 53982  53.2154 281.8973 0001482  94.0042 266.1119 15.08887919 54002,6917.734,95.435,540.624,538.574,0.0
53982.0,STARLINK-5120,PAYLOAD,2023-09-24 22:36:56,15.08850925,0.0001731,53.2151,279.8156,96.3471,263.7718,-0.00016279,-2.879e-05,0.0,0 STARLINK-5120,1 53982U 22125U   23267.94232206 -.00002879  00000-0 -16279-3 0  9993,2 53982  53.2151 279.8156 0001731  96.3471 263.7718 15.08850925 54079,6917.847,95.437,540.909,538.515,0.0
53982.0,STARLINK-5120,PAYLOAD,2023-09-25 01:47:43,15.0884243,0.0001623,53.2151,279.2218,74.0137,286.1034,0.00064126,9.933e-05,0.0,0 STARLINK-5120,1 53982U 22125U   23268.07480499  .00009933  00000-0  64126-3 0  9997,2 53982  53.2151 279.2218 0001623  74.0137 286.1034 15.08842430 54177,6917.873,95.437,540.861,538.615,0.0
53982.0,STARLINK-5120,PAYLOAD,2023-09-25 08:09:16,15.08835387,0.0001652,53.2147,278.032,77.3935,282.7242,0.0019846,0.00031434,0.0,0 STARLINK-5120,1 53982U 22125U   23268.33977054  .00031434  00000-0  19846-2 0  9993,2 53982  53.2147 278.0320 0001652  77.3935 282.7242 15.08835387 54139,6917.894,95.438,540.902,538.617,0.0
53982.0,STARLINK-5120,PAYLOAD,2023-09-26 00:03:08,15.08832341,0.0001806,53.2145,275.0578,74.2497,285.8694,0.00092017,0.00014384,0.0,0 STARLINK-5120,1 53982U 22125U   23269.00217912  .00014384  00000-0  92017-3 0  9995,2 53982  53.2145 275.0578 0001806  74.2497 285.8694 15.08832341 54311,6917.904,95.438,541.018,538.519,0.0
53982.0,STARLINK-5120,PAYLOAD,2023-09-26 08:00:04,15.08834236,0.0001939,53.2154,273.5722,71.6609,288.4594,0.00049724,7.633e-05,0.0,0 STARLINK-5120,1 53982U 22125U   23269.33338061  .00007633  00000-0  49724-3 0  9996,2 53982  53.2154 273.5722 0001939  71.6609 288.4594 15.08834236 54287,6917.898,95.438,541.104,538.422,0.0
53982.0,STARLINK-5120,PAYLOAD,2023-09-27 07:50:51,15.08836327,0.0001756,53.2149,269.1091,92.5218,267.5975,0.00026096,3.867e-05,0.0,0 STARLINK-5120,1 53982U 22125U   23270.32698422  .00003867  00000-0  26096-3 0  9999,2 53982  53.2149 269.1091 0001756  92.5218 267.5975 15.08836327 54516,6917.892,95.438,540.971,538.542,0.0
53982.0,STARLINK-5120,PAYLOAD,2023-09-27 23:44:43,15.08835292,0.0001959,53.2149,266.1382,86.8945,273.2271,-1.0108e-05,-4.49e-06,0.0,0 STARLINK-5120,1 53982U 22125U   23270.98938848 -.00000449  00000-0 -10108-4 0  9993,2 53982  53.2149 266.1382 0001959  86.8945 273.2271 15.08835292 54618,6917.895,95.438,541.115,538.405,0.0
53982.0,STARLINK-5120,PAYLOAD,2023-09-28 09:17:02,15.08836919,0.0001616,53.2149,264.3506,88.6957,271.422,0.00010334,1.357e-05,0.0,0 STARLINK-5120,1 53982U 22125U   23271.38682963  .00001357  00000-0  10334-3 0  9999,2 53982  53.2149 264.3506 0001616  88.6957 271.4220 15.08836919 54597,6917.89,95.438,540.873,538.637,0.0
53982.0,STARLINK-5120,PAYLOAD,2023-09-29 09:07:48,15.08847693,0.0001682,53.2146,259.8896,92.0899,268.0285,0.00027667,4.119e-05,0.0,0 STARLINK-5120,1 53982U 22125U   23272.38042619  .00004119  00000-0  27667-3 0  9994,2 53982  53.2146 259.8896 0001682  92.0899 268.0285 15.08847693 54822,6917.857,95.437,540.885,538.558,0.0
53982.0,STARLINK-5120,PAYLOAD,2023-09-30 04:12:26,15.08847185,0.0001689,53.2147,256.3207,85.345,274.7735,0.00020532,2.982e-05,0.0,0 STARLINK-5120,1 53982U 22125U   23273.17530522  .00002982  00000-0  20532-3 0  9997,2 53982  53.2147 256.3207 0001689  85.3450 274.7735 15.08847185 54860,6917.858,95.437,540.892,538.555,0.0
53982.0,STARLINK-5120,PAYLOAD,2023-09-30 05:47:49,15.08848927,0.0001704,53.2149,256.0233,83.9433,276.1753,0.00022291,3.262e-05,0.0,0 STARLINK-5120,1 53982U 22125U   23273.24154421  .00003262  00000-0  22291-3 0  9991,2 53982  53.2149 256.0233 0001704  83.9433 276.1753 15.08848927 54952,6917.853,95.437,540.897,538.539,0.0
53982.0,STARLINK-5120,PAYLOAD,2023-10-01 02:27:50,15.08842564,0.000184,53.2157,252.1573,110.7262,249.3927,-3.8024e-05,-8.93e-06,0.0,0 STARLINK-5120,1 53982U 22125U   23274.10266449 -.00000893  00000-0 -38024-4 0  9992,2 53982  53.2157 252.1573 0001840 110.7262 249.3927 15.08842564 55086,6917.873,95.437,541.01,538.465,0.0
53982.0,STARLINK-5120,PAYLOAD,2023-10-01 05:38:36,15.08843942,0.0001867,53.2165,251.5665,110.7509,249.3683,5.1266e-05,5.28e-06,0.0,0 STARLINK-5120,1 53982U 22125U   23274.23514511  .00000528  00000-0  51266-4 0  9998,2 53982  53.2165 251.5665 0001867 110.7509 249.3683 15.08843942 55027,6917.868,95.437,541.025,538.442,0.0
53982.0,STARLINK-5120,PAYLOAD,2023-10-01 15:10:55,15.08841648,0.0001635,53.2155,249.7816,93.1981,266.9199,-3.8e-05,-8.93e-06,0.0,0 STARLINK-5120,1 53982U 22125U   23274.63258588 -.00000893  00000-0 -38000-4 0  9999,2 53982  53.2155 249.7816 0001635  93.1981 266.9199 15.08841648 55088,6917.875,95.437,540.871,538.609,0.0
53982.0,STARLINK-5120,PAYLOAD,2023-10-02 02:18:37,15.08832453,0.0001944,53.2177,247.7026,114.4805,245.639,-0.000124,-2.261e-05,0.0,0 STARLINK-5120,1 53982U 22125U   23275.09627298 -.00002261  00000-0 -12400-3 0  9994,2 53982  53.2177 247.7026 0001944 114.4805 245.6390 15.08832453 55236,6917.903,95.438,541.113,538.424,0.0
53982.0,STARLINK-5120,PAYLOAD,2023-10-02 15:01:43,15.08835447,0.0001937,53.2182,245.3233,105.6243,254.4963,9.2557e-06,-1.41e-06,0.0,0 STARLINK-5120,1 53982U 22125U   23275.62619363 -.00000141  00000-0  92557-5 0  9994,2 53982  53.2182 245.3233 0001937 105.6243 254.4963 15.08835447 55236,6917.894,95.438,541.099,538.419,0.0
53982.0,STARLINK-5120,PAYLOAD,2023-10-03 03:44:48,15.08842157,0.0001664,53.2166,242.9425,102.4196,257.6983,0.00017547,2.506e-05,0.0,0 STARLINK-5120,1 53982U 22125U   23276.15611270  .00002506  00000-0  17547-3 0  9992,2 53982  53.2166 242.9425 0001664 102.4196 257.6983 15.08842157 55393,6917.874,95.437,540.89,538.588,0.0
53982.0,STARLINK-5120,PAYLOAD,2023-10-03 08:30:57,15.0885171,0.0001585,53.2156,242.0488,99.5149,260.6023,0.00042046,6.412e-05,0.0,0 STARLINK-5120,1 53982U 22125U   23276.35482996  .00006412  00000-0  42046-3 0  9997,2 53982  53.2156 242.0488 0001585  99.5149 260.6023 15.08851710 55347,6917.845,95.437,540.806,538.613,0.0
53982.0,STARLINK-5120,PAYLOAD,2023-10-03 14:52:30,15.08845834,0.00017,53.216,240.8572,84.3555,275.763,0.00034253,5.168e-05,0.0,0 STARLINK-5120,1 53982U 22125U   23276.61979349  .00005168  00000-0  34253-3 0  9997,2 53982  53.2160 240.8572 0001700  84.3555 275.7630 15.08845834 55389,6917.863,95.437,540.904,538.552,0.0
53982.0,STARLINK-5120,PAYLOAD,2023-10-04 06:46:21,15.08839309,0.0001712,53.2161,237.8853,83.9331,276.1856,6.093e-05,6.82e-06,0.0,0 STARLINK-5120,1 53982U 22125U   23277.28219565  .00000682  00000-0  60930-4 0  9996,2 53982  53.2161 237.8853 0001712  83.9331 276.1856 15.08839309 55563,6917.883,95.438,540.932,538.563,0.0
53982.0,STARLINK-5120,PAYLOAD,2023-10-04 14:43:17,15.08844054,0.0001162,53.2163,236.4022,95.2454,264.8671,0.00014519,2.024e-05,0.0,0 STARLINK-5120,1 53982U 22125U   23277.61339246  .00002024  00000-0  14519-3 0  9995,2 53982  53.2163 236.4022 0001162  95.2454 264.8671 15.08844054 55538,6917.868,95.437,540.537,538.929,0.0
53982.0,STARLINK-5120,PAYLOAD,2023-10-05 03:26:21,15.08853589,0.0001619,53.2165,234.0182,106.767,253.35,0.00026458,3.927e-05,0.0,0 STARLINK-5120,1 53982U 22125U   23278.14330927  .00003927  00000-0  26458-3 0  9999,2 53982  53.2165 234.0182 0001619 106.7670 253.3500 15.08853589 55690,6917.839,95.437,540.824,538.584,0.0
53982.0,STARLINK-5120,PAYLOAD,2023-10-05 14:34:03,15.08849404,0.0001265,53.2145,231.9372,100.967,259.1465,0.00021939,3.206e-05,0.0,0 STARLINK-5120,1 53982U 22125U   23278.60698962  .00003206  00000-0  21939-3 0  9995,2 53982  53.2145 231.9372 0001265 100.9670 259.1465 15.08849404 55761,6917.852,95.437,540.592,538.842,0.0
53982.0,STARLINK-5120,PAYLOAD,2023-10-06 03:17:08,15.08849524,0.0001595,53.2164,229.559,100.8094,259.3078,0.00028625,4.272e-05,0.0,0 STARLINK-5120,1 53982U 22125U   23279.13690903  .00004272  00000-0  28625-3 0  9994,2 53982  53.2164 229.5590 0001595 100.8094 259.3078 15.08849524 55767,6917.851,95.437,540.82,538.613,0.0
53982.0,STARLINK-5120,PAYLOAD,2023-10-06 14:24:51,15.08844847,0.0001436,53.2166,227.4767,89.6734,270.4423,0.0001773,2.535e-05,0.0,0 STARLINK-5120,1 53982U 22125U   23279.60059136  .00002535  00000-0  17730-3 0  9998,2 53982  53.2166 227.4767 0001436  89.6734 270.4423 15.08844847 55919,6917.866,95.437,540.724,538.737,0.0
53982.0,STARLINK-5120,PAYLOAD,2023-10-07 01:32:33,15.08838351,0.0001663,53.2166,225.3966,117.2358,242.8804,6.1286e-05,6.87e-06,0.0,0 STARLINK-5120,1 53982U 22125U   23280.06427476  .00000687  00000-0  61286-4 0  9998,2 53982  53.2166 225.3966 0001663 117.2358 242.8804 15.08838351 55985,6917.885,95.438,540.901,538.6,0.0
53982.0,STARLINK-5120,PAYLOAD,2023-10-07 06:18:42,15.08835604,0.0001665,53.2171,224.5024,98.4455,261.6725,-2.0069e-05,-6.07e-06,0.0,0 STARLINK-5120,1 53982U 22125U   23280.26299696 -.00000607  00000-0 -20069-4 0  9999,2 53982  53.2171 224.5024 0001665  98.4455 261.6725 15.08835604 55931,6917.894,95.438,540.911,538.607,0.0
53982.0,STARLINK-5120,PAYLOAD,2023-10-07 20:37:11,15.08839254,0.0001603,53.217,221.8261,88.949,271.1686,0.00020621,2.995e-05,0.0,0 STARLINK-5120,1 53982U 22125U   23280.85915942  .00002995  00000-0  20621-3 0  9996,2 53982  53.2170 221.8261 0001603  88.9490 271.1686 15.08839254 56026,6917.883,95.438,540.857,538.639,0.0
53982.0,STARLINK-5120,PAYLOAD,2023-10-08 02:58:43,15.08851676,0.0001392,53.2157,220.6375,89.3412,270.7739,0.0005262,8.099e-05,0.0,0 STARLINK-5120,1 53982U 22125U   23281.12411640  .00008099  00000-0  52620-3 0  9998,2 53982  53.2157 220.6375 0001392  89.3412 270.7739 15.08851676 56147,6917.845,95.437,540.673,538.747,0.0
53982.0,STARLINK-5120,PAYLOAD,2023-10-08 12:31:02,15.08849502,0.0001481,53.2162,218.854,89.3992,270.717,0.00049455,7.594e-05,0.0,0 STARLINK-5120,1 53982U 22125U   23281.52155800  .00007594  00000-0  49455-3 0  9996,2 53982  53.2162 218.8540 0001481  89.3992 270.7170 15.08849502 56120,6917.851,95.437,540.741,538.692,0.0
53982.0,STARLINK-5120,PAYLOAD,2023-10-08 20:27:57,15.08857933,0.0001678,53.2169,217.3681,105.3502,254.7676,4.5687e-05,4.39e-06,0.0,0 STARLINK-5120,1 53982U 22125U   23281.85275450  .00000439  00000-0  45687-4 0  9991,2 53982  53.2169 217.3681 0001678 105.3502 254.7676 15.08857933 56176,6917.826,95.436,540.851,538.53,0.0
53982.0,STARLINK-5120,PAYLOAD,2023-10-09 06:00:16,15.0888216,0.0001484,53.2162,215.5833,108.2473,251.8681,0.0015409,0.00024349,0.0,0 STARLINK-5120,1 53982U 22125U   23282.25018667  .00024349  00000-0  15409-2 0  9994,2 53982  53.2162 215.5833 0001484 108.2473 251.8681 15.08882160 56312,6917.752,95.435,540.643,538.59,0.0
53982.0,STARLINK-5120,PAYLOAD,2023-10-09 12:21:49,15.08849021,0.0002804,53.2164,214.3923,78.2678,281.8628,0.00041318,6.295e-05,0.0,0 STARLINK-5120,1 53982U 22125U   23282.51515684  .00006295  00000-0  41318-3 0  9993,2 53982  53.2164 214.3923 0002804  78.2678 281.8628 15.08849021 56279,6917.853,95.437,541.658,537.778,0.0
53982.0,STARLINK-5120,PAYLOAD,2023-10-10 01:04:54,15.08829376,0.0001477,53.2165,212.0158,99.7965,260.3194,-0.00022737,-3.904e-05,0.0,0 STARLINK-5120,1 53982U 22125U   23283.04507759 -.00003904  00000-0 -22737-3 0  9996,2 53982  53.2165 212.0158 0001477  99.7965 260.3194 15.08829376 56436,6917.913,95.438,540.8,538.756,0.0
53982.0,STARLINK-5120,PAYLOAD,2023-10-10 12:12:36,15.08838319,0.000124,53.2158,209.9336,81.8811,278.2322,0.00083769,0.00013068,0.0,0 STARLINK-5120,1 53982U 22125U   23283.50876118  .00013068  00000-0  83769-3 0  9997,2 53982  53.2158 209.9336 0001240  81.8811 278.2322 15.08838319 56428,6917.886,95.438,540.608,538.893,0.0
53982.0,STARLINK-5120,PAYLOAD,2023-10-11 02:31:05,15.08838937,0.0001712,53.2173,207.2586,86.6828,273.436,0.00028025,4.175e-05,0.0,0 STARLINK-5120,1 53982U 22125U   23284.10492401  .00004175  00000-0  28025-3 0  9996,2 53982  53.2173 207.2586 0001712  86.6828 273.4360 15.08838937 56591,6917.884,95.438,540.933,538.564,0.0
53982.0,STARLINK-5120,PAYLOAD,2023-10-11 12:03:24,15.08838396,0.0001443,53.2162,205.473,90.7918,269.324,0.00030189,4.52e-05,0.0,0 STARLINK-5120,1 53982U 22125U   23284.50236582  .00004520  00000-0  30189-3 0  9994,2 53982  53.2162 205.4730 0001443  90.7918 269.3240 15.08838396 56575,6917.885,95.438,540.749,538.752,0.0
53982.0,STARLINK-5120,PAYLOAD,2023-10-12 03:57:15,15.08849094,0.000149,53.2163,202.4992,88.5888,271.5275,0.00045866,7.021e-05,0.0,0 STARLINK-5120,1 53982U 22125U   23285.16476540  .00007021  00000-0  45866-3 0  9994,2 53982  53.2163 202.4992 0001490  88.5888 271.5275 15.08849094 56756,6917.853,95.437,540.748,538.687,0.0
53982.0,STARLINK-5120,PAYLOAD,2023-10-12 11:54:11,15.08839265,0.0001772,53.2176,201.0129,78.9075,281.2116,0.00020772,3.019e-05,0.0,0 STARLINK-5120,1 53982U 22125U   23285.49596976  .00003019  00000-0  20772-3 0  9998,2 53982  53.2176 201.0129 0001772  78.9075 281.2116 15.08839265 56729,6917.883,95.438,540.973,538.522,0.0
53982.0,STARLINK-5120,PAYLOAD,2023-10-12 18:15:44,15.08839925,0.0001676,53.2163,199.8239,77.7047,282.4132,0.00022941,3.365e-05,0.0,0 STARLINK-5120,1 53982U 22125U   23285.76093078  .00003365  00000-0  22941-3 0  9997,2 53982  53.2163 199.8239 0001676  77.7047 282.4132 15.08839925 56847,6917.881,95.438,540.905,538.586,0.0
53982.0,STARLINK-5120,PAYLOAD,2023-10-13 03:48:02,15.08856267,0.0001669,53.2161,198.038,90.214,269.9043,0.00056913,8.785e-05,0.0,0 STARLINK-5120,1 53982U 22125U   23286.15836468  .00008785  00000-0  56913-3 0  9996,2 53982  53.2161 198.0380 0001669  90.2140 269.9043 15.08856267 56905,6917.831,95.437,540.85,538.541,0.0
53982.0,STARLINK-5120,PAYLOAD,2023-10-13 11:44:58,15.08849146,0.0001507,53.2167,196.5525,88.7547,271.3618,0.00035803,5.416e-05,0.0,0 STARLINK-5120,1 53982U 22125U   23286.48956616  .00005416  00000-0  35803-3 0  9993,2 53982  53.2167 196.5525 0001507  88.7547 271.3618 15.08849146 56957,6917.852,95.437,540.76,538.675,0.0
53982.0,STARLINK-5120,PAYLOAD,2023-10-13 21:17:17,15.08853975,0.000147,53.217,194.7685,87.3398,272.7763,0.00039921,6.074e-05,0.0,0 STARLINK-5120,1 53982U 22125U   23286.88700327  .00006074  00000-0  39921-3 0  9999,2 53982  53.2170 194.7685 0001470  87.3398 272.7763 15.08853975 56935,6917.838,95.437,540.72,538.686,0.0
53982.0,STARLINK-5120,PAYLOAD,2023-10-14 03:38:48,15.08875969,0.0001775,53.2173,193.5763,98.8194,261.3,0.00096492,0.00015117,0.0,0 STARLINK-5120,1 53982U 22125U   23287.15195560  .00015117  00000-0  96492-3 0  9991,2 53982  53.2173 193.5763 0001775  98.8194 261.3000 15.08875969 57050,6917.77,95.435,540.863,538.408,0.0
53982.0,STARLINK-5120,PAYLOAD,2023-10-14 17:57:17,15.0884149,0.0001857,53.216,190.9014,88.0453,272.0752,0.00030402,4.554e-05,0.0,0 STARLINK-5120,1 53982U 22125U   23287.74812491  .00004554  00000-0  30402-3 0  9997,2 53982  53.2160 190.9014 0001857  88.0453 272.0752 15.08841490 57141,6917.876,95.437,541.025,538.456,0.0
53982.0,STARLINK-5120,PAYLOAD,2023-10-14 21:08:04,15.08828784,0.000116,53.2163,190.307,79.5069,280.6054,0.00087105,0.00013598,0.0,0 STARLINK-5120,1 53982U 22125U   23287.88060785  .00013598  00000-0  87105-3 0  9993,2 53982  53.2163 190.3070 0001160  79.5069 280.6054 15.08828784 57089,6917.915,95.438,540.582,538.977,0.0
53982.0,STARLINK-5120,PAYLOAD,2023-10-15 03:29:37,15.08829607,0.0001293,53.2169,189.1181,72.5003,287.613,0.00099471,0.00015574,0.0,0 STARLINK-5120,1 53982U 22125U   23288.14557049  .00015574  00000-0  99471-3 0  9992,2 53982  53.2169 189.1181 0001293  72.5003 287.6130 15.08829607 57203,6917.912,95.438,540.672,538.883,0.0
53982.0,STARLINK-5120,PAYLOAD,2023-10-15 20:58:51,15.08842597,0.0001305,53.2171,185.846,75.904,284.2097,0.00073142,0.00011373,0.0,0 STARLINK-5120,1 53982U 22125U   23288.87421295  .00011373  00000-0  73142-3 0  9995,2 53982  53.2171 185.8460 0001305  75.9040 284.2097 15.08842597 57232,6917.872,95.437,540.64,538.835,0.0
53982.0,STARLINK-5120,PAYLOAD,2023-10-16 09:41:56,15.08852612,0.0001189,53.216,183.4662,69.7147,290.3973,0.00046032,7.048e-05,0.0,0 STARLINK-5120,1 53982U 22125U   23289.40412876  .00007048  00000-0  46032-3 0  9992,2 53982  53.2160 183.4662 0001189  69.7147 290.3973 15.08852612 57394,6917.842,95.437,540.529,538.884,0.0
53982.0,STARLINK-5120,PAYLOAD,2023-10-17 09:32:43,15.08838485,0.0001224,53.2158,179.0066,72.7874,287.3252,1.6695e-05,-2.2e-07,0.0,0 STARLINK-5120,1 53982U 22125U   23290.39773051 -.00000022  00000-0  16695-4 0  9996,2 53982  53.2158 179.0066 0001224  72.7874 287.3252 15.08838485 57546,6917.885,95.438,540.597,538.903,0.0
53982.0,STARLINK-5120,PAYLOAD,2023-10-18 01:26:35,15.08846034,0.0001585,53.2157,176.0332,72.4848,287.6317,3.4422e-05,2.6e-06,0.0,0 STARLINK-5120,1 53982U 22125U   23291.06012896  .00000260  00000-0  34422-4 0  9995,2 53982  53.2157 176.0332 0001585  72.4848 287.6317 15.08846034 57562,6917.862,95.437,540.823,538.63,0.0
53982.0,STARLINK-5120,PAYLOAD,2023-10-18 18:55:49,15.08839981,0.0001423,53.2168,172.7603,74.9698,285.1452,0.00010527,1.388e-05,0.0,0 STARLINK-5120,1 53982U 22125U   23291.78877209  .00001388  00000-0  10527-3 0  9992,2 53982  53.2168 172.7603 0001423  74.9698 285.1452 15.08839981 57677,6917.88,95.438,540.73,538.761,0.0
53982.0,STARLINK-5120,PAYLOAD,2023-10-19 01:17:22,15.08848005,0.0003068,53.2115,171.5719,74.3437,285.7893,0.00025223,3.729e-05,0.0,0 STARLINK-5120,1 53982U 22125U   23292.05373446  .00003729  00000-0  25223-3 0  9997,2 53982  53.2115 171.5719 0003068  74.3437 285.7893 15.08848005 57791,6917.856,95.437,541.843,537.599,0.0
53982.0,STARLINK-5120,PAYLOAD,2023-10-19 21:57:22,15.08852993,0.0001984,53.2138,167.7045,92.4037,267.7182,0.00025014,3.696e-05,0.0,0 STARLINK-5120,1 53982U 22125U   23292.91484390  .00003696  00000-0  25014-3 0  9994,2 53982  53.2138 167.7045 0001984  92.4037 267.7182 15.08852993 57845,6917.841,95.437,541.078,538.333,0.0
53982.0,STARLINK-5120,PAYLOAD,2023-10-20 01:08:08,15.08854021,0.000123,53.2166,167.1084,93.641,266.4723,0.00012713,1.737e-05,0.0,0 STARLINK-5120,1 53982U 22125U   23293.04731948  .00001737  00000-0  12713-3 0  9999,2 53982  53.2166 167.1084 0001230  93.6410 266.4723 15.08854021 57868,6917.838,95.437,540.553,538.852,0.0
53982.0,STARLINK-5120,PAYLOAD,2023-10-20 15:26:37,15.08832061,0.0001515,53.2148,164.4347,89.14,270.9766,-0.00018697,-3.262e-05,0.0,0 STARLINK-5120,1 53982U 22125U   23293.64349509 -.00003262  00000-0 -18697-3 0  9997,2 53982  53.2148 164.4347 0001515  89.1400 270.9766 15.08832061 58032,6917.905,95.438,540.818,538.722,0.0
53982.0,STARLINK-5120,PAYLOAD,2023-10-20 21:48:10,15.08834272,0.0001544,53.2161,163.2464,100.3451,259.7715,-0.00013381,-2.417e-05,0.0,0 STARLINK-5120,1 53982U 22125U   23293.90845415 -.00002417  00000-0 -13381-3 0  9999,2 53982  53.2161 163.2464 0001544 100.3451 259.7715 15.08834272 57997,6917.898,95.438,540.831,538.695,0.0
53982.0,STARLINK-5120,PAYLOAD,2023-10-21 08:55:52,15.08836475,0.0001529,53.2164,161.1645,98.1386,261.9779,3.7002e-05,3.01e-06,0.0,0 STARLINK-5120,1 53982U 22125U   23294.37213546  .00000301  00000-0  37002-4 0  9990,2 53982  53.2164 161.1645 0001529  98.1386 261.9779 15.08836475 58063,6917.891,95.438,540.814,538.698,0.0
53982.0,STARLINK-5120,PAYLOAD,2023-10-21 21:38:56,15.08853285,0.000124,53.2161,158.7868,89.6688,270.4446,0.00014578,2.034e-05,0.0,0 STARLINK-5120,1 53982U 22125U   23294.90204636  .00002034  00000-0  14578-3 0  9996,2 53982  53.2161 158.7868 0001240  89.6688 270.4446 15.08853285 58142,6917.84,95.437,540.563,538.847,0.0
53982.0,STARLINK-5120,PAYLOAD,2023-10-22 18:18:58,15.08836448,0.0001661,53.2162,154.9193,111.035,249.082,8.0288e-05,9.9e-06,0.0,0 STARLINK-5120,1 53982U 22125U   23295.76317694  .00000990  00000-0  80288-4 0  9991,2 53982  53.2162 154.9193 0001661 111.0350 249.0820 15.08836448 58358,6917.891,95.438,540.905,538.607,0.0
53982.0,STARLINK-5120,PAYLOAD,2023-10-22 21:29:45,15.08833181,0.0001468,53.2161,154.3254,102.9512,257.1644,8.6293e-05,1.085e-05,0.0,0 STARLINK-5120,1 53982U 22125U   23295.89566007  .00001085  00000-0  86293-4 0  9997,2 53982  53.2161 154.3254 0001468 102.9512 257.1644 15.08833181 58291,6917.901,95.438,540.782,538.751,0.0
53982.0,STARLINK-5120,PAYLOAD,2023-10-23 21:20:31,15.08845151,0.0001519,53.2154,149.8673,98.2855,261.831,7.4308e-05,8.95e-06,0.0,0 STARLINK-5120,1 53982U 22125U   23296.88925314  .00000895  00000-0  74308-4 0  9999,2 53982  53.2154 149.8673 0001519  98.2855 261.8310 15.08845151 58440,6917.865,95.437,540.78,538.679,0.0
53982.0,STARLINK-5120,PAYLOAD,2023-10-24 00:31:17,15.08848887,0.0001471,53.2157,149.2712,100.8436,259.2721,0.00013538,1.868e-05,0.0,0 STARLINK-5120,1 53982U 22125U   23297.02173214  .00001868  00000-0  13538-3 0  9998,2 53982  53.2157 149.2712 0001471 100.8436 259.2721 15.08848887 58540,6917.853,95.437,540.736,538.701,0.0
53982.0,STARLINK-5120,PAYLOAD,2023-10-24 06:52:50,15.08846678,0.0001459,53.2159,148.0809,96.0641,264.0517,6.1827e-05,6.96e-06,0.0,0 STARLINK-5120,1 53982U 22125U   23297.28669130  .00000696  00000-0  61827-4 0  9996,2 53982  53.2159 148.0809 0001459  96.0641 264.0517 15.08846678 58505,6917.86,95.437,540.734,538.716,0.0
53982.0,STARLINK-5120,PAYLOAD,2023-10-25 00:22:05,15.08836275,0.0001478,53.2159,144.8107,98.2419,261.874,6.5573e-05,7.56e-06,0.0,0 STARLINK-5120,1 53982U 22125U   23298.01533918  .00000756  00000-0  65573-4 0  9991,2 53982  53.2159 144.8107 0001478  98.2419 261.8740 15.08836275 58693,6917.892,95.438,540.779,538.734,0.0
53982.0,STARLINK-5120,PAYLOAD,2023-10-26 00:12:52,15.08846387,0.0001456,53.2165,140.3498,99.9031,260.2126,9.2677e-05,1.188e-05,0.0,0 STARLINK-5120,1 53982U 22125U   23299.00893574  .00001188  00000-0  92677-4 0  9993,2 53982  53.2165 140.3498 0001456  99.9031 260.2126 15.08846387 58841,6917.861,95.437,540.733,538.719,0.0
53982.0,STARLINK-5120,PAYLOAD,2023-10-26 19:17:29,15.08842134,0.0001412,53.2159,136.7813,98.6516,261.4636,0.00013291,1.828e-05,0.0,0 STARLINK-5120,1 53982U 22125U   23299.80381726  .00001828  00000-0  13291-3 0  9997,2 53982  53.2159 136.7813 0001412  98.6516 261.4636 15.08842134 58968,6917.874,95.437,540.716,538.762,0.0
53982.0,STARLINK-5120,PAYLOAD,2023-10-26 22:28:15,15.08846591,0.0001409,53.2163,136.1869,91.8173,268.298,0.00016377,2.32e-05,0.0,0 STARLINK-5120,1 53982U 22125U   23299.93629453  .00002320  00000-0  16377-3 0  9999,2 53982  53.2163 136.1869 0001409  91.8173 268.2980 15.08846591 58900,6917.86,95.437,540.7,538.751,0.0
53982.0,STARLINK-5120,PAYLOAD,2023-10-27 06:25:11,15.08844634,0.0001463,53.2154,134.6995,87.2809,272.8351,9.4457e-05,1.216e-05,0.0,0 STARLINK-5120,1 53982U 22125U   23300.26749570  .00001216  00000-0  94457-4 0  9990,2 53982  53.2154 134.6995 0001463  87.2809 272.8351 15.08844634 58952,6917.866,95.437,540.743,538.719,0.0
53982.0,STARLINK-5120,PAYLOAD,2023-10-27 22:19:03,15.08843305,0.0001498,53.2156,131.7242,89.8261,270.2903,8.2188e-05,1.02e-05,0.0,0 STARLINK-5120,1 53982U 22125U   23300.92989585  .00001020  00000-0  82188-4 0  9996,2 53982  53.2156 131.7242 0001498  89.8261 270.2903 15.08843305 59056,6917.87,95.437,540.772,538.699,0.0
53982.0,STARLINK-5120,PAYLOAD,2023-10-28 06:15:58,15.08840618,0.0001487,53.2152,130.2395,88.3321,271.7842,7.4119e-05,8.92e-06,0.0,0 STARLINK-5120,1 53982U 22125U   23301.26109746  .00000892  00000-0  74119-4 0  9998,2 53982  53.2152 130.2395 0001487  88.3321 271.7842 15.08840618 59102,6917.878,95.438,540.772,538.715,0.0
53982.0,STARLINK-5120,PAYLOAD,2023-10-28 22:09:49,15.0884574,0.0001391,53.2161,127.2644,97.2244,262.8906,3.4321e-05,2.58e-06,0.0,0 STARLINK-5120,1 53982U 22125U   23301.92349483  .00000258  00000-0  34321-4 0  9992,2 53982  53.2161 127.2644 0001391  97.2244 262.8906 15.08845740 59206,6917.863,95.437,540.69,538.766,0.0
53982.0,STARLINK-5120,PAYLOAD,2023-10-29 12:28:18,15.08844612,0.0001356,53.2157,124.5885,90.5543,269.5605,8.5988e-05,1.081e-05,0.0,0 STARLINK-5120,1 53982U 22125U   23302.51965393  .00001081  00000-0  85988-4 0  9992,2 53982  53.2157 124.5885 0001356  90.5543 269.5605 15.08844612 59372,6917.866,95.437,540.669,538.793,0.0
53982.0,STARLINK-5120,PAYLOAD,2023-10-29 18:49:50,15.08848006,0.0001322,53.2165,123.3998,129.3883,230.7226,0.00013482,1.859e-05,0.0,0 STARLINK-5120,1 53982U 22125U   23302.78460789  .00001859  00000-0  13482-3 0  9992,2 53982  53.2165 123.3998 0001322 129.3883 230.7226 15.08848006 59330,6917.856,95.437,540.635,538.806,0.0
53982.0,STARLINK-5120,PAYLOAD,2023-10-30 12:19:05,15.08837667,0.0001313,53.2159,120.1281,98.5143,261.5998,7.1575e-05,8.51e-06,0.0,0 STARLINK-5120,1 53982U 22125U   23303.51325870  .00000851  00000-0  71575-4 0  9994,2 53982  53.2159 120.1281 0001313  98.5143 261.5998 15.08837667 59529,6917.888,95.438,540.661,538.844,0.0
53982.0,STARLINK-5120,PAYLOAD,2023-10-30 18:40:38,15.08835858,0.0001268,53.2147,118.9384,92.3103,267.8034,2.2055e-05,6.3e-07,0.0,0 STARLINK-5120,1 53982U 22125U   23303.77821954  .00000063  00000-0  22055-4 0  9990,2 53982  53.2147 118.9384 0001268  92.3103 267.8034 15.08835858 59487,6917.893,95.438,540.635,538.881,0.0
53982.0,STARLINK-5120,PAYLOAD,2023-10-31 12:09:52,15.08837664,0.0001365,53.2162,115.6686,94.9783,265.1365,-1.0705e-05,-4.58e-06,0.0,0 STARLINK-5120,1 53982U 22125U   23304.50685992 -.00000458  00000-0 -10705-4 0  9991,2 53982  53.2162 115.6686 0001365  94.9783 265.1365 15.08837664 59590,6917.888,95.438,540.697,538.808,0.0
53982.0,STARLINK-5120,PAYLOAD,2023-10-31 18:31:25,15.08842965,0.0001361,53.2174,114.4805,93.7374,266.3773,5.0867e-05,5.22e-06,0.0,0 STARLINK-5120,1 53982U 22125U   23304.77181846  .00000522  00000-0  50867-4 0  9992,2 53982  53.2174 114.4805 0001361  93.7374 266.3773 15.08842965 59712,6917.871,95.437,540.678,538.795,0.0
53982.0,STARLINK-5120,PAYLOAD,2023-11-01 12:00:40,15.08833359,0.0001361,53.2169,111.2096,96.3038,263.8109,0.0001107,1.474e-05,0.0,0 STARLINK-5120,1 53982U 22125U   23305.50046435  .00001474  00000-0  11070-3 0  9997,2 53982  53.2169 111.2096 0001361  96.3038 263.8109 15.08833359 59823,6917.901,95.438,540.707,538.824,0.0
53982.0,STARLINK-5120,PAYLOAD,2023-11-01 21:32:58,15.08840798,0.0001362,53.2166,109.4244,94.1737,265.941,0.00016189,2.29e-05,0.0,0 STARLINK-5120,1 53982U 22125U   23305.89790007  .00002290  00000-0  16189-3 0  9993,2 53982  53.2166 109.4244 0001362  94.1737 265.9410 15.08840798 59808,6917.878,95.438,540.685,538.801,0.0
53982.0,STARLINK-5120,PAYLOAD,2023-11-02 03:54:31,15.08838979,0.0001253,53.2167,108.234,89.624,270.4896,0.00012777,1.746e-05,0.0,0 STARLINK-5120,1 53982U 22125U   23306.16286278  .00001746  00000-0  12777-3 0  9998,2 53982  53.2167 108.2340 0001253  89.6240 270.4896 15.08838979 59841,6917.884,95.438,540.615,538.882,0.0
53982.0,STARLINK-5120,PAYLOAD,2023-11-02 19:48:22,15.08841448,0.0001337,53.2169,105.2603,84.6321,275.4824,8.3594e-05,1.043e-05,0.0,0 STARLINK-5120,1 53982U 22125U   23306.82526338  .00001043  00000-0  83594-4 0  9991,2 53982  53.2169 105.2603 0001337  84.6321 275.4824 15.08841448 60023,6917.876,95.437,540.666,538.816,0.0
53982.0,STARLINK-5120,PAYLOAD,2023-11-03 10:06:51,15.08837292,0.0001398,53.2172,102.5839,87.3433,272.7719,9.5813e-05,1.237e-05,0.0,0 STARLINK-5120,1 53982U 22125U   23307.42142670  .00001237  00000-0  95813-4 0  9993,2 53982  53.2172 102.5839 0001398  87.3433 272.7719 15.08837292 60035,6917.889,95.438,540.721,538.787,0.0
53982.0,STARLINK-5120,PAYLOAD,2023-11-03 18:03:46,15.08846119,0.0001449,53.2174,101.0976,88.1945,271.9213,9.276e-05,1.189e-05,0.0,0 STARLINK-5120,1 53982U 22125U   23307.75262165  .00001189  00000-0  92760-4 0  9995,2 53982  53.2174 101.0976 0001449  88.1945 271.9213 15.08846119 60080,6917.862,95.437,540.729,538.724,0.0
53982.0,STARLINK-5120,PAYLOAD,2023-11-04 09:57:38,15.08839613,0.0001473,53.2171,98.1248,85.5905,274.5255,8.9933e-05,1.144e-05,0.0,0 STARLINK-5120,1 53982U 22125U   23308.41502637  .00001144  00000-0  89933-4 0  9999,2 53982  53.2171  98.1248 0001473  85.5905 274.5255 15.08839613 60265,6917.882,95.438,540.766,538.728,0.0
53982.0,STARLINK-5120,PAYLOAD,2023-11-04 14:43:47,15.0883967,0.000135,53.217,97.2326,85.768,274.3466,0.00010614,1.402e-05,0.0,0 STARLINK-5120,1 53982U 22125U   23308.61374570  .00001402  00000-0  10614-3 0  9990,2 53982  53.2170  97.2326 0001350  85.7680 274.3466 15.08839670 60217,6917.881,95.438,540.68,538.812,0.0
53982.0,STARLINK-5120,PAYLOAD,2023-11-04 16:19:10,15.08843778,0.0001326,53.2167,96.9356,93.4367,266.6777,6.6523e-05,7.71e-06,0.0,0 STARLINK-5120,1 53982U 22125U   23308.67998380  .00000771  00000-0  66523-4 0  9996,2 53982  53.2167  96.9356 0001326  93.4367 266.6777 15.08843778 60227,6917.869,95.437,540.651,538.817,0.0
53982.0,STARLINK-5120,PAYLOAD,2023-11-05 14:34:34,15.08850357,0.0001414,53.217,92.7725,88.9349,271.1805,0.00021482,3.134e-05,0.0,0 STARLINK-5120,1 53982U 22125U   23309.60733966  .00003134  00000-0  21482-3 0  9997,2 53982  53.2170  92.7725 0001414  88.9349 271.1805 15.08850357 60361,6917.849,95.437,540.692,538.736,0.0
53982.0,STARLINK-5120,PAYLOAD,2023-11-05 16:09:57,15.08851455,0.0001424,53.2168,92.4749,88.3487,271.7668,0.00022951,3.368e-05,0.0,0 STARLINK-5120,1 53982U 22125U   23309.67357898  .00003368  00000-0  22951-3 0  9991,2 53982  53.2168  92.4749 0001424  88.3487 271.7668 15.08851455 60452,6917.845,95.437,540.695,538.725,0.0
53982.0,STARLINK-5120,PAYLOAD,2023-11-06 14:25:21,15.08822126,0.000147,53.2167,88.3118,39.54,320.57,-0.00028178,-4.767e-05,0.0,0 STARLINK-5120,1 53982U 22125U   23310.60094471 -.00004767  00000-0 -28178-3 0  9994,2 53982  53.2167  88.3118 0001470  39.5400 320.5700 15.08822126 60519,6917.935,95.439,540.817,538.783,0.0
53982.0,STARLINK-5120,PAYLOAD,2023-11-06 16:00:44,15.08806687,0.0002005,53.2178,88.0135,36.8769,323.2361,-0.00076132,-0.00012373,0.0,0 STARLINK-5120,1 53982U 22125U   23310.66718634 -.00012373  00000-0 -76132-3 0  9999,2 53982  53.2178  88.0135 0002005  36.8769 323.2361 15.08806687 60607,6917.982,95.44,541.234,538.46,0.0
53982.0,STARLINK-5120,PAYLOAD,2023-11-07 09:29:59,15.08819198,0.000106,53.2166,84.7421,96.2013,263.91,-0.00033213,-5.567e-05,0.0,0 STARLINK-5120,1 53982U 22125U   23311.39583223 -.00005567  00000-0 -33213-3 0  9994,2 53982  53.2166  84.7421 0001060  96.2013 263.9100 15.08819198 60711,6917.944,95.439,540.542,539.076,0.0
53982.0,STARLINK-5120,PAYLOAD,2023-11-07 14:16:09,15.08831603,0.0001327,53.2169,83.8499,109.9745,250.139,-3.5205e-05,-8.48e-06,0.0,0 STARLINK-5120,1 53982U 22125U   23311.59455007 -.00000848  00000-0 -35205-4 0  9995,2 53982  53.2169  83.8499 0001327 109.9745 250.1390 15.08831603 60667,6917.906,95.438,540.689,538.853,0.0
53982.0,STARLINK-5120,PAYLOAD,2023-11-07 15:51:32,15.08834588,0.0001115,53.2172,83.5558,91.5494,268.5626,-2.1152e-05,-6.24e-06,0.0,0 STARLINK-5120,1 53982U 22125U   23311.66078945 -.00000624  00000-0 -21152-4 0  9993,2 53982  53.2172  83.5558 0001115  91.5494 268.5626 15.08834588 60756,6917.897,95.438,540.533,538.991,0.0
53982.0,STARLINK-5120,PAYLOAD,2023-11-08 01:23:52,15.08813406,0.0001779,53.2178,81.7743,118.75,241.3671,-0.00016264,-2.874e-05,0.0,0 STARLINK-5120,1 53982U 22125U   23312.05824402 -.00002874  00000-0 -16264-3 0  9990,2 53982  53.2178  81.7743 0001779 118.7500 241.3671 15.08813406 60816,6917.962,95.439,541.057,538.596,0.0
53982.0,STARLINK-5120,PAYLOAD,2023-11-08 09:20:46,15.08842074,9.81e-05,53.2176,80.2825,103.5341,256.5761,6.1215e-05,6.87e-06,0.0,0 STARLINK-5120,1 53982U 22125U   23312.38942897  .00000687  00000-0  61215-4 0  9990,2 53982  53.2176  80.2825 0000981 103.5341 256.5761 15.08842074 60864,6917.874,95.437,540.418,539.06,0.0
53982.0,STARLINK-5120,PAYLOAD,2023-11-08 14:06:56,15.08836534,0.0001096,53.218,79.3946,72.3493,287.7619,0.00053448,8.228e-05,0.0,0 STARLINK-5120,1 53982U 22125U   23312.58815211  .00008228  00000-0  53448-3 0  9998,2 53982  53.2180  79.3946 0001096  72.3493 287.7619 15.08836534 60818,6917.891,95.438,540.514,538.998,0.0
53982.0,STARLINK-5120,PAYLOAD,2023-11-08 15:42:18,15.0885266,0.0001264,53.2185,79.0975,116.2104,243.9019,6.1506e-05,6.91e-06,0.0,0 STARLINK-5120,1 53982U 22125U   23312.65438331  .00000691  00000-0  61506-4 0  9991,2 53982  53.2185  79.0975 0001264 116.2104 243.9019 15.08852660 60902,6917.842,95.437,540.581,538.832,0.0
53982.0,STARLINK-5120,PAYLOAD,2023-11-09 01:14:38,15.08829887,0.0001313,53.2181,77.3115,144.4706,215.6373,0.00047471,7.273e-05,0.0,0 STARLINK-5120,1 53982U 22125U   23313.05183648  .00007273  00000-0  47471-3 0  9991,2 53982  53.2181  77.3115 0001313 144.4706 215.6373 15.08829887 60961,6917.911,95.438,540.685,538.868,0.0
53982.0,STARLINK-5120,PAYLOAD,2023-11-09 12:22:20,15.08843965,0.000142,53.2188,75.232,119.9519,240.1614,-2.7299e-05,-7.22e-06,0.0,0 STARLINK-5120,1 53982U 22125U   23313.51550997 -.00000722  00000-0 -27299-4 0  9998,2 53982  53.2188  75.2320 0001420 119.9519 240.1614 15.08843965 61034,6917.868,95.437,540.716,538.751,0.0
53982.0,STARLINK-5120,PAYLOAD,2023-11-09 13:57:43,15.08840442,0.0001147,53.2181,74.9345,115.8725,244.2385,0.00011353,1.519e-05,0.0,0 STARLINK-5120,1 53982U 22125U   23313.58175204  .00001519  00000-0  11353-3 0  9995,2 53982  53.2181  74.9345 0001147 115.8725 244.2385 15.08840442 60968,6917.879,95.438,540.538,538.951,0.0
53982.0,STARLINK-5120,PAYLOAD,2023-11-10 12:13:07,15.08832739,0.0001198,53.2184,70.7688,96.0359,264.077,0.00022004,3.215e-05,0.0,0 STARLINK-5120,1 53982U 22125U   23314.50911794  .00003215  00000-0  22004-3 0  9990,2 53982  53.2184  70.7688 0001198  96.0359 264.0770 15.08832739 61187,6917.903,95.438,540.596,538.939,0.0
53982.0,STARLINK-5120,PAYLOAD,2023-11-10 13:48:30,15.08844977,0.0001107,53.2191,70.4714,93.0354,267.0765,2.9034e-05,1.74e-06,0.0,0 STARLINK-5120,1 53982U 22125U   23314.57535435  .00000174  00000-0  29034-4 0  9993,2 53982  53.2191  70.4714 0001107  93.0354 267.0765 15.08844977 61111,6917.865,95.437,540.496,538.964,0.0
53982.0,STARLINK-5120,PAYLOAD,2023-11-10 15:23:53,15.08846622,0.000109,53.2191,70.174,91.7374,268.3742,5.5159e-05,5.9e-06,0.0,0 STARLINK-5120,1 53982U 22125U   23314.64159253  .00000590  00000-0  55159-4 0  9990,2 53982  53.2191  70.1740 0001090  91.7374 268.3742 15.08846622 61203,6917.86,95.437,540.479,538.971,0.0
53982.0,STARLINK-5120,PAYLOAD,2023-11-11 12:03:54,15.08838423,9.28e-05,53.2173,66.3076,91.346,268.7639,0.00012587,1.716e-05,0.0,0 STARLINK-5120,1 53982U 22125U   23315.50271618  .00001716  00000-0  12587-3 0  9994,2 53982  53.2173  66.3076 0000928  91.3460 268.7639 15.08838423 61336,6917.885,95.438,540.392,539.108,0.0
53982.0,STARLINK-5120,PAYLOAD,2023-11-11 13:39:17,15.08843897,8.47e-05,53.2175,66.0096,95.925,264.1839,8.957e-05,1.138e-05,0.0,0 STARLINK-5120,1 53982U 22125U   23315.56895244  .00001138  00000-0  89570-4 0  9992,2 53982  53.2175  66.0096 0000847  95.9250 264.1839 15.08843897 61269,6917.868,95.437,540.319,539.148,0.0
53982.0,STARLINK-5120,PAYLOAD,2023-11-11 15:14:40,15.08846267,8.72e-05,53.2178,65.712,94.6441,265.4651,0.00010944,1.455e-05,0.0,0 STARLINK-5120,1 53982U 22125U   23315.63519049  .00001455  00000-0  10944-3 0  9996,2 53982  53.2178  65.7120 0000872  94.6441 265.4651 15.08846267 61352,6917.861,95.437,540.329,539.123,0.0
53982.0,STARLINK-5120,PAYLOAD,2023-11-12 00:46:59,15.08838075,9.53e-05,53.2192,63.9268,88.262,271.8481,5.5158e-05,5.9e-06,0.0,0 STARLINK-5120,1 53982U 22125U   23316.03263655  .00000590  00000-0  55158-4 0  9996,2 53982  53.2192  63.9268 0000953  88.2620 271.8481 15.08838075 61416,6917.886,95.438,540.411,539.092,0.0
53982.0,STARLINK-5120,PAYLOAD,2023-11-12 13:30:04,15.08843881,0.0001112,53.2186,61.549,82.209,277.9028,6.9354e-05,8.16e-06,0.0,0 STARLINK-5120,1 53982U 22125U   23316.56255464  .00000816  00000-0  69354-4 0  9997,2 53982  53.2186  61.5490 0001112  82.2090 277.9028 15.08843881 61418,6917.869,95.437,540.503,538.964,0.0
53982.0,STARLINK-5120,PAYLOAD,2023-11-13 11:45:27,15.08851464,0.0001031,53.2182,57.3869,80.9853,279.1256,0.00015355,2.158e-05,0.0,0 STARLINK-5120,1 53982U 22125U   23317.48990692  .00002158  00000-0  15355-3 0  9990,2 53982  53.2182  57.3869 0001031  80.9853 279.1256 15.08851464 61636,6917.845,95.437,540.424,538.997,0.0
53982.0,STARLINK-5120,PAYLOAD,2023-11-14 11:36:16,15.08835157,0.0001181,53.2188,52.9294,75.2532,284.8591,4.6347e-05,4.5e-06,0.0,0 STARLINK-5120,1 53982U 22125U   23318.48351904  .00000450  00000-0  46347-4 0  9997,2 53982  53.2188  52.9294 0001181  75.2532 284.8591 15.08835157 61784,6917.895,95.438,540.577,538.943,0.0
53982.0,STARLINK-5120,PAYLOAD,2023-11-14 13:11:39,15.08836462,0.0001108,53.2184,52.6302,88.8566,271.2553,1.5392e-05,-4.3e-07,0.0,0 STARLINK-5120,1 53982U 22125U   23318.54975819 -.00000043  00000-0  15392-4 0  9996,2 53982  53.2184  52.6302 0001108  88.8566 271.2553 15.08836462 61714,6917.891,95.438,540.523,538.99,0.0
53982.0,STARLINK-5120,PAYLOAD,2023-11-14 16:22:25,15.08837892,0.0001064,53.2181,52.0347,88.3631,271.7483,2.6477e-05,1.34e-06,0.0,0 STARLINK-5120,1 53982U 22125U   23318.68223672  .00000134  00000-0  26477-4 0  9990,2 53982  53.2181  52.0347 0001064  88.3631 271.7483 15.08837892 61730,6917.887,95.438,540.488,539.016,0.0
53982.0,STARLINK-5120,PAYLOAD,2023-11-15 11:27:02,15.0884544,0.0001149,53.2185,48.4645,94.464,265.6484,-2.0691e-05,-6.17e-06,0.0,0 STARLINK-5120,1 53982U 22125U   23319.47711410 -.00000617  00000-0 -20691-4 0  9990,2 53982  53.2185  48.4645 0001149  94.4640 265.6484 15.08845440 61939,6917.864,95.437,540.524,538.934,0.0
53982.0,STARLINK-5120,PAYLOAD,2023-11-16 06:31:40,15.08832906,0.0001464,53.2201,44.8998,107.5223,252.5929,4.2317e-05,3.85e-06,0.0,0 STARLINK-5120,1 53982U 22125U   23320.27200109  .00000385  00000-0  42317-4 0  9997,2 53982  53.2201  44.8998 0001464 107.5223 252.5929 15.08832906 62058,6917.902,95.438,540.78,538.754,0.0
53982.0,STARLINK-5120,PAYLOAD,2023-11-16 09:42:27,15.08834085,0.0001485,53.2202,44.3067,107.8515,252.2639,5.9507e-05,6.59e-06,0.0,0 STARLINK-5120,1 53982U 22125U   23320.40448011  .00000659  00000-0  59507-4 0  9991,2 53982  53.2202  44.3067 0001485 107.8515 252.2639 15.08834085 61998,6917.898,95.438,540.791,538.736,0.0
53982.0,STARLINK-5120,PAYLOAD,2023-11-16 22:25:32,15.08835111,0.0001456,53.2204,41.928,104.9329,255.1825,2.5573e-05,1.19e-06,0.0,0 STARLINK-5120,1 53982U 22125U   23320.93440245  .00000119  00000-0  25573-4 0  9997,2 53982  53.2204  41.9280 0001456 104.9329 255.1825 15.08835111 62079,6917.895,95.438,540.768,538.753,0.0
53982.0,STARLINK-5120,PAYLOAD,2023-11-17 11:08:37,15.08839487,0.0001616,53.2211,39.5462,101.7214,258.3959,1.8476e-05,6e-08,0.0,0 STARLINK-5120,1 53982U 22125U   23321.46432196  .00000006  00000-0  18476-4 0  9991,2 53982  53.2211  39.5462 0001616 101.7214 258.3959 15.08839487 62239,6917.882,95.438,540.865,538.629,0.0
53982.0,STARLINK-5120,PAYLOAD,2023-11-17 12:44:00,15.08843305,0.0001805,53.2209,39.2491,103.2127,256.9066,-4.1497e-05,-9.49e-06,0.0,0 STARLINK-5120,1 53982U 22125U   23321.53056137 -.00000949  00000-0 -41497-4 0  9993,2 53982  53.2209  39.2491 0001805 103.2127 256.9066 15.08843305 62164,6917.87,95.437,540.984,538.487,0.0
53982.0,STARLINK-5120,PAYLOAD,2023-11-17 22:16:19,15.08837526,0.0001464,53.2197,37.4643,94.7895,265.3264,7.4312e-05,8.95e-06,0.0,0 STARLINK-5120,1 53982U 22125U   23321.92800174  .00000895  00000-0  74312-4 0  9994,2 53982  53.2197  37.4643 0001464  94.7895 265.3264 15.08837526 62225,6917.888,95.438,540.766,538.74,0.0
53982.0,STARLINK-5120,PAYLOAD,2023-11-18 12:34:47,15.08837663,0.0001497,53.2193,34.7884,84.4813,275.635,6.029e-05,6.72e-06,0.0,0 STARLINK-5120,1 53982U 22125U   23322.52416379  .00000672  00000-0  60290-4 0  9994,2 53982  53.2193  34.7884 0001497  84.4813 275.6350 15.08837663 62390,6917.888,95.438,540.788,538.717,0.0
53982.0,STARLINK-5120,PAYLOAD,2023-11-18 22:07:06,15.08838194,0.0001522,53.2195,33.0044,85.1684,274.9482,6.1114e-05,6.85e-06,0.0,0 STARLINK-5120,1 53982U 22125U   23322.92160332  .00000685  00000-0  61114-4 0  9993,2 53982  53.2195  33.0044 0001522  85.1684 274.9482 15.08838194 62371,6917.886,95.438,540.804,538.698,0.0
53982.0,STARLINK-5120,PAYLOAD,2023-11-19 12:25:34,15.08844074,0.0001388,53.2188,30.3284,86.2652,273.8499,8.583e-05,1.078e-05,0.0,0 STARLINK-5120,1 53982U 22125U   23323.51775887  .00001078  00000-0  85830-4 0  9994,2 53982  53.2188  30.3284 0001388  86.2652 273.8499 15.08844074 62466,6917.868,95.437,540.693,538.773,0.0
53982.0,STARLINK-5120,PAYLOAD,2023-11-19 21:57:53,15.08840574,0.0001268,53.218,28.5425,84.3566,275.7571,2.2328e-05,6.7e-07,0.0,0 STARLINK-5120,1 53982U 22125U   23323.91520133  .00000067  00000-0  22328-4 0  9990,2 53982  53.2180  28.5425 0001268  84.3566 275.7571 15.08840574 62524,6917.879,95.438,540.621,538.866,0.0
53982.0,STARLINK-5120,PAYLOAD,2023-11-20 04:19:26,15.08838893,0.0001392,53.2177,27.3533,83.9504,276.1647,3.6683e-05,2.96e-06,0.0,0 STARLINK-5120,1 53982U 22125U   23324.18016228  .00000296  00000-0  36683-4 0  9998,2 53982  53.2177  27.3533 0001392  83.9504 276.1647 15.08838893 62645,6917.884,95.438,540.712,538.786,0.0
53982.0,STARLINK-5120,PAYLOAD,2023-11-20 10:40:58,15.08840861,0.0001372,53.2177,26.1641,82.8754,277.2394,5.1721e-05,5.35e-06,0.0,0 STARLINK-5120,1 53982U 22125U   23324.44512060  .00000535  00000-0  51721-4 0  9998,2 53982  53.2177  26.1641 0001372  82.8754 277.2394 15.08840861 62600,6917.878,95.438,540.692,538.794,0.0
53982.0,STARLINK-5120,PAYLOAD,2023-11-20 21:48:40,15.08843512,0.0001345,53.2184,24.0829,84.3618,275.7527,4.8736e-05,4.88e-06,0.0,0 STARLINK-5120,1 53982U 22125U   23324.90879754  .00000488  00000-0  48736-4 0  9994,2 53982  53.2184  24.0829 0001345  84.3618 275.7527 15.08843512 62673,6917.87,95.437,540.665,538.804,0.0
53982.0,STARLINK-5120,PAYLOAD,2023-11-21 10:31:45,15.08845301,0.0001508,53.218,21.7038,89.5838,270.5326,4.1971e-05,3.8e-06,0.0,0 STARLINK-5120,1 53982U 22125U   23325.43871619  .00000380  00000-0  41971-4 0  9990,2 53982  53.2180  21.7038 0001508  89.5838 270.5326 15.08845301 62833,6917.864,95.437,540.772,538.686,0.0
53982.0,STARLINK-5120,PAYLOAD,2023-11-22 10:22:31,15.08847876,0.0001559,53.2182,17.2438,88.0755,272.0416,7.1874e-05,8.56e-06,0.0,0 STARLINK-5120,1 53982U 22125U   23326.43231175  .00000856  00000-0  71874-4 0  9991,2 53982  53.2182  17.2438 0001559  88.0755 272.0416 15.08847876 62901,6917.856,95.437,540.8,538.643,0.0
53982.0,STARLINK-5120,PAYLOAD,2023-11-23 02:16:23,15.08838663,0.0001623,53.2183,14.2704,91.9629,268.1549,-6.0922e-06,-3.85e-06,0.0,0 STARLINK-5120,1 53982U 22125U   23327.09472020 -.00000385  00000-0 -60922-5 0  9992,2 53982  53.2183  14.2704 0001623  91.9629 268.1549 15.08838663 63087,6917.884,95.438,540.872,538.627,0.0
53982.0,STARLINK-5120,PAYLOAD,2023-11-23 10:13:19,15.08842568,0.0001757,53.2191,12.7836,109.1197,250.9985,1.4373e-05,-5.9e-07,0.0,0 STARLINK-5120,1 53982U 22125U   23327.42591591 -.00000059  00000-0  14373-4 0  9999,2 53982  53.2191  12.7836 0001757 109.1197 250.9985 15.08842568 63054,6917.873,95.437,540.953,538.522,0.0
53982.0,STARLINK-5120,PAYLOAD,2023-11-24 08:28:44,15.08827792,0.0001878,53.2185,8.6197,114.8171,245.3017,-9.6691e-05,-1.826e-05,0.0,0 STARLINK-5120,1 53982U 22125U   23328.35329418 -.00001826  00000-0 -96691-4 0  9996,2 53982  53.2185   8.6197 0001878 114.8171 245.3017 15.08827792 63270,6917.918,95.438,541.082,538.484,0.0
53982.0,STARLINK-5120,PAYLOAD,2023-11-24 13:14:53,15.08831752,0.0001637,53.2184,7.7275,88.7681,271.3498,-5.3212e-05,-1.135e-05,0.0,0 STARLINK-5120,1 53982U 22125U   23328.55201333 -.00001135  00000-0 -53212-4 0  9998,2 53982  53.2184   7.7275 0001637  88.7681 271.3498 15.08831752 63222,6917.906,95.438,540.903,538.638,0.0
53982.0,STARLINK-5120,PAYLOAD,2023-11-25 09:54:53,15.08853573,0.0001581,53.2184,3.8609,92.9946,267.1227,0.0001733,2.472e-05,0.0,0 STARLINK-5120,1 53982U 22125U   23329.41311533  .00002472  00000-0  17330-3 0  9991,2 53982  53.2184   3.8609 0001581  92.9946 267.1227 15.08853573 63351,6917.839,95.437,540.798,538.61,0.0
53982.0,STARLINK-5120,PAYLOAD,2023-11-26 01:48:45,15.08841354,0.0001671,53.2179,0.8884,106.3614,253.7562,0.000235,3.454e-05,0.0,0 STARLINK-5120,1 53982U 22125U   23330.07552237  .00003454  00000-0  23500-3 0  9990,2 53982  53.2179   0.8884 0001671 106.3614 253.7562 15.08841354 63536,6917.876,95.437,540.897,538.585,0.0
53982.0,STARLINK-5120,PAYLOAD,2023-11-26 09:45:39,15.08860454,0.0002222,53.2178,359.4003,129.9981,230.1206,0.0001982,2.869e-05,0.0,0 STARLINK-5120,1 53982U 22125U   23330.40670980  .00002869  00000-0  19820-3 0  9992,2 53982  53.2178 359.4003 0002222 129.9981 230.1206 15.08860454 63583,6917.818,95.436,541.22,538.146,0.0
53982.0,STARLINK-5120,PAYLOAD,2023-11-27 01:39:34,15.08823827,0.0002026,53.2194,356.4279,87.1417,272.9807,-0.00011787,-2.163e-05,0.0,0 STARLINK-5120,1 53982U 22125U   23331.06914877 -.00002163  00000-0 -11787-3 0  9994,2 53982  53.2194 356.4279 0002026  87.1417 272.9807 15.08823827 63689,6917.93,95.439,541.196,538.393,0.0
53982.0,STARLINK-5120,PAYLOAD,2023-11-27 09:36:30,15.08824988,0.000171,53.2188,354.9386,78.6712,281.4472,-0.00022942,-3.936e-05,0.0,0 STARLINK-5120,1 53982U 22125U   23331.40035334 -.00003936  00000-0 -22942-3 0  9998,2 53982  53.2188 354.9386 0001710  78.6712 281.4472 15.08824988 63655,6917.926,95.439,540.974,538.608,0.0
53982.0,STARLINK-5120,PAYLOAD,2023-11-28 01:30:21,15.08838764,0.0001224,53.2196,351.9678,82.6952,277.418,-9.5198e-05,-1.803e-05,0.0,0 STARLINK-5120,1 53982U 22125U   23332.06274347 -.00001803  00000-0 -95198-4 0  9995,2 53982  53.2196 351.9678 0001224  82.6952 277.4180 15.08838764 63834,6917.884,95.438,540.596,538.902,0.0
53982.0,STARLINK-5120,PAYLOAD,2023-11-28 07:51:51,15.08861484,0.0002024,53.2197,350.7748,115.0516,245.0686,6.7536e-05,7.87e-06,0.0,0 STARLINK-5120,1 53982U 22125U   23332.32768416  .00000787  00000-0  67536-4 0  9992,2 53982  53.2197 350.7748 0002024 115.0516 245.0686 15.08861484 63877,6917.815,95.436,541.08,538.28,0.0
53982.0,STARLINK-5120,PAYLOAD,2023-11-29 04:31:53,15.08832539,0.0001729,53.2193,346.914,90.6664,269.4526,0.00032253,4.848e-05,0.0,0 STARLINK-5120,1 53982U 22125U   23333.18881736  .00004848  00000-0  32253-3 0  9997,2 53982  53.2193 346.9140 0001729  90.6664 269.4526 15.08832539 64007,6917.903,95.438,540.964,538.572,0.0
53982.0,STARLINK-5120,PAYLOAD,2023-11-29 10:53:26,15.08842032,0.0001779,53.2184,345.7189,90.742,269.3776,0.00029322,4.382e-05,0.0,0 STARLINK-5120,1 53982U 22125U   23333.45377350  .00004382  00000-0  29322-3 0  9995,2 53982  53.2184 345.7189 0001779  90.7420 269.3776 15.08842032 63962,6917.874,95.437,540.97,538.508,0.0
53982.0,STARLINK-5120,PAYLOAD,2023-11-30 10:44:13,15.0885029,0.0002066,53.218,341.26,103.9575,256.1647,-1.838e-05,-5.81e-06,0.0,0 STARLINK-5120,1 53982U 22125U   23334.44737607 -.00000581  00000-0 -18380-4 0  9992,2 53982  53.2180 341.2600 0002066 103.9575 256.1647 15.08850290 64197,6917.849,95.437,541.143,538.285,0.0
53982.0,STARLINK-5120,PAYLOAD,2023-12-01 04:13:28,15.08839938,0.000214,53.2184,337.9852,108.0649,252.0576,-3.7988e-05,-8.93e-06,0.0,0 STARLINK-5120,1 53982U 22125U   23335.17602182 -.00000893  00000-0 -37988-4 0  9993,2 53982  53.2184 337.9852 0002140 108.0649 252.0576 15.08839938 64308,6917.881,95.438,541.226,538.265,0.0
53982.0,STARLINK-5120,PAYLOAD,2023-12-01 07:24:14,15.08842091,0.0002107,53.2183,337.3902,106.4429,253.6795,-3.8879e-05,-9.07e-06,0.0,0 STARLINK-5120,1 53982U 22125U   23335.30850090 -.00000907  00000-0 -38879-4 0  9997,2 53982  53.2183 337.3902 0002107 106.4429 253.6795 15.08842091 64245,6917.874,95.437,541.197,538.281,0.0
53982.0,STARLINK-5120,PAYLOAD,2023-12-02 05:39:37,15.08853605,0.0002156,53.218,333.2307,110.3024,249.82,0.00014945,2.092e-05,0.0,0 STARLINK-5120,1 53982U 22125U   23336.23584680  .00002092  00000-0  14945-3 0  9991,2 53982  53.2180 333.2307 0002156 110.3024 249.8200 15.08853605 64460,6917.839,95.437,541.195,538.212,0.0
53982.0,STARLINK-5120,PAYLOAD,2023-12-03 03:55:03,15.08824829,0.0001925,53.2183,329.0665,96.6151,263.5061,-3.8352e-05,-8.98e-06,0.0,0 STARLINK-5120,1 53982U 22125U   23337.16323687 -.00000898  00000-0 -38352-4 0  9995,2 53982  53.2183 329.0665 0001925  96.6151 263.5061 15.08824829 64603,6917.927,95.439,541.123,538.46,0.0
53982.0,STARLINK-5120,PAYLOAD,2023-12-03 08:41:14,15.08810867,0.0001801,53.2184,328.1762,92.0463,268.0735,-0.00014865,-2.651e-05,0.0,0 STARLINK-5120,1 53982U 22125U   23337.36197174 -.00002651  00000-0 -14865-3 0  9998,2 53982  53.2184 328.1762 0001801  92.0463 268.0735 15.08810867 64639,6917.969,95.439,541.08,538.589,0.0
53982.0,STARLINK-5120,PAYLOAD,2023-12-04 03:45:50,15.08844286,0.0001737,53.2188,324.614,95.7169,264.4022,-7.8458e-05,-1.537e-05,0.0,0 STARLINK-5120,1 53982U 22125U   23338.15682931 -.00001537  00000-0 -78458-4 0  9997,2 53982  53.2188 324.6140 0001737  95.7169 264.4022 15.08844286 64759,6917.867,95.437,540.934,538.531,0.0
53982.0,STARLINK-5120,PAYLOAD,2023-12-04 06:56:35,15.08861409,0.0001998,53.219,324.0156,92.6752,267.4469,4.1752e-05,3.77e-06,0.0,0 STARLINK-5120,1 53982U 22125U   23338.28929607  .00000377  00000-0  41752-4 0  9991,2 53982  53.2190 324.0156 0001998  92.6752 267.4469 15.08861409 64772,6917.815,95.436,541.062,538.298,0.0
53982.0,STARLINK-5120,PAYLOAD,2023-12-04 22:50:27,15.08833425,0.0002735,53.2177,321.0434,60.3865,299.74,0.00043138,6.583e-05,0.0,0 STARLINK-5120,1 53982U 22125U   23338.95170679  .00006583  00000-0  43138-3 0  9996,2 53982  53.2177 321.0434 0002735  60.3865 299.7400 15.08833425 64792,6917.9,95.438,541.658,537.873,0.0
53982.0,STARLINK-5120,PAYLOAD,2023-12-05 03:36:36,15.08835264,0.0002304,53.2187,320.1509,74.1348,285.9898,0.00040395,6.146e-05,0.0,0 STARLINK-5120,1 53982U 22125U   23339.15042603  .00006146  00000-0  40395-3 0  9991,2 53982  53.2187 320.1509 0002304  74.1348 285.9898 15.08835264 64901,6917.895,95.438,541.354,538.166,0.0
53982.0,STARLINK-5120,PAYLOAD,2023-12-05 08:22:45,15.08847391,0.0002303,53.217,319.2565,76.0375,284.0873,0.00038263,5.808e-05,0.0,0 STARLINK-5120,1 53982U 22125U   23339.34914011  .00005808  00000-0  38263-3 0  9998,2 53982  53.2170 319.2565 0002303  76.0375 284.0873 15.08847391 64934,6917.858,95.437,541.316,538.13,0.0
53982.0,STARLINK-5120,PAYLOAD,2023-12-06 03:27:23,15.08849796,0.0002288,53.2189,315.6916,79.2008,280.9241,-2.6197e-05,-7.05e-06,0.0,0 STARLINK-5120,1 53982U 22125U   23340.14402677 -.00000705  00000-0 -26197-4 0  9995,2 53982  53.2189 315.6916 0002288  79.2008 280.9241 15.08849796 65053,6917.85,95.437,541.298,538.133,0.0
53982.0,STARLINK-5120,PAYLOAD,2023-12-06 08:13:32,15.0885351,0.0002201,53.2175,314.7951,91.8976,268.2268,1.1276e-05,-1.09e-06,0.0,0 STARLINK-5120,1 53982U 22125U   23340.34274008 -.00000109  00000-0  11276-4 0  9991,2 53982  53.2175 314.7951 0002201  91.8976 268.2268 15.08853510 65008,6917.839,95.437,541.227,538.181,0.0
53982.0,STARLINK-5120,PAYLOAD,2023-12-07 03:18:10,15.08843487,0.0002219,53.2181,311.2235,114.1782,245.9443,-0.00014971,-2.67e-05,0.0,0 STARLINK-5120,1 53982U 22125U   23341.13762574 -.00002670  00000-0 -14971-3 0  9999,2 53982  53.2181 311.2235 0002219 114.1782 245.9443 15.08843487 65206,6917.87,95.437,541.27,538.2,0.0
53982.0,STARLINK-5120,PAYLOAD,2023-12-07 08:04:20,15.08842163,0.0002181,53.218,310.3332,104.5795,255.544,-0.00012246,-2.237e-05,0.0,0 STARLINK-5120,1 53982U 22125U   23341.33634636 -.00002237  00000-0 -12246-3 0  9990,2 53982  53.2180 310.3332 0002181 104.5795 255.5440 15.08842163 65156,6917.874,95.437,541.248,538.23,0.0
53982.0,STARLINK-5120,PAYLOAD,2023-12-08 07:55:07,15.08838816,0.0002268,53.2178,305.8729,112.5497,247.5735,1.9195e-06,-2.58e-06,0.0,0 STARLINK-5120,1 53982U 22125U   23342.32994771 -.00000258  00000-0  19195-5 0  9991,2 53982  53.2178 305.8729 0002268 112.5497 247.5735 15.08838816 65389,6917.884,95.438,541.318,538.18,0.0
53982.0,STARLINK-5120,PAYLOAD,2023-12-08 22:13:35,15.08836042,0.0002031,53.2174,303.1969,101.3432,258.7789,0.00010177,1.332e-05,0.0,0 STARLINK-5120,1 53982U 22125U   23342.92610934  .00001332  00000-0  10177-3 0  9995,2 53982  53.2174 303.1969 0002031 101.3432 258.7789 15.08836042 65398,6917.892,95.438,541.163,538.352,0.0
53982.0,STARLINK-5120,PAYLOAD,2023-12-09 04:35:08,15.08840911,0.0002005,53.2173,302.0075,95.6717,264.4504,0.00014147,1.964e-05,0.0,0 STARLINK-5120,1 53982U 22125U   23343.19106652  .00001964  00000-0  14147-3 0  9994,2 53982  53.2173 302.0075 0002005  95.6717 264.4504 15.08840911 65439,6917.878,95.437,541.13,538.356,0.0
53982.0,STARLINK-5120,PAYLOAD,2023-12-09 20:29:00,15.08835939,0.0002091,53.2176,299.0397,96.712,263.411,8.8175e-05,1.115e-05,0.0,0 STARLINK-5120,1 53982U 22125U   23343.85347224  .00001115  00000-0  88175-4 0  9990,2 53982  53.2176 299.0397 0002091  96.7120 263.4110 15.08835939 65615,6917.893,95.438,541.204,538.311,0.0
53982.0,STARLINK-5120,PAYLOAD,2023-12-11 04:16:42,15.08843947,0.0002099,53.2177,293.0895,94.5528,265.5704,3.1082e-05,2.06e-06,0.0,0 STARLINK-5120,1 53982U 22125U   23345.17827092  .00000206  00000-0  31082-4 0  9998,2 53982  53.2177 293.0895 0002099  94.5528 265.5704 15.08843947 65811,6917.868,95.437,541.185,538.281,0.0
53982.0,STARLINK-5120,PAYLOAD,2023-12-12 04:07:29,15.08840852,0.0002296,53.2176,288.6304,72.8206,287.3038,8.1317e-05,1.006e-05,0.0,0 STARLINK-5120,1 53982U 22125U   23346.17187368  .00001006  00000-0  81317-4 0  9999,2 53982  53.2176 288.6304 0002296  72.8206 287.3038 15.08840852 65887,6917.878,95.438,541.331,538.154,0.0
53982.0,STARLINK-5120,PAYLOAD,2023-12-13 02:22:53,15.08846175,0.0002207,53.2175,284.4684,77.2447,282.8792,8.216e-05,1.02e-05,0.0,0 STARLINK-5120,1 53982U 22125U   23347.09922942  .00001020  00000-0  82160-4 0  9999,2 53982  53.2175 284.4684 0002207  77.2447 282.8792 15.08846175 66106,6917.862,95.437,541.253,538.2,0.0
53982.0,STARLINK-5120,PAYLOAD,2023-12-14 00:38:17,15.08841203,0.0001984,53.2167,280.3036,88.4345,271.6874,1.331e-06,-2.67e-06,0.0,0 STARLINK-5120,1 53982U 22125U   23348.02659194 -.00000267  00000-0  13310-5 0  9994,2 53982  53.2167 280.3036 0001984  88.4345 271.6874 15.08841203 66244,6917.877,95.437,541.114,538.369,0.0
53982.0,STARLINK-5120,PAYLOAD,2023-12-15 00:29:03,15.08844697,0.0002108,53.2168,275.8385,101.8995,258.2233,7.9856e-05,9.83e-06,0.0,0 STARLINK-5120,1 53982U 22125U   23349.02018362  .00000983  00000-0  79856-4 0  9991,2 53982  53.2168 275.8385 0002108 101.8995 258.2233 15.08844697 66397,6917.866,95.437,541.189,538.273,0.0
53982.0,STARLINK-5120,PAYLOAD,2023-12-15 22:44:28,15.08832923,0.0002773,53.2176,271.6768,126.5379,233.5869,-5.9572e-06,-3.83e-06,0.0,0 STARLINK-5120,1 53982U 22125U   23349.94755473 -.00000383  00000-0 -59572-5 0  9993,2 53982  53.2176 271.6768 0002773 126.5379 233.5869 15.08832923 66450,6917.902,95.438,541.685,537.849,0.0
53982.0,STARLINK-5120,PAYLOAD,2023-12-16 00:19:52,15.08832063,0.0002454,53.2178,271.3823,124.7909,235.3314,-2.6686e-05,-7.13e-06,0.0,0 STARLINK-5120,1 53982U 22125U   23350.01379669 -.00000713  00000-0 -26686-4 0  9998,2 53982  53.2178 271.3823 0002454 124.7909 235.3314 15.08832063 66546,6917.905,95.438,541.467,538.072,0.0
53982.0,STARLINK-5120,PAYLOAD,2023-12-16 22:35:15,15.08857061,0.0002105,53.2183,267.2234,120.3099,239.8102,-0.00020105,-3.488e-05,0.0,0 STARLINK-5120,1 53982U 22125U   23350.94115138 -.00003488  00000-0 -20105-3 0  9990,2 53982  53.2183 267.2234 0002105 120.3099 239.8102 15.08857061 66603,6917.828,95.436,541.149,538.237,0.0
53982.0,STARLINK-5120,PAYLOAD,2023-12-17 00:10:38,15.08851065,0.0002362,53.2192,266.9325,125.0511,235.0703,-9.1742e-05,-1.749e-05,0.0,0 STARLINK-5120,1 53982U 22125U   23351.00739123 -.00001749  00000-0 -91742-4 0  9998,2 53982  53.2192 266.9325 0002362 125.0511 235.0703 15.08851065 66698,6917.847,95.437,541.346,538.078,0.0
53982.0,STARLINK-5120,PAYLOAD,2023-12-17 22:26:02,15.08842667,0.0001591,53.2175,262.7566,82.76,277.3573,0.00014649,2.044e-05,0.0,0 STARLINK-5120,1 53982U 22125U   23351.93475308  .00002044  00000-0  14649-3 0  9999,2 53982  53.2175 262.7566 0001591  82.7600 277.3573 15.08842667 66750,6917.872,95.437,540.838,538.637,0.0
53982.0,STARLINK-5120,PAYLOAD,2023-12-18 01:36:48,15.08848977,0.0001666,53.2179,262.1612,78.1606,281.9573,0.00020381,2.958e-05,0.0,0 STARLINK-5120,1 53982U 22125U   23352.06722874  .00002958  00000-0  20381-3 0  9991,2 53982  53.2179 262.1612 0001666  78.1606 281.9573 15.08848977 66850,6917.853,95.437,540.87,538.565,0.0
53982.0,STARLINK-5120,PAYLOAD,2023-12-18 22:16:50,15.08834562,0.0001499,53.2171,258.295,79.8118,280.3043,-4.5991e-05,-1.02e-05,0.0,0 STARLINK-5120,1 53982U 22125U   23352.92835950 -.00001020  00000-0 -45991-4 0  9992,2 53982  53.2171 258.2950 0001499  79.8118 280.3043 15.08834562 66909,6917.897,95.438,540.799,538.725,0.0
53982.0,STARLINK-5120,PAYLOAD,2023-12-19 01:27:36,15.08837045,0.000151,53.216,257.7019,84.5753,275.5412,-1.2397e-05,-4.85e-06,0.0,0 STARLINK-5120,1 53982U 22125U   23353.06083863 -.00000485  00000-0 -12397-4 0  9994,2 53982  53.2160 257.7019 0001510  84.5753 275.5412 15.08837045 67006,6917.889,95.438,540.799,538.71,0.0
53982.0,STARLINK-5120,PAYLOAD,2023-12-20 01:18:23,15.08845475,0.0001457,53.2149,253.2427,91.2812,268.8347,0.0001459,2.035e-05,0.0,0 STARLINK-5120,1 53982U 22125U   23354.05443734  .00002035  00000-0  14590-3 0  9998,2 53982  53.2149 253.2427 0001457  91.2812 268.8347 15.08845475 67152,6917.864,95.437,540.737,538.721,0.0
53982.0,STARLINK-5120,PAYLOAD,2023-12-20 21:58:24,15.08847675,0.00013,53.2145,249.3777,92.3057,267.8084,0.00032481,4.886e-05,0.0,0 STARLINK-5120,1 53982U 22125U   23354.91555759  .00004886  00000-0  32481-3 0  9999,2 53982  53.2145 249.3777 0001300  92.3057 267.8084 15.08847675 67209,6917.857,95.437,540.621,538.823,0.0
53982.0,STARLINK-5120,PAYLOAD,2023-12-20 23:33:47,15.0885211,0.0001448,53.2152,249.0794,79.316,280.7995,0.00035451,5.36e-05,0.0,0 STARLINK-5120,1 53982U 22125U   23354.98179682  .00005360  00000-0  35451-3 0  9991,2 53982  53.2152 249.0794 0001448  79.3160 280.7995 15.08852110 67212,6917.843,95.437,540.71,538.707,0.0
53982.0,STARLINK-5120,PAYLOAD,2023-12-21 21:49:11,15.08840855,0.0001254,53.2146,244.9157,86.6248,273.4887,5.3896e-05,5.7e-06,0.0,0 STARLINK-5120,1 53982U 22125U   23355.90916012  .00000570  00000-0  53896-4 0  9992,2 53982  53.2146 244.9157 0001254  86.6248 273.4887 15.08840855 67352,6917.878,95.438,540.61,538.875,0.0
53982.0,STARLINK-5120,PAYLOAD,2023-12-21 23:24:34,15.08840857,0.0001404,53.2149,244.619,90.6932,269.4221,3.6349e-05,2.91e-06,0.0,0 STARLINK-5120,1 53982U 22125U   23355.97540022  .00000291  00000-0  36349-4 0  9997,2 53982  53.2149 244.6190 0001404  90.6932 269.4221 15.08840857 67440,6917.878,95.438,540.714,538.771,0.0
53982.0,STARLINK-5120,PAYLOAD,2023-12-22 21:39:58,15.08843474,0.0001458,53.2157,240.4549,88.4651,271.6508,9.8714e-05,1.284e-05,0.0,0 STARLINK-5120,1 53982U 22125U   23356.90276015  .00001284  00000-0  98714-4 0  9996,2 53982  53.2157 240.4549 0001458  88.4651 271.6508 15.08843474 67501,6917.87,95.437,540.743,538.726,0.0
53982.0,STARLINK-5120,PAYLOAD,2023-12-23 02:26:07,15.08847995,0.0001576,53.2161,239.5589,92.3571,267.7602,0.00013154,1.807e-05,0.0,0 STARLINK-5120,1 53982U 22125U   23357.10147747  .00001807  00000-0  13154-3 0  9993,2 53982  53.2161 239.5589 0001576  92.3571 267.7602 15.08847995 67610,6917.856,95.437,540.811,538.631,0.0
53982.0,STARLINK-5120,PAYLOAD,2023-12-23 19:55:22,15.08839379,0.0001491,53.2155,236.2848,96.1129,264.0033,9.6297e-05,1.245e-05,0.0,0 STARLINK-5120,1 53982U 22125U   23357.83012210  .00001245  00000-0  96297-4 0  9995,2 53982  53.2155 236.2848 0001491  96.1129 264.0033 15.08839379 67729,6917.882,95.438,540.779,538.716,0.0
53982.0,STARLINK-5120,PAYLOAD,2023-12-23 21:30:45,15.08840287,0.0001481,53.216,235.9876,93.9569,266.1593,0.00012091,1.637e-05,0.0,0 STARLINK-5120,1 53982U 22125U   23357.89636203  .00001637  00000-0  12091-3 0  9999,2 53982  53.2160 235.9876 0001481  93.9569 266.1593 15.08840287 67650,6917.88,95.438,540.769,538.72,0.0
53982.0,STARLINK-5120,PAYLOAD,2023-12-24 15:00:00,15.08838902,0.0001542,53.2155,232.7207,96.7593,263.3574,-3.919e-05,-9.12e-06,0.0,0 STARLINK-5120,1 53982U 22125U   23358.62500426 -.00000912  00000-0 -39190-4 0  9995,2 53982  53.2155 232.7207 0001542  96.7593 263.3574 15.08838902 67764,6917.884,95.438,540.815,538.682,0.0
53982.0,STARLINK-5120,PAYLOAD,2023-12-24 19:46:09,15.08847734,0.0001866,53.2144,231.8321,120.8373,239.2803,2.0688e-05,4.1e-07,0.0,0 STARLINK-5120,1 53982U 22125U   23358.82371557  .00000041  00000-0  20688-4 0  9991,2 53982  53.2144 231.8321 0001866 120.8373 239.2803 15.08847734 67875,6917.857,95.437,541.013,538.431,0.0
53982.0,STARLINK-5120,PAYLOAD,2023-12-24 21:21:32,15.08845454,0.0001441,53.2158,231.5391,94.9256,265.19,6.3815e-05,7.28e-06,0.0,0 STARLINK-5120,1 53982U 22125U   23358.88996105  .00000728  00000-0  63815-4 0  9990,2 53982  53.2158 231.5391 0001441  94.9256 265.1900 15.08845454 67800,6917.864,95.437,540.726,538.732,0.0
53982.0,STARLINK-5120,PAYLOAD,2023-12-25 02:07:41,15.08851515,0.0001757,53.2146,230.6428,116.411,243.7062,9.6939e-05,1.255e-05,0.0,0 STARLINK-5120,1 53982U 22125U   23359.08867312  .00001255  00000-0  96939-4 0  9999,2 53982  53.2146 230.6428 0001757 116.4110 243.7062 15.08851515 67836,6917.845,95.437,540.926,538.495,0.0
53982.0,STARLINK-5120,PAYLOAD,2023-12-25 19:36:56,15.08840861,0.0002071,53.2144,227.3648,135.2481,224.8678,-7.9799e-06,-4.15e-06,0.0,0 STARLINK-5120,1 53982U 22125U   23359.81731906 -.00000415  00000-0 -79799-5 0  9994,2 53982  53.2144 227.3648 0002071 135.2481 224.8678 15.08840861 68028,6917.878,95.438,541.175,538.31,0.0
53982.0,STARLINK-5120,PAYLOAD,2023-12-25 21:12:20,15.08835735,0.0001523,53.2152,227.0713,78.6471,281.4693,2.6828e-05,1.39e-06,0.0,0 STARLINK-5120,1 53982U 22125U   23359.88356646  .00000139  00000-0  26828-4 0  9990,2 53982  53.2152 227.0713 0001523  78.6471 281.4693 15.08835735 67958,6917.893,95.438,540.812,538.705,0.0
53982.0,STARLINK-5120,PAYLOAD,2023-12-26 00:23:06,15.08839441,0.0001482,53.2149,226.476,97.7497,262.3663,6.9682e-05,8.21e-06,0.0,0 STARLINK-5120,1 53982U 22125U   23360.01604364  .00000821  00000-0  69682-4 0  9993,2 53982  53.2149 226.4760 0001482  97.7497 262.3663 15.08839441 67978,6917.882,95.438,540.772,538.722,0.0
53982.0,STARLINK-5120,PAYLOAD,2023-12-26 22:38:29,15.08844569,0.0001584,53.2148,222.3129,109.5737,250.5427,3.4798e-05,2.66e-06,0.0,0 STARLINK-5120,1 53982U 22125U   23360.94340222  .00000266  00000-0  34798-4 0  9998,2 53982  53.2148 222.3129 0001584 109.5737 250.5427 15.08844569 68114,6917.866,95.437,540.827,538.636,0.0
53982.0,STARLINK-5120,PAYLOAD,2023-12-27 00:13:53,15.08845796,0.0001639,53.2149,222.0143,113.8491,246.2673,5.1115e-05,5.26e-06,0.0,0 STARLINK-5120,1 53982U 22125U   23361.00964143  .00000526  00000-0  51115-4 0  9991,2 53982  53.2149 222.0143 0001639 113.8491 246.2673 15.08845796 68202,6917.863,95.437,540.862,538.594,0.0
53982.0,STARLINK-5120,PAYLOAD,2023-12-27 19:18:31,15.08840234,0.0001468,53.2152,218.445,95.28,264.8359,0.0001181,1.592e-05,0.0,0 STARLINK-5120,1 53982U 22125U   23361.80452682  .00001592  00000-0  11810-3 0  9990,2 53982  53.2152 218.4450 0001468  95.2800 264.8359 15.08840234 68325,6917.88,95.438,540.76,538.729,0.0
53982.0,STARLINK-5120,PAYLOAD,2023-12-27 20:53:54,15.08840066,0.0001476,53.2151,218.1477,94.5466,265.5695,0.00010745,1.423e-05,0.0,0 STARLINK-5120,1 53982U 22125U   23361.87076662  .00001423  00000-0  10745-3 0  9996,2 53982  53.2151 218.1477 0001476  94.5466 265.5695 15.08840066 68255,6917.88,95.438,540.766,538.724,0.0
53982.0,STARLINK-5120,PAYLOAD,2023-12-28 00:04:40,15.08841175,0.0001482,53.2151,217.5527,94.5696,265.5466,0.00011887,1.604e-05,0.0,0 STARLINK-5120,1 53982U 22125U   23362.00324616  .00001604  00000-0  11887-3 0  9996,2 53982  53.2151 217.5527 0001482  94.5696 265.5466 15.08841175 68276,6917.877,95.437,540.767,538.717,0.0
53982.0,STARLINK-5120,PAYLOAD,2023-12-28 20:44:40,15.08845023,0.000141,53.216,213.6863,98.1516,261.9637,8.9483e-05,1.137e-05,0.0,0 STARLINK-5120,1 53982U 22125U   23362.86436260  .00001137  00000-0  89483-4 0  9998,2 53982  53.2160 213.6863 0001410  98.1516 261.9637 15.08845023 68409,6917.865,95.437,540.705,538.755,0.0
53982.0,STARLINK-5120,PAYLOAD,2023-12-28 23:55:27,15.08844097,0.0001442,53.2161,213.0932,97.2863,262.8293,7.4622e-05,9e-06,0.0,0 STARLINK-5120,1 53982U 22125U   23362.99684326  .00000900  00000-0  74622-4 0  9996,2 53982  53.2161 213.0932 0001442  97.2863 262.8293 15.08844097 68500,6917.868,95.437,540.73,538.735,0.0
53982.0,STARLINK-5120,PAYLOAD,2023-12-29 19:00:05,15.08838703,0.0001453,53.2159,209.5242,96.3412,263.7746,4.5197e-05,4.31e-06,0.0,0 STARLINK-5120,1 53982U 22125U   23363.79172759  .00000431  00000-0  45197-4 0  9991,2 53982  53.2159 209.5242 0001453  96.3412 263.7746 15.08838703 68626,6917.884,95.438,540.755,538.744,0.0
53982.0,STARLINK-5120,PAYLOAD,2023-12-29 20:35:28,15.08837936,0.0001429,53.2158,209.2269,93.5468,266.5687,3.0839e-05,2.03e-06,0.0,0 STARLINK-5120,1 53982U 22125U   23363.85796811  .00000203  00000-0  30839-4 0  9993,2 53982  53.2158 209.2269 0001429  93.5468 266.5687 15.08837936 68558,6917.887,95.438,540.74,538.763,0.0
53982.0,STARLINK-5120,PAYLOAD,2023-12-30 14:04:42,15.08840175,0.0001426,53.2157,205.9553,94.1185,265.9971,5.9432e-05,6.58e-06,0.0,0 STARLINK-5120,1 53982U 22125U   23364.58660619  .00000658  00000-0  59432-4 0  9994,2 53982  53.2157 205.9553 0001426  94.1185 265.9971 15.08840175 68666,6917.88,95.438,540.731,538.758,0.0
53982.0,STARLINK-5120,PAYLOAD,2023-12-30 18:50:51,15.08844337,0.0001249,53.2155,205.0639,85.1007,275.0128,5.0932e-05,5.23e-06,0.0,0 STARLINK-5120,1 53982U 22125U   23364.78532394  .00000523  00000-0  50932-4 0  9991,2 53982  53.2155 205.0639 0001249  85.1007 275.0128 15.08844337 68699,6917.867,95.437,540.596,538.868,0.0
53982.0,STARLINK-5120,PAYLOAD,2023-12-31 12:20:06,15.08837751,0.0001375,53.2153,201.7968,94.709,265.4059,8.6505e-05,1.089e-05,0.0,0 STARLINK-5120,1 53982U 22125U   23365.51396752  .00001089  00000-0  86505-4 0  9992,2 53982  53.2153 201.7968 0001375  94.7090 265.4059 15.08837751 68882,6917.887,95.438,540.703,538.801,0.0
53982.0,STARLINK-5120,PAYLOAD,2023-12-31 20:17:02,15.08837744,0.0001359,53.2153,200.3096,96.5492,263.5655,5.4409e-05,5.78e-06,0.0,0 STARLINK-5120,1 53982U 22125U   23365.84516808  .00000578  00000-0  54409-4 0  9994,2 53982  53.2153 200.3096 0001359  96.5492 263.5655 15.08837744 68857,6917.887,95.438,540.692,538.812,0.0
53982.0,STARLINK-5120,PAYLOAD,2024-01-01 12:10:54,15.08837855,0.0001405,53.2155,197.336,99.6768,260.4383,3.5048e-05,2.7e-06,0.0,0 STARLINK-5120,1 53982U 22125U   24001.50756987  .00000270  00000-0  35048-4 0  9996,2 53982  53.2155 197.3360 0001405  99.6768 260.4383 15.08837855 68958,6917.887,95.438,540.724,538.78,0.0
53982.0,STARLINK-5120,PAYLOAD,2024-01-01 18:32:26,15.08837211,0.0001401,53.2157,196.1465,98.9799,261.1352,2.3168e-05,8.1e-07,0.0,0 STARLINK-5120,1 53982U 22125U   24001.77253073  .00000081  00000-0  23168-4 0  9993,2 53982  53.2157 196.1465 0001401  98.9799 261.1352 15.08837211 69079,6917.889,95.438,540.723,538.785,0.0
53982.0,STARLINK-5120,PAYLOAD,2024-01-02 12:01:40,15.08839785,0.0001394,53.2159,192.8753,97.6904,262.4246,6.7643e-05,7.89e-06,0.0,0 STARLINK-5120,1 53982U 22125U   24002.50116881  .00000789  00000-0  67643-4 0  9991,2 53982  53.2159 192.8753 0001394  97.6904 262.4246 15.08839785 69107,6917.881,95.438,540.71,538.782,0.0
53982.0,STARLINK-5120,PAYLOAD,2024-01-02 19:58:36,15.08840735,0.0001359,53.2157,191.3882,91.8148,268.3,6.6348e-05,7.68e-06,0.0,0 STARLINK-5120,1 53982U 22125U   24002.83236868  .00000768  00000-0  66348-4 0  9993,2 53982  53.2157 191.3882 0001359  91.8148 268.3000 15.08840735 69233,6917.878,95.438,540.683,538.803,0.0
53982.0,STARLINK-5120,PAYLOAD,2024-01-03 19:49:23,15.08838801,0.0001353,53.2156,186.9272,84.9872,275.1274,4.9873e-05,5.06e-06,0.0,0 STARLINK-5120,1 53982U 22125U   24003.82597142  .00000506  00000-0  49873-4 0  9992,2 53982  53.2156 186.9272 0001353  84.9872 275.1274 15.08838801 69304,6917.884,95.438,540.685,538.813,0.0
53982.0,STARLINK-5120,PAYLOAD,2024-01-04 11:43:15,15.08841936,0.0001413,53.2154,183.9534,81.5002,278.615,5.5278e-05,5.92e-06,0.0,0 STARLINK-5120,1 53982U 22125U   24004.48836945  .00000592  00000-0  55278-4 0  9993,2 53982  53.2154 183.9534 0001413  81.5002 278.6150 15.08841936 69488,6917.874,95.437,540.717,538.762,0.0
53982.0,STARLINK-5120,PAYLOAD,2024-01-04 18:04:47,15.08843155,0.0001405,53.2154,182.7642,81.8206,278.2945,6.4576e-05,7.4e-06,0.0,0 STARLINK-5120,1 53982U 22125U   24004.75332784  .00000740  00000-0  64576-4 0  9991,2 53982  53.2154 182.7642 0001405  81.8206 278.2945 15.08843155 69444,6917.871,95.437,540.708,538.764,0.0
53982.0,STARLINK-5120,PAYLOAD,2024-01-05 14:44:48,15.08838926,0.0001379,53.2153,178.8984,84.5256,275.5893,4.1515e-05,3.73e-06,0.0,0 STARLINK-5120,1 53982U 22125U   24005.61445074  .00000373  00000-0  41515-4 0  9994,2 53982  53.2153 178.8984 0001379  84.5256 275.5893 15.08838926 69579,6917.884,95.438,540.703,538.795,0.0
53982.0,STARLINK-5120,PAYLOAD,2024-01-05 17:55:34,15.08839809,0.0001301,53.2157,178.3031,87.5341,272.58,4.8365e-05,4.82e-06,0.0,0 STARLINK-5120,1 53982U 22125U   24005.74692983  .00000482  00000-0  48365-4 0  9992,2 53982  53.2157 178.3031 0001301  87.5341 272.5800 15.08839809 69671,6917.881,95.438,540.646,538.846,0.0
53982.0,STARLINK-5120,PAYLOAD,2024-01-06 11:24:49,15.08841825,0.0001411,53.2167,175.0322,86.7813,273.334,9.0844e-06,-1.43e-06,0.0,0 STARLINK-5120,1 53982U 22125U   24006.47557016 -.00000143  00000-0  90844-5 0  9995,2 53982  53.2167 175.0322 0001411  86.7813 273.3340 15.08841825 69709,6917.875,95.437,540.716,538.764,0.0
53982.0,STARLINK-5120,PAYLOAD,2024-01-06 16:10:58,15.08841836,0.0001319,53.2163,174.1404,89.9117,270.2026,2.0954e-05,4.6e-07,0.0,0 STARLINK-5120,1 53982U 22125U   24006.67428948  .00000046  00000-0  20954-4 0  9993,2 53982  53.2163 174.1404 0001319  89.9117 270.2026 15.08841836 69737,6917.875,95.437,540.652,538.827,0.0
53982.0,STARLINK-5120,PAYLOAD,2024-01-07 11:15:36,15.08836382,0.00013,53.217,170.5744,85.9683,274.1458,5.6704e-05,6.15e-06,0.0,0 STARLINK-5120,1 53982U 22125U   24007.46917260  .00000615  00000-0  56704-4 0  9995,2 53982  53.2170 170.5744 0001300  85.9683 274.1458 15.08836382 69930,6917.891,95.438,540.656,538.857,0.0
53982.0,STARLINK-5120,PAYLOAD,2024-01-07 14:26:22,15.08855606,0.0001293,53.2169,169.979,96.0671,264.0468,-0.00019742,-3.43e-05,0.0,0 STARLINK-5120,1 53982U 22125U   24007.60164877 -.00003430  00000-0 -19742-3 0  9999,2 53982  53.2169 169.9790 0001293  96.0671 264.0468 15.08855606 69874,6917.833,95.437,540.592,538.803,0.0
53982.0,STARLINK-5120,PAYLOAD,2024-01-07 17:37:08,15.08838651,0.0001372,53.2167,169.3836,95.2191,264.8957,6.0273e-05,6.71e-06,0.0,0 STARLINK-5120,1 53982U 22125U   24007.73413141  .00000671  00000-0  60273-4 0  9992,2 53982  53.2167 169.3836 0001372  95.2191 264.8957 15.08838651 69897,6917.885,95.438,540.699,538.8,0.0
53982.0,STARLINK-5120,PAYLOAD,2024-01-08 14:17:09,15.08837673,0.000132,53.2159,165.5166,85.9232,274.1911,3.5114e-05,2.71e-06,0.0,0 STARLINK-5120,1 53982U 22125U   24008.59525404  .00000271  00000-0  35114-4 0  9995,2 53982  53.2159 165.5166 0001320  85.9232 274.1911 15.08837673 70021,6917.888,95.438,540.666,538.839,0.0
53982.0,STARLINK-5120,PAYLOAD,2024-01-08 17:27:56,15.08839429,0.0001333,53.2158,164.9217,89.6847,270.4298,4.7065e-05,4.61e-06,0.0,0 STARLINK-5120,1 53982U 22125U   24008.72773250  .00000461  00000-0  47065-4 0  9993,2 53982  53.2158 164.9217 0001333  89.6847 270.4298 15.08839429 70126,6917.882,95.438,540.669,538.825,0.0
53982.0,STARLINK-5120,PAYLOAD,2024-01-09 14:07:57,15.08838355,0.0001358,53.2162,161.0541,93.6622,266.4525,3.994e-05,3.48e-06,0.0,0 STARLINK-5120,1 53982U 22125U   24009.58885502  .00000348  00000-0  39940-4 0  9999,2 53982  53.2162 161.0541 0001358  93.6622 266.4525 15.08838355 70172,6917.885,95.438,540.69,538.811,0.0
53982.0,STARLINK-5120,PAYLOAD,2024-01-09 18:54:06,15.08842752,0.0001371,53.2162,160.1621,91.3747,268.7402,7.6204e-05,9.25e-06,0.0,0 STARLINK-5120,1 53982U 22125U   24009.78757138  .00000925  00000-0  76204-4 0  9999,2 53982  53.2162 160.1621 0001371  91.3747 268.7402 15.08842752 70286,6917.872,95.437,540.685,538.789,0.0
53982.0,STARLINK-5120,PAYLOAD,2024-01-11 09:03:21,15.08838938,0.0001262,53.2174,153.0277,93.2893,266.8244,1.9117e-05,1.6e-07,0.0,0 STARLINK-5120,1 53982U 22125U   24011.37733730  .00000016  00000-0  19117-4 0  9990,2 53982  53.2174 153.0277 0001262  93.2893 266.8244 15.08838938 70520,6917.884,95.438,540.622,538.876,0.0
53982.0,STARLINK-5120,PAYLOAD,2024-01-11 13:49:31,15.08843519,0.000164,53.2157,152.1361,84.9782,275.1397,4.2272e-05,3.85e-06,0.0,0 STARLINK-5120,1 53982U 22125U   24011.57605405  .00000385  00000-0  42272-4 0  9996,2 53982  53.2157 152.1361 0001640  84.9782 275.1397 15.08843519 70476,6917.87,95.437,540.869,538.6,0.0
53982.0,STARLINK-5120,PAYLOAD,2024-01-11 18:35:40,15.08846287,0.0001662,53.2164,151.2439,85.6806,274.4376,7.3664e-05,8.85e-06,0.0,0 STARLINK-5120,1 53982U 22125U   24011.77477143  .00000885  00000-0  73664-4 0  9998,2 53982  53.2164 151.2439 0001662  85.6806 274.4376 15.08846287 70585,6917.861,95.437,540.876,538.576,0.0
53982.0,STARLINK-5120,PAYLOAD,2024-01-12 08:54:09,15.08841695,0.0001812,53.2165,148.5682,92.1286,267.9914,-1.0942e-05,-4.62e-06,0.0,0 STARLINK-5120,1 53982U 22125U   24012.37093840 -.00000462  00000-0 -10942-4 0  9996,2 53982  53.2165 148.5682 0001812  92.1286 267.9914 15.08841695 70670,6917.875,95.437,540.994,538.487,0.0
53982.0,STARLINK-5120,PAYLOAD,2024-01-12 13:40:18,15.08842739,0.0001662,53.2159,147.6756,97.1023,263.0158,-4.1769e-05,-9.53e-06,0.0,0 STARLINK-5120,1 53982U 22125U   24012.56965826 -.00000953  00000-0 -41769-4 0  9995,2 53982  53.2159 147.6756 0001662  97.1023 263.0158 15.08842739 70624,6917.872,95.437,540.887,538.587,0.0
53982.0,STARLINK-5120,PAYLOAD,2024-01-12 18:26:27,15.08842012,0.0001767,53.2163,146.783,90.2317,269.8877,-2.0032e-06,-3.2e-06,0.0,0 STARLINK-5120,1 53982U 22125U   24012.76837741 -.00000320  00000-0 -20032-5 0  9990,2 53982  53.2163 146.7830 0001767  90.2317 269.8877 15.08842012 70657,6917.874,95.437,540.962,538.517,0.0
53982.0,STARLINK-5120,PAYLOAD,2024-01-13 11:55:42,15.08838983,0.0001839,53.2162,143.5114,103.6062,256.5135,1.354e-05,-7.3e-07,0.0,0 STARLINK-5120,1 53982U 22125U   24013.49701876 -.00000073  00000-0  13540-4 0  9999,2 53982  53.2162 143.5114 0001839 103.6062 256.5135 15.08838983 70845,6917.883,95.438,541.021,538.476,0.0
53982.0,STARLINK-5120,PAYLOAD,2024-01-13 13:31:05,15.08840778,0.000165,53.217,143.2141,102.1487,257.969,4.6752e-06,-2.14e-06,0.0,0 STARLINK-5120,1 53982U 22125U   24013.56325831 -.00000214  00000-0  46752-5 0  9999,2 53982  53.2170 143.2141 0001650 102.1487 257.9690 15.08840778 70775,6917.878,95.438,540.884,538.602,0.0
53982.0,STARLINK-5120,PAYLOAD,2024-01-14 13:21:52,15.08841759,0.0001391,53.216,138.753,79.6639,280.451,5.2814e-05,5.53e-06,0.0,0 STARLINK-5120,1 53982U 22125U   24014.55685831  .00000553  00000-0  52814-4 0  9998,2 53982  53.2160 138.7530 0001391  79.6639 280.4510 15.08841759 70923,6917.875,95.437,540.702,538.778,0.0
53982.0,STARLINK-5120,PAYLOAD,2024-01-15 14:48:02,15.08847939,0.0001378,53.2158,133.9965,78.0259,282.0888,8.8832e-05,1.126e-05,0.0,0 STARLINK-5120,1 53982U 22125U   24015.61669412  .00001126  00000-0  88832-4 0  9999,2 53982  53.2158 133.9965 0001378  78.0259 282.0888 15.08847939 71085,6917.856,95.437,540.674,538.768,0.0
53982.0,STARLINK-5120,PAYLOAD,2024-01-16 11:28:04,15.08835766,0.0001461,53.2164,130.1299,81.3796,278.7362,5.2856e-06,-2.04e-06,0.0,0 STARLINK-5120,1 53982U 22125U   24016.47782562 -.00000204  00000-0  52856-5 0  9991,2 53982  53.2164 130.1299 0001461  81.3796 278.7362 15.08835766 71294,6917.893,95.438,540.769,538.748,0.0
53982.0,STARLINK-5120,PAYLOAD,2024-01-16 14:38:50,15.08835404,0.0001418,53.2166,129.5359,76.2982,283.8168,3.9106e-05,3.34e-06,0.0,0 STARLINK-5120,1 53982U 22125U   24016.61030551  .00000334  00000-0  39106-4 0  9996,2 53982  53.2166 129.5359 0001418  76.2982 283.8168 15.08835404 71231,6917.894,95.438,540.74,538.778,0.0
53982.0,STARLINK-5120,PAYLOAD,2024-01-16 17:49:36,15.08837694,0.0001411,53.2166,128.9414,72.0679,288.0467,5.9928e-05,6.66e-06,0.0,0 STARLINK-5120,1 53982U 22125U   24016.74278417  .00000666  00000-0  59928-4 0  9997,2 53982  53.2166 128.9414 0001411  72.0679 288.0467 15.08837694 71250,6917.887,95.438,540.729,538.776,0.0
53982.0,STARLINK-5120,PAYLOAD,2024-01-17 14:29:37,15.08841263,0.0001631,53.2174,125.0763,65.5795,294.5367,3.6567e-05,2.94e-06,0.0,0 STARLINK-5120,1 53982U 22125U   24017.60390699  .00000294  00000-0  36567-4 0  9991,2 53982  53.2174 125.0763 0001631  65.5795 294.5367 15.08841263 71386,6917.877,95.437,540.87,538.613,0.0
53982.0,STARLINK-5120,PAYLOAD,2024-01-18 11:09:38,15.08834179,0.0001826,53.218,121.2108,77.3464,282.7732,0.00015405,2.164e-05,0.0,0 STARLINK-5120,1 53982U 22125U   24018.46503118  .00002164  00000-0  15405-3 0  9993,2 53982  53.2180 121.2108 0001826  77.3464 282.7732 15.08834179 71590,6917.898,95.438,541.026,538.5,0.0
53982.0,STARLINK-5120,PAYLOAD,2024-01-18 14:20:24,15.08841447,0.0001999,53.2185,120.6154,61.3446,298.7747,0.00013975,1.937e-05,0.0,0 STARLINK-5120,1 53982U 22125U   24018.59750885  .00001937  00000-0  13975-3 0  9999,2 53982  53.2185 120.6154 0001999  61.3446 298.7747 15.08841447 71536,6917.876,95.437,541.124,538.358,0.0
53982.0,STARLINK-5120,PAYLOAD,2024-01-19 12:35:48,15.08844457,0.0001819,53.2177,116.4581,65.4441,294.674,5.4204e-05,5.75e-06,0.0,0 STARLINK-5120,1 53982U 22125U   24019.52486934  .00000575  00000-0  54204-4 0  9992,2 53982  53.2177 116.4581 0001819  65.4441 294.6740 15.08844457 71672,6917.867,95.437,540.99,538.473,0.0
53982.0,STARLINK-5120,PAYLOAD,2024-01-20 12:26:35,15.08849329,0.0001561,53.2173,111.9959,78.9314,281.1854,-4.361e-05,-9.82e-06,0.0,0 STARLINK-5120,1 53982U 22125U   24020.51846602 -.00000982  00000-0 -43610-4 0  9998,2 53982  53.2173 111.9959 0001561  78.9314 281.1854 15.08849329 71826,6917.852,95.437,540.797,538.637,0.0
53982.0,STARLINK-5120,PAYLOAD,2024-01-21 10:42:00,15.08805708,0.0001602,53.2155,107.8306,80.1852,279.9321,0.00039547,6.006e-05,0.0,0 STARLINK-5120,1 53982U 22125U   24021.44584060  .00006006  00000-0  39547-3 0  9992,2 53982  53.2155 107.8306 0001602  80.1852 279.9321 15.08805708 72046,6917.985,95.44,540.958,538.742,0.0
53982.0,STARLINK-5120,PAYLOAD,2024-01-21 12:17:22,15.08838886,0.0001419,53.2158,107.5325,86.3323,273.7831,1.463e-05,-5.5e-07,0.0,0 STARLINK-5120,1 53982U 22125U   24021.51207007 -.00000055  00000-0  14630-4 0  9999,2 53982  53.2158 107.5325 0001419  86.3323 273.7831 15.08838886 72056,6917.884,95.438,540.73,538.767,0.0
53982.0,STARLINK-5120,PAYLOAD,2024-01-21 15:28:08,15.08841823,0.0001467,53.2161,106.936,100.4341,259.6816,3.1688e-05,2.16e-06,0.0,0 STARLINK-5120,1 53982U 22125U   24021.64454703  .00000216  00000-0  31688-4 0  9990,2 53982  53.2161 106.9360 0001467 100.4341 259.6816 15.08841823 71996,6917.875,95.437,540.755,538.725,0.0
53982.0,STARLINK-5120,PAYLOAD,2024-01-22 10:32:45,15.08850143,0.000123,53.2166,103.3669,86.537,273.5763,7.7301e-05,9.43e-06,0.0,0 STARLINK-5120,1 53982U 22125U   24022.43941993  .00000943  00000-0  77301-4 0  9999,2 53982  53.2166 103.3669 0001230  86.5370 273.5763 15.08850143 72192,6917.849,95.437,540.565,538.863,0.0
53982.0,STARLINK-5120,PAYLOAD,2024-01-23 10:23:33,15.08842443,0.0001415,53.2164,98.9079,70.0557,290.0588,6.2881e-05,7.13e-06,0.0,0 STARLINK-5120,1 53982U 22125U   24023.43302706  .00000713  00000-0  62881-4 0  9995,2 53982  53.2164  98.9079 0001415  70.0557 290.0588 15.08842443 72344,6917.873,95.437,540.717,538.759,0.0
53982.0,STARLINK-5120,PAYLOAD,2024-01-24 10:14:21,15.08853364,0.0001496,53.2167,94.4449,97.7839,262.3323,-0.00031952,-5.371e-05,0.0,0 STARLINK-5120,1 53982U 22125U   24024.42663414 -.00005371  00000-0 -31952-3 0  9992,2 53982  53.2167  94.4449 0001496  97.7839 262.3323 15.08853364 72496,6917.84,95.437,540.739,538.67,0.0
53982.0,STARLINK-5120,PAYLOAD,2024-01-25 11:40:31,15.08838255,0.000174,53.2159,89.6899,100.2637,259.8551,4.7046e-05,4.61e-06,0.0,0 STARLINK-5120,1 53982U 22125U   24025.48647679  .00000461  00000-0  47046-4 0  9999,2 53982  53.2159  89.6899 0001740 100.2637 259.8551 15.08838255 72654,6917.886,95.438,540.954,538.547,0.0
53982.0,STARLINK-5120,PAYLOAD,2024-01-26 11:31:18,15.08841226,0.0001858,53.217,85.2334,73.524,286.5956,0.00015271,2.143e-05,0.0,0 STARLINK-5120,1 53982U 22125U   24026.48007727  .00002143  00000-0  15271-3 0  9997,2 53982  53.2170  85.2334 0001858  73.5240 286.5956 15.08841226 72721,6917.877,95.437,541.027,538.456,0.0
53982.0,STARLINK-5120,PAYLOAD,2024-01-27 09:46:43,15.08817059,0.0002008,53.2177,81.068,65.586,294.5341,0.00043041,6.564e-05,0.0,0 STARLINK-5120,1 53982U 22125U   24027.40744912  .00006564  00000-0  43041-3 0  9991,2 53982  53.2177  81.0680 0002008  65.5860 294.5341 15.08817059 72941,6917.951,95.439,541.205,538.426,0.0
53982.0,STARLINK-5120,PAYLOAD,2024-01-28 09:37:29,15.08840692,0.0001889,53.2165,76.6104,78.1738,281.9466,6.1367e-06,-1.9e-06,0.0,0 STARLINK-5120,1 53982U 22125U   24028.40104156 -.00000190  00000-0  61367-5 0  9995,2 53982  53.2165  76.6104 0001889  78.1738 281.9466 15.08840692 73093,6917.878,95.438,541.05,538.436,0.0
53982.0,STARLINK-5120,PAYLOAD,2024-01-29 12:39:02,15.08843045,0.0001869,53.2171,71.5455,96.6603,263.4601,8.0787e-05,9.98e-06,0.0,0 STARLINK-5120,1 53982U 22125U   24029.52711488  .00000998  00000-0  80787-4 0  9992,2 53982  53.2171  71.5455 0001869  96.6603 263.4601 15.08843045 73267,6917.871,95.437,541.029,538.443,0.0
53982.0,STARLINK-5120,PAYLOAD,2024-01-30 09:19:04,15.08834086,0.0001841,53.2172,67.6779,96.3279,263.7922,1.0315e-05,-1.24e-06,0.0,0 STARLINK-5120,1 53982U 22125U   24030.38824402 -.00000124  00000-0  10315-4 0  9991,2 53982  53.2172  67.6779 0001841  96.3279 263.7922 15.08834086 73397,6917.898,95.438,541.037,538.49,0.0
53982.0,STARLINK-5120,PAYLOAD,2024-01-31 09:09:51,15.08840345,0.0001848,53.2175,63.2176,92.7821,267.3383,2.9381e-05,1.79e-06,0.0,0 STARLINK-5120,1 53982U 22125U   24031.38184134  .00000179  00000-0  29381-4 0  9995,2 53982  53.2175  63.2176 0001848  92.7821 267.3383 15.08840345 73546,6917.879,95.438,541.023,538.466,0.0
53982.0,STARLINK-5120,PAYLOAD,2024-02-01 10:36:01,15.08835861,0.000181,53.2176,58.4632,88.4418,271.6781,5.3402e-05,5.62e-06,0.0,0 STARLINK-5120,1 53982U 22125U   24032.44168665  .00000562  00000-0  53402-4 0  9991,2 53982  53.2176  58.4632 0001810  88.4418 271.6781 15.08835861 73708,6917.893,95.438,541.01,538.506,0.0
53982.0,STARLINK-5120,PAYLOAD,2024-02-01 12:11:24,15.08836391,0.0001814,53.2177,58.1677,90.5629,269.5571,5.6982e-05,6.19e-06,0.0,0 STARLINK-5120,1 53982U 22125U   24032.50792662  .00000619  00000-0  56982-4 0  9997,2 53982  53.2177  58.1677 0001814  90.5629 269.5571 15.08836391 73631,6917.891,95.438,541.011,538.502,0.0
53982.0,STARLINK-5120,PAYLOAD,2024-02-02 08:51:25,15.08839178,0.0001827,53.2174,54.3024,85.6077,274.5123,4.3446e-05,4.03e-06,0.0,0 STARLINK-5120,1 53982U 22125U   24033.36904699  .00000403  00000-0  43446-4 0  9999,2 53982  53.2174  54.3024 0001827  85.6077 274.5123 15.08839178 73767,6917.883,95.438,541.012,538.484,0.0
53982.0,STARLINK-5120,PAYLOAD,2024-02-03 00:45:17,15.08839883,0.0001716,53.217,51.3289,86.682,273.4369,3.7921e-05,3.15e-06,0.0,0 STARLINK-5120,1 53982U 22125U   24034.03144729  .00000315  00000-0  37921-4 0  9997,2 53982  53.2170  51.3289 0001716  86.6820 273.4369 15.08839883 73940,6917.881,95.438,540.933,538.559,0.0
53982.0,STARLINK-5120,PAYLOAD,2024-02-03 07:06:49,15.08841713,0.0001743,53.217,50.1394,85.9178,274.2014,5.2563e-05,5.49e-06,0.0,0 STARLINK-5120,1 53982U 22125U   24034.29640604  .00000549  00000-0  52563-4 0  9996,2 53982  53.2170  50.1394 0001743  85.9178 274.2014 15.08841713 73909,6917.875,95.437,540.946,538.534,0.0
53982.0,STARLINK-5120,PAYLOAD,2024-02-03 18:14:31,15.08843587,0.0001779,53.2171,48.058,84.4954,275.6241,5.2096e-05,5.41e-06,0.0,0 STARLINK-5120,1 53982U 22125U   24034.76008438  .00000541  00000-0  52096-4 0  9994,2 53982  53.2171  48.0580 0001779  84.4954 275.6241 15.08843587 73973,6917.869,95.437,540.965,538.504,0.0
53982.0,STARLINK-5120,PAYLOAD,2024-02-04 06:57:36,15.08839381,0.0001794,53.2171,45.6788,86.3993,273.7205,2.8012e-05,1.58e-06,0.0,0 STARLINK-5120,1 53982U 22125U   24035.29000791  .00000158  00000-0  28012-4 0  9992,2 53982  53.2171  45.6788 0001794  86.3993 273.7205 15.08839381 74132,6917.882,95.438,540.988,538.506,0.0
53982.0,STARLINK-5120,PAYLOAD,2024-02-05 06:48:23,15.0884337,0.0001716,53.2167,41.217,91.4276,268.6913,3.0129e-05,1.91e-06,0.0,0 STARLINK-5120,1 53982U 22125U   24036.28360465  .00000191  00000-0  30129-4 0  9998,2 53982  53.2167  41.2170 0001716  91.4276 268.6913 15.08843370 74209,6917.87,95.437,540.922,538.548,0.0
53982.0,STARLINK-5120,PAYLOAD,2024-02-06 03:28:24,15.08839056,0.0001632,53.2172,37.3518,90.1597,269.9582,5.1824e-05,5.37e-06,0.0,0 STARLINK-5120,1 53982U 22125U   24037.14472626  .00000537  00000-0  51824-4 0  9996,2 53982  53.2172  37.3518 0001632  90.1597 269.9582 15.08839056 74411,6917.883,95.438,540.877,538.619,0.0
53982.0,STARLINK-5120,PAYLOAD,2024-02-06 05:03:47,15.08839803,0.0001637,53.2173,37.0545,90.2374,269.8806,5.8171e-05,6.38e-06,0.0,0 STARLINK-5120,1 53982U 22125U   24037.21096585  .00000638  00000-0  58171-4 0  9994,2 53982  53.2173  37.0545 0001637  90.2374 269.8806 15.08839803 74348,6917.881,95.438,540.878,538.614,0.0
53982.0,STARLINK-5120,PAYLOAD,2024-02-07 03:19:11,15.08835914,0.0001584,53.2171,32.8915,89.2886,270.8288,-6.7097e-06,-3.95e-06,0.0,0 STARLINK-5120,1 53982U 22125U   24038.13833257 -.00000395  00000-0 -67097-5 0  9991,2 53982  53.2171  32.8915 0001584  89.2886 270.8288 15.08835914 74566,6917.893,95.438,540.854,538.662,0.0
53982.0,STARLINK-5120,PAYLOAD,2024-02-07 04:54:35,15.08835532,0.0001534,53.2174,32.5942,87.4891,272.6277,-1.5689e-05,-5.38e-06,0.0,0 STARLINK-5120,1 53982U 22125U   24038.20457343 -.00000538  00000-0 -15689-4 0  9995,2 53982  53.2174  32.5942 0001534  87.4891 272.6277 15.08835532 74493,6917.894,95.438,540.82,538.698,0.0
53982.0,STARLINK-5120,PAYLOAD,2024-02-07 16:02:16,15.08840254,0.000152,53.2181,30.5155,92.2371,267.8795,-3.7294e-05,-8.81e-06,0.0,0 STARLINK-5120,1 53982U 22125U   24038.66825181 -.00000881  00000-0 -37294-4 0  9991,2 53982  53.2181  30.5155 0001520  92.2371 267.8795 15.08840254 74563,6917.88,95.438,540.796,538.693,0.0
53982.0,STARLINK-5120,PAYLOAD,2024-02-08 06:20:45,15.0884215,0.0001814,53.2189,27.8407,102.6429,257.4766,-5.6784e-06,-3.79e-06,0.0,0 STARLINK-5120,1 53982U 22125U   24039.26441211 -.00000379  00000-0 -56784-5 0  9994,2 53982  53.2189  27.8407 0001814 102.6429 257.4766 15.08842150 74735,6917.874,95.437,540.994,538.484,0.0
53982.0,STARLINK-5120,PAYLOAD,2024-02-09 09:22:18,15.08844882,0.0001462,53.218,22.7828,91.6038,268.5121,0.00012321,1.674e-05,0.0,0 STARLINK-5120,1 53982U 22125U   24040.39048823  .00001674  00000-0  12321-3 0  9996,2 53982  53.2180  22.7828 0001462  91.6038 268.5121 15.08844882 74900,6917.865,95.437,540.742,538.719,0.0
53982.0,STARLINK-5120,PAYLOAD,2024-02-10 02:51:33,15.08833203,0.0001559,53.2189,19.5039,86.1314,273.9856,6.5045e-05,7.47e-06,0.0,0 STARLINK-5120,1 53982U 22125U   24041.11913515  .00000747  00000-0  65045-4 0  9998,2 53982  53.2189  19.5039 0001559  86.1314 273.9856 15.08833203 75013,6917.901,95.438,540.845,538.688,0.0
53982.0,STARLINK-5120,PAYLOAD,2024-02-10 07:37:42,15.08839005,0.0001631,53.2183,18.6208,83.4916,276.6261,2.774e-05,1.53e-06,0.0,0 STARLINK-5120,1 53982U 22125U   24041.31785757  .00000153  00000-0  27740-4 0  9996,2 53982  53.2183  18.6208 0001631  83.4916 276.6261 15.08839005 74963,6917.883,95.438,540.877,538.62,0.0
53982.0,STARLINK-5120,PAYLOAD,2024-02-11 07:28:29,15.0884496,0.0001389,53.2191,14.1542,102.3299,257.7849,0.00012121,1.642e-05,0.0,0 STARLINK-5120,1 53982U 22125U   24042.31145013  .00001642  00000-0  12121-3 0  9992,2 53982  53.2191  14.1542 0001389 102.3299 257.7849 15.08844960 75193,6917.865,95.437,540.691,538.769,0.0
53982.0,STARLINK-5120,PAYLOAD,2024-02-12 07:19:15,15.08856954,0.0002153,53.22,9.6893,67.686,292.4361,0.00014019,1.945e-05,0.0,0 STARLINK-5120,1 53982U 22125U   24043.30504268  .00001945  00000-0  14019-3 0  9997,2 53982  53.2200   9.6893 0002153  67.6860 292.4361 15.08856954 75347,6917.829,95.436,541.183,538.204,0.0
53982.0,STARLINK-5120,PAYLOAD,2024-02-12 21:37:45,15.08837151,0.0001569,53.2193,7.0173,84.544,275.5731,-7.9785e-05,-1.557e-05,0.0,0 STARLINK-5120,1 53982U 22125U   24043.90122052 -.00001557  00000-0 -79785-4 0  9993,2 53982  53.2193   7.0173 0001569  84.5440 275.5731 15.08837151 75355,6917.889,95.438,540.84,538.669,0.0
53982.0,STARLINK-5120,PAYLOAD,2024-02-13 03:59:17,15.08841388,0.0001428,53.2185,5.83,84.917,275.1985,-4.3946e-05,-9.87e-06,0.0,0 STARLINK-5120,1 53982U 22125U   24044.16617618 -.00000987  00000-0 -43946-4 0  9995,2 53982  53.2185   5.8300 0001428  84.9170 275.1985 15.08841388 75479,6917.876,95.437,540.729,538.753,0.0
53982.0,STARLINK-5120,PAYLOAD,2024-02-13 07:10:03,15.0884526,0.0001392,53.2183,5.2334,90.5749,269.5402,-4.9867e-06,-3.67e-06,0.0,0 STARLINK-5120,1 53982U 22125U   24044.29865262 -.00000367  00000-0 -49867-5 0  9990,2 53982  53.2183   5.2334 0001392  90.5749 269.5402 15.08845260 75411,6917.864,95.437,540.692,538.766,0.0
53982.0,STARLINK-5120,PAYLOAD,2024-02-14 13:22:23,15.08845858,0.0001407,53.2177,359.586,103.1908,256.9241,-9.6754e-05,-1.828e-05,0.0,0 STARLINK-5120,1 53982U 22125U   24045.55721277 -.00001828  00000-0 -96754-4 0  9996,2 53982  53.2177 359.5860 0001407 103.1908 256.9241 15.08845858 75603,6917.862,95.437,540.701,538.754,0.0
53982.0,STARLINK-5120,PAYLOAD,2024-02-14 21:19:20,15.08824567,0.0001269,53.2185,358.1038,97.85,262.2636,6.3986e-05,7.3e-06,0.0,0 STARLINK-5120,1 53982U 22125U   24045.88842662  .00000730  00000-0  63986-4 0  9994,2 53982  53.2185 358.1038 0001269  97.8500 262.2636 15.08824567 75654,6917.928,95.439,540.67,538.915,0.0
53982.0,STARLINK-5120,PAYLOAD,2024-02-15 03:40:52,15.08830542,0.0001306,53.2192,356.9163,98.1663,261.9477,0.00011595,1.557e-05,0.0,0 STARLINK-5120,1 53982U 22125U   24046.15338327  .00001557  00000-0  11595-3 0  9999,2 53982  53.2192 356.9163 0001306  98.1663 261.9477 15.08830542 75775,6917.909,95.438,540.678,538.871,0.0
53982.0,STARLINK-5120,PAYLOAD,2024-02-15 13:13:10,15.08840449,0.0001372,53.2195,355.1319,103.1575,256.957,1.8384e-05,5e-08,0.0,0 STARLINK-5120,1 53982U 22125U   24046.55082069  .00000005  00000-0  18384-4 0  9993,2 53982  53.2195 355.1319 0001372 103.1575 256.9570 15.08840449 75836,6917.879,95.438,540.693,538.795,0.0
53982.0,STARLINK-5120,PAYLOAD,2024-02-16 13:03:58,15.08839894,0.0001385,53.2184,350.6684,106.7112,253.4033,6.5202e-05,7.5e-06,0.0,0 STARLINK-5120,1 53982U 22125U   24047.54442242  .00000750  00000-0  65202-4 0  9994,2 53982  53.2184 350.6684 0001385 106.7112 253.4033 15.08839894 75905,6917.881,95.438,540.704,538.788,0.0
53982.0,STARLINK-5120,PAYLOAD,2024-02-17 03:22:26,15.08843648,0.0001491,53.2195,347.9889,91.9231,268.1931,0.00012131,1.643e-05,0.0,0 STARLINK-5120,1 53982U 22125U   24048.14058061  .00001643  00000-0  12131-3 0  9997,2 53982  53.2195 347.9889 0001491  91.9231 268.1931 15.08843648 76079,6917.869,95.437,540.766,538.703,0.0
53982.0,STARLINK-5120,PAYLOAD,2024-02-17 04:57:48,15.08853737,0.0001551,53.2196,347.696,112.8496,247.266,0.00019612,2.836e-05,0.0,0 STARLINK-5120,1 53982U 22125U   24048.20681169  .00002836  00000-0  19612-3 0  9991,2 53982  53.2196 347.6960 0001551 112.8496 247.2660 15.08853737 76088,6917.838,95.437,540.776,538.63,0.0
53982.0,STARLINK-5120,PAYLOAD,2024-02-17 12:54:45,15.08844087,0.0001691,53.2192,346.21,91.0705,269.0481,8.9485e-05,1.137e-05,0.0,0 STARLINK-5120,1 53982U 22125U   24048.53802092  .00001137  00000-0  89485-4 0  9996,2 53982  53.2192 346.2100 0001691  91.0705 269.0481 15.08844087 76059,6917.868,95.437,540.903,538.563,0.0
53982.0,STARLINK-5120,PAYLOAD,2024-02-17 19:16:17,15.0884177,0.0002534,53.2194,345.0202,88.0257,272.1025,9.8904e-05,1.286e-05,0.0,0 STARLINK-5120,1 53982U 22125U   24048.80298566  .00001286  00000-0  98904-4 0  9992,2 53982  53.2194 345.0202 0002534  88.0257 272.1025 15.08841770 76174,6917.875,95.437,541.493,537.987,0.0
53982.0,STARLINK-5120,PAYLOAD,2024-02-18 03:13:14,15.08833327,0.0001656,53.2192,343.5304,88.7175,271.4007,-9.0528e-05,-1.728e-05,0.0,0 STARLINK-5120,1 53982U 22125U   24049.13419563 -.00001728  00000-0 -90528-4 0  9998,2 53982  53.2192 343.5304 0001656  88.7175 271.4007 15.08833327 76225,6917.901,95.438,540.911,538.62,0.0
53982.0,STARLINK-5120,PAYLOAD,2024-02-19 01:28:36,15.08854907,0.0001495,53.2189,339.3675,99.9315,260.1846,4.3432e-05,4.04e-06,0.0,0 STARLINK-5120,1 53982U 22125U   24050.06153820  .00000404  00000-0  43432-4 0  9993,2 53982  53.2189 339.3675 0001495  99.9315 260.1846 15.08854907 76364,6917.835,95.437,540.734,538.666,0.0
53982.0,STARLINK-5120,PAYLOAD,2024-02-19 04:39:22,15.08862282,0.0001435,53.2187,338.7685,103.5648,256.5504,0.00011553,1.552e-05,0.0,0 STARLINK-5120,1 53982U 22125U   24050.19401062  .00001552  00000-0  11553-3 0  9994,2 53982  53.2187 338.7685 0001435 103.5648 256.5504 15.08862282 76388,6917.812,95.436,540.67,538.685,0.0
53982.0,STARLINK-5120,PAYLOAD,2024-02-19 12:36:19,15.08838336,0.0001477,53.2182,337.2845,85.5944,274.5217,-6.4492e-05,-1.314e-05,0.0,0 STARLINK-5120,1 53982U 22125U   24050.52522600 -.00001314  00000-0 -64492-4 0  9992,2 53982  53.2182 337.2845 0001477  85.5944 274.5217 15.08838336 76350,6917.885,95.438,540.772,538.729,0.0
53982.0,STARLINK-5120,PAYLOAD,2024-02-19 18:57:53,15.0883072,0.000206,53.2176,336.0966,76.957,283.1652,0.00016907,2.403e-05,0.0,0 STARLINK-5120,1 53982U 22125U   24050.79019685  .00002403  00000-0  16907-3 0  9990,2 53982  53.2176 336.0966 0002060  76.9570 283.1652 15.08830720 76473,6917.909,95.438,541.199,538.349,0.0
53982.0,STARLINK-5120,PAYLOAD,2024-02-20 12:27:06,15.08839584,0.0001534,53.2184,332.8228,91.6225,268.4943,0.00010459,1.377e-05,0.0,0 STARLINK-5120,1 53982U 22125U   24051.51883066  .00001377  00000-0  10459-3 0  9998,2 53982  53.2184 332.8228 0001534  91.6225 268.4943 15.08839584 76503,6917.882,95.438,540.808,538.685,0.0
53982.0,STARLINK-5120,PAYLOAD,2024-02-20 21:59:25,15.08852993,0.0001272,53.2163,331.0379,97.298,262.8157,7.4637e-05,9.01e-06,0.0,0 STARLINK-5120,1 53982U 22125U   24051.91626258  .00000901  00000-0  74637-4 0  9991,2 53982  53.2163 331.0379 0001272  97.2980 262.8157 15.08852993 76567,6917.841,95.437,540.586,538.826,0.0
53982.0,STARLINK-5120,PAYLOAD,2024-02-21 01:10:11,15.08858156,0.0001427,53.2173,330.4435,92.3083,267.8072,0.000175,2.5e-05,0.0,0 STARLINK-5120,1 53982U 22125U   24052.04874023  .00002500  00000-0  17500-3 0  9993,2 53982  53.2173 330.4435 0001427  92.3083 267.8072 15.08858156 76665,6917.825,95.436,540.677,538.703,0.0
53982.0,STARLINK-5120,PAYLOAD,2024-02-21 04:20:57,15.08858307,0.0001473,53.2173,329.848,100.977,259.1388,0.00038953,5.92e-05,0.0,0 STARLINK-5120,1 53982U 22125U   24052.18122101  .00005920  00000-0  38953-3 0  9995,2 53982  53.2173 329.8480 0001473 100.9770 259.1388 15.08858307 76603,6917.824,95.436,540.708,538.67,0.0
53982.0,STARLINK-5120,PAYLOAD,2024-02-21 21:50:11,15.08855955,0.0001491,53.2175,326.5767,89.0903,271.026,0.00036004,5.449e-05,0.0,0 STARLINK-5120,1 53982U 22125U   24052.90985748  .00005449  00000-0  36004-3 0  9990,2 53982  53.2175 326.5767 0001491  89.0903 271.0260 15.08855955 76712,6917.832,95.437,540.728,538.665,0.0
53982.0,STARLINK-5120,PAYLOAD,2024-02-22 04:11:43,15.08865735,0.0001527,53.218,325.3863,91.0811,269.0356,0.00037682,5.718e-05,0.0,0 STARLINK-5120,1 53982U 22125U   24053.17481060  .00005718  00000-0  37682-3 0  9990,2 53982  53.2180 325.3863 0001527  91.0811 269.0356 15.08865735 76836,6917.802,95.436,540.723,538.61,0.0
53982.0,STARLINK-5120,PAYLOAD,2024-02-22 10:33:16,15.08851896,0.0001427,53.2175,324.1994,90.2888,269.8267,1.9143e-05,1.7e-07,0.0,0 STARLINK-5120,1 53982U 22125U   24053.43977300  .00000017  00000-0  19143-4 0  9996,2 53982  53.2175 324.1994 0001427  90.2888 269.8267 15.08851896 76872,6917.844,95.437,540.696,538.722,0.0
53982.0,STARLINK-5120,PAYLOAD,2024-02-22 21:40:58,15.08833527,0.0001652,53.2183,322.1174,111.3278,248.7891,-0.00034946,-5.844e-05,0.0,0 STARLINK-5120,1 53982U 22125U   24053.90345762 -.00005844  00000-0 -34946-3 0  9991,2 53982  53.2183 322.1174 0001652 111.3278 248.7891 15.08833527 76866,6917.9,95.438,540.908,538.622,0.0
53982.0,STARLINK-5120,PAYLOAD,2024-02-23 00:51:45,15.08834697,0.0001649,53.2183,321.5229,109.9699,250.1471,-0.0002715,-4.606e-05,0.0,0 STARLINK-5120,1 53982U 22125U   24054.03593865 -.00004606  00000-0 -27150-3 0  9999,2 53982  53.2183 321.5229 0001649 109.9699 250.1471 15.08834697 76967,6917.897,95.438,540.902,538.621,0.0
53982.0,STARLINK-5120,PAYLOAD,2024-02-23 10:24:04,15.08837822,0.000151,53.2183,319.7411,93.2282,266.8883,-0.00017869,-3.131e-05,0.0,0 STARLINK-5120,1 53982U 22125U   24054.43338042 -.00003131  00000-0 -17869-3 0  9995,2 53982  53.2183 319.7411 0001510  93.2282 266.8883 15.08837822 76941,6917.887,95.438,540.797,538.707,0.0
53982.0,STARLINK-5120,PAYLOAD,2024-02-23 21:31:46,15.08829672,0.0001559,53.2183,317.6603,110.4349,249.681,-0.00020235,-3.506e-05,0.0,0 STARLINK-5120,1 53982U 22125U   24054.89706792 -.00003506  00000-0 -20235-3 0  9993,2 53982  53.2183 317.6603 0001559 110.4349 249.6810 15.08829672 77012,6917.912,95.438,540.855,538.698,0.0
53982.0,STARLINK-5120,PAYLOAD,2024-02-24 02:17:56,15.08831836,0.0001555,53.2186,316.7689,107.2231,252.8931,-0.00013229,-2.392e-05,0.0,0 STARLINK-5120,1 53982U 22125U   24055.09578824 -.00002392  00000-0 -13229-3 0  9996,2 53982  53.2186 316.7689 0001555 107.2231 252.8931 15.08831836 77126,6917.905,95.438,540.846,538.695,0.0
53982.0,STARLINK-5120,PAYLOAD,2024-02-24 10:14:51,15.0883648,0.0001575,53.219,315.2824,97.8877,262.2294,-2.7133e-05,-7.2e-06,0.0,0 STARLINK-5120,1 53982U 22125U   24055.42698895 -.00000720  00000-0 -27133-4 0  9997,2 53982  53.2190 315.2824 0001575  97.8877 262.2294 15.08836480 77091,6917.891,95.438,540.846,538.667,0.0
53982.0,STARLINK-5120,PAYLOAD,2024-02-25 02:08:43,15.08842406,0.0001449,53.2189,312.3089,105.1533,254.962,0.00035752,5.407e-05,0.0,0 STARLINK-5120,1 53982U 22125U   24056.08939030  .00005407  00000-0  35752-3 0  9999,2 53982  53.2189 312.3089 0001449 105.1533 254.9620 15.08842406 77278,6917.873,95.437,540.74,538.736,0.0
53982.0,STARLINK-5120,PAYLOAD,2024-02-25 10:05:38,15.08846022,0.0001197,53.2166,310.82,100.9789,259.1338,0.00028706,4.284e-05,0.0,0 STARLINK-5120,1 53982U 22125U   24056.42058824  .00004284  00000-0  28706-3 0  9993,2 53982  53.2166 310.8200 0001197 100.9789 259.1338 15.08846022 77245,6917.862,95.437,540.555,538.899,0.0
53982.0,STARLINK-5120,PAYLOAD,2024-02-25 22:48:44,15.08845676,9.98e-05,53.2149,308.4397,99.5719,260.5386,0.00040045,6.092e-05,0.0,0 STARLINK-5120,1 53982U 22125U   24056.95050927  .00006092  00000-0  40045-3 0  9996,2 53982  53.2149 308.4397 0000998  99.5719 260.5386 15.08845676 77322,6917.863,95.437,540.418,539.038,0.0
53982.0,STARLINK-5120,PAYLOAD,2024-02-26 00:24:06,15.08850954,0.0001209,53.216,308.1451,89.4163,270.6968,0.0003433,5.182e-05,0.0,0 STARLINK-5120,1 53982U 22125U   24057.01674690  .00005182  00000-0  34330-3 0  9992,2 53982  53.2160 308.1451 0001209  89.4163 270.6968 15.08850954 77334,6917.847,95.437,540.548,538.876,0.0
53982.0,STARLINK-5120,PAYLOAD,2024-02-26 16:17:58,15.08839408,0.0001327,53.2154,305.1701,90.8826,269.2319,1.6823e-05,-2e-07,0.0,0 STARLINK-5120,1 53982U 22125U   24057.67915142 -.00000020  00000-0  16823-4 0  9999,2 53982  53.2154 305.1701 0001327  90.8826 269.2319 15.08839408 77510,6917.882,95.438,540.665,538.829,0.0
53982.0,STARLINK-5120,PAYLOAD,2024-02-26 22:39:31,15.08837144,0.0001127,53.2151,303.9813,88.1391,271.9731,3.2532e-06,-2.36e-06,0.0,0 STARLINK-5120,1 53982U 22125U   24057.94411285 -.00000236  00000-0  32532-5 0  9993,2 53982  53.2151 303.9813 0001127  88.1391 271.9731 15.08837144 77470,6917.889,95.438,540.534,538.974,0.0
53982.0,STARLINK-5120,PAYLOAD,2024-02-27 09:47:13,15.08836088,0.0001424,53.2169,301.8983,84.5172,275.5982,4.0159e-05,3.51e-06,0.0,0 STARLINK-5120,1 53982U 22125U   24058.40779587  .00000351  00000-0  40159-4 0  9997,2 53982  53.2169 301.8983 0001424  84.5172 275.5982 15.08836088 77543,6917.892,95.438,540.742,538.772,0.0
53982.0,STARLINK-5120,PAYLOAD,2024-02-27 19:19:32,15.08834659,0.0001209,53.215,300.1141,87.776,272.3371,7.9253e-05,9.74e-06,0.0,0 STARLINK-5120,1 53982U 22125U   24058.80523768  .00000974  00000-0  79253-4 0  9997,2 53982  53.2150 300.1141 0001209  87.7760 272.3371 15.08834659 77684,6917.897,95.438,540.598,538.925,0.0
53982.0,STARLINK-5120,PAYLOAD,2024-02-27 22:30:18,15.08837636,0.0001204,53.2157,299.5189,91.4141,268.6989,0.00015802,2.228e-05,0.0,0 STARLINK-5120,1 53982U 22125U   24058.93771703  .00002228  00000-0  15802-3 0  9998,2 53982  53.2157 299.5189 0001204  91.4141 268.6989 15.08837636 77629,6917.888,95.438,540.586,538.92,0.0
53982.0,STARLINK-5120,PAYLOAD,2024-02-28 01:41:04,15.08840158,0.0001363,53.2164,298.9237,93.1667,266.9481,0.00020129,2.917e-05,0.0,0 STARLINK-5120,1 53982U 22125U   24059.07019673  .00002917  00000-0  20129-3 0  9998,2 53982  53.2164 298.9237 0001363  93.1667 266.9481 15.08840158 77645,6917.88,95.438,540.688,538.802,0.0
53982.0,STARLINK-5120,PAYLOAD,2024-02-28 22:21:05,15.08844931,0.0001358,53.2164,295.0576,91.1614,268.9534,0.00022899,3.359e-05,0.0,0 STARLINK-5120,1 53982U 22125U   24059.93131461  .00003359  00000-0  22899-3 0  9990,2 53982  53.2164 295.0576 0001358  91.1614 268.9534 15.08844931 77771,6917.865,95.437,540.67,538.791,0.0
53982.0,STARLINK-5120,PAYLOAD,2024-02-29 01:31:51,15.08846712,0.0001358,53.2164,294.4627,91.2943,268.8205,0.00023882,3.516e-05,0.0,0 STARLINK-5120,1 53982U 22125U   24060.06379342  .00003516  00000-0  23882-3 0  9996,2 53982  53.2164 294.4627 0001358  91.2943 268.8205 15.08846712 77871,6917.86,95.437,540.664,538.785,0.0
53982.0,STARLINK-5120,PAYLOAD,2024-02-29 19:01:06,15.08842581,0.0001425,53.2166,291.1908,95.0924,265.023,0.00011374,1.523e-05,0.0,0 STARLINK-5120,1 53982U 22125U   24060.79243461  .00001523  00000-0  11374-3 0  9997,2 53982  53.2166 291.1908 0001425  95.0924 265.0230 15.08842581 77984,6917.872,95.437,540.723,538.752,0.0
53982.0,STARLINK-5120,PAYLOAD,2024-02-29 22:11:52,15.08847182,0.0001405,53.2167,290.5976,91.8289,268.2864,0.00016847,2.395e-05,0.0,0 STARLINK-5120,1 53982U 22125U   24060.92491220  .00002395  00000-0  16847-3 0  9998,2 53982  53.2167 290.5976 0001405  91.8289 268.2864 15.08847182 77923,6917.858,95.437,540.695,538.751,0.0
53982.0,STARLINK-5120,PAYLOAD,2024-03-01 07:44:11,15.08846514,0.0001245,53.2154,288.8122,85.931,274.1824,0.0001073,1.421e-05,0.0,0 STARLINK-5120,1 53982U 22125U   24061.32235102  .00001421  00000-0  10730-3 0  9992,2 53982  53.2154 288.8122 0001245  85.9310 274.1824 15.08846514 77989,6917.86,95.437,540.587,538.864,0.0
53982.0,STARLINK-5120,PAYLOAD,2024-03-01 20:27:16,15.08840461,0.0001299,53.2159,286.4346,91.884,268.2301,-3.6071e-05,-8.62e-06,0.0,0 STARLINK-5120,1 53982U 22125U   24061.85227321 -.00000862  00000-0 -36071-4 0  9991,2 53982  53.2159 286.4346 0001299  91.8840 268.2301 15.08840461 78147,6917.879,95.438,540.643,538.845,0.0
53982.0,STARLINK-5120,PAYLOAD,2024-03-01 22:02:39,15.08842481,0.0001289,53.2168,286.1374,94.7192,265.3948,3.1518e-05,2.14e-06,0.0,0 STARLINK-5120,1 53982U 22125U   24061.91851533  .00000214  00000-0  31518-4 0  9996,2 53982  53.2168 286.1374 0001289  94.7192 265.3948 15.08842481 78077,6917.873,95.437,540.63,538.846,0.0
53982.0,STARLINK-5120,PAYLOAD,2024-03-02 21:53:26,15.08839775,0.0001214,53.2171,281.6764,80.1524,279.9605,8.9654e-05,1.139e-05,0.0,0 STARLINK-5120,1 53982U 22125U   24062.91211623  .00001139  00000-0  89654-4 0  9998,2 53982  53.2171 281.6764 0001214  80.1524 279.9605 15.08839775 78220,6917.881,95.438,540.586,538.906,0.0
53982.0,STARLINK-5120,PAYLOAD,2024-03-03 07:25:45,15.08842355,0.0001322,53.217,279.8934,91.3839,268.7304,7.2179e-06,-1.73e-06,0.0,0 STARLINK-5120,1 53982U 22125U   24063.30955678 -.00000173  00000-0  72179-5 0  9990,2 53982  53.2170 279.8934 0001322  91.3839 268.7304 15.08842355 78286,6917.873,95.437,540.653,538.824,0.0
53982.0,STARLINK-5120,PAYLOAD,2024-03-03 20:08:50,15.0884095,0.0001411,53.2173,277.5122,85.8922,274.2231,0.00010097,1.319e-05,0.0,0 STARLINK-5120,1 53982U 22125U   24063.83947686  .00001319  00000-0  10097-3 0  9999,2 53982  53.2173 277.5122 0001411  85.8922 274.2231 15.08840950 78362,6917.877,95.437,540.719,538.766,0.0
53982.0,STARLINK-5120,PAYLOAD,2024-03-04 07:16:32,15.08848033,0.0001397,53.2171,275.4319,87.4453,272.67,0.00016279,2.304e-05,0.0,0 STARLINK-5120,1 53982U 22125U   24064.30315064  .00002304  00000-0  16279-3 0  9994,2 53982  53.2171 275.4319 0001397  87.4453 272.6700 15.08848033 78515,6917.856,95.437,540.687,538.754,0.0
53982.0,STARLINK-5120,PAYLOAD,2024-03-04 21:35:00,15.08854269,0.0001333,53.2158,272.7561,86.2373,273.8771,0.00025343,3.749e-05,0.0,0 STARLINK-5120,1 53982U 22125U   24064.89930603  .00003749  00000-0  25343-3 0  9996,2 53982  53.2158 272.7561 0001333  86.2373 273.8771 15.08854269 78527,6917.837,95.437,540.624,538.78,0.0
53982.0,STARLINK-5120,PAYLOAD,2024-03-05 13:28:52,15.08838328,0.0001408,53.2155,269.7826,82.4702,277.645,4.175e-05,3.77e-06,0.0,0 STARLINK-5120,1 53982U 22125U   24065.56171566  .00000377  00000-0  41750-4 0  9991,2 53982  53.2155 269.7826 0001408  82.4702 277.6450 15.08838328 78626,6917.885,95.438,540.725,538.776,0.0
53982.0,STARLINK-5120,PAYLOAD,2024-03-05 19:50:24,15.08836685,0.0001263,53.2158,268.5918,92.5868,267.5269,-5.1928e-05,-1.114e-05,0.0,0 STARLINK-5120,1 53982U 22125U   24065.82667478 -.00001114  00000-0 -51928-4 0  9992,2 53982  53.2158 268.5918 0001263  92.5868 267.5269 15.08836685 78745,6917.891,95.438,540.629,538.882,0.0
53982.0,STARLINK-5120,PAYLOAD,2024-03-07 13:10:27,15.08840424,0.0001272,53.2146,260.8617,95.0425,265.0712,0.0003879,5.891e-05,0.0,0 STARLINK-5120,1 53982U 22125U   24067.54892382  .00005891  00000-0  38790-3 0  9992,2 53982  53.2146 260.8617 0001272  95.0425 265.0712 15.08840424 78922,6917.879,95.438,540.624,538.864,0.0
53982.0,STARLINK-5120,PAYLOAD,2024-03-08 13:01:13,15.08847617,0.0001418,53.2159,256.4019,94.3857,265.7297,0.00024699,3.646e-05,0.0,0 STARLINK-5120,1 53982U 22125U   24068.54251997  .00003646  00000-0  24699-3 0  9993,2 53982  53.2159 256.4019 0001418  94.3857 265.7297 15.08847617 79079,6917.857,95.437,540.703,538.741,0.0
53982.0,STARLINK-5120,PAYLOAD,2024-03-08 19:22:46,15.08852548,0.0001421,53.216,255.212,95.8153,264.3001,0.00030758,4.612e-05,0.0,0 STARLINK-5120,1 53982U 22125U   24068.80747696  .00004612  00000-0  30758-3 0  9995,2 53982  53.2160 255.2120 0001421  95.8153 264.3001 15.08852548 79190,6917.842,95.437,540.69,538.724,0.0
53982.0,STARLINK-5120,PAYLOAD,2024-03-09 11:16:37,15.08845497,0.0001666,53.2164,252.2392,99.7684,260.3497,9.1661e-05,1.171e-05,0.0,0 STARLINK-5120,1 53982U 22125U   24069.46987751  .00001171  00000-0  91661-4 0  9994,2 53982  53.2164 252.2392 0001666  99.7684 260.3497 15.08845497 79296,6917.864,95.437,540.881,538.576,0.0
53982.0,STARLINK-5120,PAYLOAD,2024-03-09 19:13:33,15.08837302,0.0001293,53.2158,250.752,93.9116,266.2024,-5.1891e-05,-1.114e-05,0.0,0 STARLINK-5120,1 53982U 22125U   24069.80108024 -.00001114  00000-0 -51891-4 0  9990,2 53982  53.2158 250.7520 0001293  93.9116 266.2024 15.08837302 79340,6917.889,95.438,540.648,538.859,0.0
53982.0,STARLINK-5120,PAYLOAD,2024-03-09 20:48:56,15.08836547,0.0001593,53.2165,250.455,98.1679,261.9494,-7.3852e-05,-1.463e-05,0.0,0 STARLINK-5120,1 53982U 22125U   24069.86732069 -.00001463  00000-0 -73852-4 0  9996,2 53982  53.2165 250.4550 0001593  98.1679 261.9494 15.08836547 79277,6917.891,95.438,540.858,538.654,0.0
53982.0,STARLINK-5120,PAYLOAD,2024-03-10 11:07:25,15.08834895,0.0001514,53.2143,247.7768,91.5746,268.542,-5.8701e-05,-1.222e-05,0.0,0 STARLINK-5120,1 53982U 22125U   24070.46348466 -.00001222  00000-0 -58701-4 0  9997,2 53982  53.2143 247.7768 0001514  91.5746 268.5420 15.08834895 79364,6917.896,95.438,540.808,538.714,0.0
53982.0,STARLINK-5120,PAYLOAD,2024-03-10 19:04:20,15.08836435,0.0001366,53.2152,246.2904,89.1345,270.9804,-1.7179e-05,-5.61e-06,0.0,0 STARLINK-5120,1 53982U 22125U   24070.79468485 -.00000561  00000-0 -17179-4 0  9996,2 53982  53.2152 246.2904 0001366  89.1345 270.9804 15.08836435 79414,6917.891,95.438,540.701,538.811,0.0
53982.0,STARLINK-5120,PAYLOAD,2024-03-11 04:36:38,15.08857422,4.45e-05,53.2154,244.5026,42.6551,317.4475,-0.00011953,-2.19e-05,0.0,0 STARLINK-5120,1 53982U 22125U   24071.19211213 -.00002190  00000-0 -11953-3 0  9999,2 53982  53.2154 244.5026 0000445  42.6551 317.4475 15.08857422 79557,6917.827,95.436,540.0,539.384,0.0
53982.0,STARLINK-5120,PAYLOAD,2024-03-12 17:10:31,15.08837754,0.0001301,53.2146,237.6655,94.1982,265.9159,2.4518e-05,1.02e-06,0.0,0 STARLINK-5120,1 53982U 22125U   24072.71564200  .00000102  00000-0  24518-4 0  9996,2 53982  53.2146 237.6655 0001301  94.1982 265.9159 15.08837754 79788,6917.887,95.438,540.652,538.852,0.0
53982.0,STARLINK-5120,PAYLOAD,2024-03-13 10:39:43,15.08875999,2.89e-05,53.2224,234.3926,42.168,317.9334,-0.00087162,-0.00014146,0.0,0 STARLINK-5120,1 53982U 22125U   24073.44425541 -.00014146  00000-0 -87162-3 0  9999,2 53982  53.2224 234.3926 0000289  42.1680 317.9334 15.08875999 79890,6917.77,95.435,539.835,539.435,0.0
53982.0,STARLINK-5120,PAYLOAD,2024-03-13 20:12:03,15.08874253,0.0001912,53.2106,232.6085,84.8837,275.2373,0.00084927,0.00013267,0.0,0 STARLINK-5120,1 53982U 22125U   24073.84170536  .00013267  00000-0  84927-3 0  9991,2 53982  53.2106 232.6085 0001912  84.8837 275.2373 15.08874253 79955,6917.776,95.435,540.963,538.318,0.0
53982.0,STARLINK-5120,PAYLOAD,2024-03-14 04:09:00,15.08824819,9.57e-05,53.2201,231.1212,117.949,242.1599,-0.00023309,-3.994e-05,0.0,0 STARLINK-5120,1 53982U 22125U   24074.17291723 -.00003994  00000-0 -23309-3 0  9995,2 53982  53.2201 231.1212 0000957 117.9490 242.1599 15.08824819 80002,6917.927,95.439,540.454,539.13,0.0
53982.0,STARLINK-5120,PAYLOAD,2024-03-14 20:02:51,15.08831874,0.0001425,53.2114,228.148,100.712,259.4032,-5.8511e-05,-1.219e-05,0.0,0 STARLINK-5120,1 53982U 22125U   24074.83531929 -.00001219  00000-0 -58511-4 0  9995,2 53982  53.2114 228.1480 0001425 100.7120 259.4032 15.08831874 80102,6917.905,95.438,540.756,538.784,0.0
53982.0,STARLINK-5120,PAYLOAD,2024-03-15 10:21:19,15.0883353,0.0001374,53.2123,225.4712,99.7751,260.3396,5.5867e-05,6.01e-06,0.0,0 STARLINK-5120,1 53982U 22125U   24075.43148130  .00000601  00000-0  55867-4 0  9993,2 53982  53.2123 225.4712 0001374  99.7751 260.3396 15.08833530 80116,6917.9,95.438,540.716,538.815,0.0
53982.0,STARLINK-5120,PAYLOAD,2024-03-16 08:36:44,15.08833072,0.0001314,53.2122,221.3096,90.6628,269.4514,0.00029167,4.356e-05,0.0,0 STARLINK-5120,1 53982U 22125U   24076.35885119  .00004356  00000-0  29167-3 0  9994,2 53982  53.2122 221.3096 0001314  90.6628 269.4514 15.08833072 80339,6917.902,95.438,540.676,538.858,0.0
53982.0,STARLINK-5120,PAYLOAD,2024-03-16 14:58:17,15.08834685,0.0001444,53.2153,220.1198,108.2861,251.8289,0.00024772,3.656e-05,0.0,0 STARLINK-5120,1 53982U 22125U   24076.62381140  .00003656  00000-0  24772-3 0  9998,2 53982  53.2153 220.1198 0001444 108.2861 251.8289 15.08834685 80292,6917.897,95.438,540.761,538.763,0.0
53982.0,STARLINK-5120,PAYLOAD,2024-03-16 16:33:40,15.08835121,0.0001283,53.2153,219.823,96.9567,263.1571,0.00024076,3.545e-05,0.0,0 STARLINK-5120,1 53982U 22125U   24076.69005190  .00003545  00000-0  24076-3 0  9997,2 53982  53.2153 219.8230 0001283  96.9567 263.1571 15.08835121 80309,6917.895,95.438,540.648,538.873,0.0
53982.0,STARLINK-5120,PAYLOAD,2024-03-17 13:13:41,15.08842751,0.0001323,53.2166,215.9592,94.9856,265.1287,0.00024286,3.58e-05,0.0,0 STARLINK-5120,1 53982U 22125U   24077.55117104  .00003580  00000-0  24286-3 0  9994,2 53982  53.2166 215.9592 0001323  94.9856 265.1287 15.08842751 80511,6917.872,95.437,540.652,538.822,0.0
53982.0,STARLINK-5120,PAYLOAD,2024-03-17 14:49:04,15.08844198,0.0001332,53.2165,215.6619,95.4803,264.6341,0.00026091,3.867e-05,0.0,0 STARLINK-5120,1 53982U 22125U   24077.61741043  .00003867  00000-0  26091-3 0  9990,2 53982  53.2165 215.6619 0001332  95.4803 264.6341 15.08844198 80449,6917.868,95.437,540.654,538.811,0.0
53982.0,STARLINK-5120,PAYLOAD,2024-03-18 17:50:37,15.08846306,0.000131,53.2162,210.6072,91.3902,268.724,0.00017025,2.423e-05,0.0,0 STARLINK-5120,1 53982U 22125U   24078.74348817  .00002423  00000-0  17025-3 0  9991,2 53982  53.2162 210.6072 0001310  91.3902 268.7240 15.08846306 80698,6917.861,95.437,540.632,538.82,0.0
53982.0,STARLINK-5120,PAYLOAD,2024-03-19 08:09:05,15.08842674,0.0001191,53.2154,207.9304,86.6476,273.4653,3.4732e-05,2.65e-06,0.0,0 STARLINK-5120,1 53982U 22125U   24079.33964820  .00000265  00000-0  34732-4 0  9992,2 53982  53.2154 207.9304 0001191  86.6476 273.4653 15.08842674 80703,6917.872,95.437,540.561,538.913,0.0
53982.0,STARLINK-5120,PAYLOAD,2024-03-20 14:21:25,15.08835421,0.0001331,53.2149,202.2809,93.5729,266.5415,8.3685e-05,1.044e-05,0.0,0 STARLINK-5120,1 53982U 22125U   24080.59821487  .00001044  00000-0  83685-4 0  9990,2 53982  53.2149 202.2809 0001331  93.5729 266.5415 15.08835421 80890,6917.894,95.438,540.68,538.839,0.0
53982.0,STARLINK-5120,PAYLOAD,2024-03-21 14:12:12,15.08849291,0.0001418,53.2158,197.8207,91.1371,268.9783,0.00049159,7.546e-05,0.0,0 STARLINK-5120,1 53982U 22125U   24081.59181393  .00007546  00000-0  49159-3 0  9996,2 53982  53.2158 197.8207 0001418  91.1371 268.9783 15.08849291 81046,6917.852,95.437,540.698,538.736,0.0
53982.0,STARLINK-5120,PAYLOAD,2024-03-22 12:27:36,15.08854951,0.0001549,53.2166,193.6579,91.6708,268.4462,0.00033615,5.068e-05,0.0,0 STARLINK-5120,1 53982U 22125U   24082.51916798  .00005068  00000-0  33615-3 0  9991,2 53982  53.2166 193.6579 0001549  91.6708 268.4462 15.08854951 81267,6917.835,95.437,540.771,538.628,0.0
53982.0,STARLINK-5120,PAYLOAD,2024-03-22 14:02:59,15.08858863,0.0001582,53.2175,193.3624,89.9273,270.1901,0.00044673,6.832e-05,0.0,0 STARLINK-5120,1 53982U 22125U   24082.58540635  .00006832  00000-0  44673-3 0  9997,2 53982  53.2175 193.3624 0001582  89.9273 270.1901 15.08858863 81195,6917.823,95.436,540.782,538.593,0.0
53982.0,STARLINK-5120,PAYLOAD,2024-03-23 12:18:23,15.08835477,0.0001557,53.2168,189.1976,96.1501,263.9669,-8.0337e-05,-1.566e-05,0.0,0 STARLINK-5120,1 53982U 22125U   24083.51277621 -.00001566  00000-0 -80337-4 0  9992,2 53982  53.2168 189.1976 0001557  96.1501 263.9669 15.08835477 81418,6917.894,95.438,540.836,538.682,0.0
53982.0,STARLINK-5120,PAYLOAD,2024-03-24 12:09:10,15.08855267,0.0001681,53.2173,184.7357,96.9524,263.1659,0.00045889,7.026e-05,0.0,0 STARLINK-5120,1 53982U 22125U   24084.50637164  .00007026  00000-0  45889-3 0  9991,2 53982  53.2173 184.7357 0001681  96.9524 263.1659 15.08855267 81565,6917.834,95.437,540.862,538.536,0.0
53982.0,STARLINK-5120,PAYLOAD,2024-03-24 23:16:52,15.08854356,0.0001861,53.2164,182.6522,84.5952,275.5252,0.00056744,8.758e-05,0.0,0 STARLINK-5120,1 53982U 22125U   24084.97005525  .00008758  00000-0  56744-3 0  9997,2 53982  53.2164 182.6522 0001861  84.5952 275.5252 15.08854356 81636,6917.837,95.437,540.989,538.414,0.0
53982.0,STARLINK-5120,PAYLOAD,2024-03-25 13:35:21,15.08849315,0.000145,53.2164,179.9812,93.494,266.6218,0.00034343,5.183e-05,0.0,0 STARLINK-5120,1 53982U 22125U   24085.56621795  .00005183  00000-0  34343-3 0  9996,2 53982  53.2164 179.9812 0001450  93.4940 266.6218 15.08849315 81729,6917.852,95.437,540.72,538.714,0.0
53982.0,STARLINK-5120,PAYLOAD,2024-03-26 11:50:46,15.08820815,0.000132,53.2157,175.8134,95.8833,264.231,-0.00015206,-2.706e-05,0.0,0 STARLINK-5120,1 53982U 22125U   24086.49359401 -.00002706  00000-0 -15206-3 0  9998,2 53982  53.2157 175.8134 0001320  95.8833 264.2310 15.08820815 81862,6917.939,95.439,540.717,538.891,0.0
53982.0,STARLINK-5120,PAYLOAD,2024-03-26 22:58:28,15.0883029,0.0001383,53.216,173.7303,71.9898,288.1245,0.00012425,1.69e-05,0.0,0 STARLINK-5120,1 53982U 22125U   24086.95727733  .00001690  00000-0  12425-3 0  9995,2 53982  53.2160 173.7303 0001383  71.9898 288.1245 15.08830290 81934,6917.91,95.438,540.732,538.818,0.0
53982.0,STARLINK-5120,PAYLOAD,2024-03-27 11:41:33,15.08850367,0.0001409,53.2144,171.3551,73.5389,286.5758,0.00045132,6.904e-05,0.0,0 STARLINK-5120,1 53982U 22125U   24087.48718967  .00006904  00000-0  45132-3 0  9997,2 53982  53.2144 171.3551 0001409  73.5389 286.5758 15.08850367 82015,6917.849,95.437,540.688,538.739,0.0
53982.0,STARLINK-5120,PAYLOAD,2024-03-27 13:16:56,15.0885868,0.0001386,53.2158,171.0559,75.0223,285.0922,0.00064179,9.946e-05,0.0,0 STARLINK-5120,1 53982U 22125U   24087.55342802  .00009946  00000-0  64179-3 0  9997,2 53982  53.2158 171.0559 0001386  75.0223 285.0922 15.08858680 81947,6917.823,95.436,540.647,538.729,0.0
53982.0,STARLINK-5120,PAYLOAD,2024-03-28 11:32:20,15.08849681,0.0001403,53.2174,166.891,87.6313,272.484,0.00022309,3.265e-05,0.0,0 STARLINK-5120,1 53982U 22125U   24088.48078719  .00003265  00000-0  22309-3 0  9990,2 53982  53.2174 166.8910 0001403  87.6313 272.4840 15.08849681 82162,6917.851,95.437,540.686,538.745,0.0
53982.0,STARLINK-5120,PAYLOAD,2024-03-28 22:40:01,15.08853773,0.0001485,53.2171,164.811,82.9828,277.1333,0.00016687,2.37e-05,0.0,0 STARLINK-5120,1 53982U 22125U   24088.94446214  .00002370  00000-0  16687-3 0  9998,2 53982  53.2171 164.8110 0001485  82.9828 277.1333 15.08853773 82153,6917.838,95.437,540.731,538.676,0.0
53982.0,STARLINK-5120,PAYLOAD,2024-03-29 11:23:06,15.08851188,0.0001625,53.2149,162.4329,87.4664,272.6514,6.7129e-05,7.81e-06,0.0,0 STARLINK-5120,1 53982U 22125U   24089.47438033  .00000781  00000-0  67129-4 0  9999,2 53982  53.2149 162.4329 0001625  87.4664 272.6514 15.08851188 82236,6917.846,95.437,540.835,538.587,0.0
53982.0,STARLINK-5120,PAYLOAD,2024-03-30 04:52:21,15.08842196,0.0001555,53.2155,159.1622,91.2586,268.8585,8.2851e-05,1.031e-05,0.0,0 STARLINK-5120,1 53982U 22125U   24090.20302335  .00001031  00000-0  82851-4 0  9995,2 53982  53.2155 159.1622 0001555  91.2586 268.8585 15.08842196 82425,6917.874,95.437,540.814,538.663,0.0
53982.0,STARLINK-5120,PAYLOAD,2024-03-30 11:13:53,15.08845455,0.0001596,53.2161,157.9729,90.7079,269.4096,9.3176e-05,1.195e-05,0.0,0 STARLINK-5120,1 53982U 22125U   24090.46798218  .00001195  00000-0  93176-4 0  9995,2 53982  53.2161 157.9729 0001596  90.7079 269.4096 15.08845455 82382,6917.864,95.437,540.833,538.625,0.0
53982.0,STARLINK-5120,PAYLOAD,2024-03-31 04:43:08,15.08831078,0.0001506,53.2162,154.7019,92.7679,267.3486,5.8485e-05,6.43e-06,0.0,0 STARLINK-5120,1 53982U 22125U   24091.19663071  .00000643  00000-0  58485-4 0  9995,2 53982  53.2162 154.7019 0001506  92.7679 267.3486 15.08831078 82576,6917.908,95.438,540.814,538.731,0.0
53982.0,STARLINK-5120,PAYLOAD,2024-03-31 11:04:41,15.08838691,0.0001518,53.2168,153.5133,94.0013,266.1152,7.5153e-05,9.08e-06,0.0,0 STARLINK-5120,1 53982U 22125U   24091.46158838  .00000908  00000-0  75153-4 0  9990,2 53982  53.2168 153.5133 0001518  94.0013 266.1152 15.08838691 82537,6917.884,95.438,540.8,538.699,0.0
53982.0,STARLINK-5120,PAYLOAD,2024-03-31 20:37:00,15.08840716,0.0001401,53.217,151.7298,88.9234,271.1918,-5.4856e-06,-3.75e-06,0.0,0 STARLINK-5120,1 53982U 22125U   24091.85902794 -.00000375  00000-0 -54856-5 0  9999,2 53982  53.2170 151.7298 0001401  88.9234 271.1918 15.08840716 82672,6917.878,95.438,540.712,538.774,0.0
53982.0,STARLINK-5120,PAYLOAD,2024-04-01 14:06:14,15.08849113,0.0001367,53.2157,148.4583,89.7091,270.4058,0.00024615,3.633e-05,0.0,0 STARLINK-5120,1 53982U 22125U   24092.58766320  .00003633  00000-0  24615-3 0  9999,2 53982  53.2157 148.4583 0001367  89.7091 270.4058 15.08849113 82709,6917.853,95.437,540.663,538.772,0.0
53982.0,STARLINK-5120,PAYLOAD,2024-04-02 10:46:15,15.08839929,0.0001359,53.216,144.5923,83.7473,276.3674,6.2775e-05,7.11e-06,0.0,0 STARLINK-5120,1 53982U 22125U   24093.44878742  .00000711  00000-0  62775-4 0  9991,2 53982  53.2160 144.5923 0001359  83.7473 276.3674 15.08839929 82913,6917.881,95.438,540.686,538.805,0.0
53982.0,STARLINK-5120,PAYLOAD,2024-04-02 20:18:34,15.0883924,0.0001377,53.2162,142.8087,84.9993,275.1156,3.4108e-05,2.55e-06,0.0,0 STARLINK-5120,1 53982U 22125U   24093.84622784  .00000255  00000-0  34108-4 0  9990,2 53982  53.2162 142.8087 0001377  84.9993 275.1156 15.08839240 82892,6917.883,95.438,540.7,538.795,0.0
53982.0,STARLINK-5120,PAYLOAD,2024-04-03 12:12:25,15.08840813,0.0001424,53.2169,139.8351,85.1204,274.995,1.7572e-06,-2.6e-06,0.0,0 STARLINK-5120,1 53982U 22125U   24094.50863187 -.00000260  00000-0  17572-5 0  9992,2 53982  53.2169 139.8351 0001424  85.1204 274.9950 15.08840813 83078,6917.878,95.438,540.728,538.758,0.0
53982.0,STARLINK-5120,PAYLOAD,2024-04-03 20:09:21,15.08842028,0.0001444,53.217,138.3481,84.1225,275.9931,9.3191e-06,-1.4e-06,0.0,0 STARLINK-5120,1 53982U 22125U   24094.83983046 -.00000140  00000-0  93191-5 0  9993,2 53982  53.2170 138.3481 0001444  84.1225 275.9931 15.08842028 83049,6917.874,95.437,540.738,538.74,0.0
53982.0,STARLINK-5120,PAYLOAD,2024-04-04 10:27:49,15.08841624,0.000143,53.2165,135.6714,84.3927,275.7228,7.3318e-05,8.79e-06,0.0,0 STARLINK-5120,1 53982U 22125U   24095.43598892  .00000879  00000-0  73318-4 0  9997,2 53982  53.2165 135.6714 0001430  84.3927 275.7228 15.08841624 83136,6917.875,95.437,540.73,538.751,0.0
53982.0,STARLINK-5120,PAYLOAD,2024-04-04 20:00:08,15.08842174,0.0001429,53.2166,133.887,84.2128,275.9027,8.9374e-05,1.135e-05,0.0,0 STARLINK-5120,1 53982U 22125U   24095.83342753  .00001135  00000-0  89374-4 0  9999,2 53982  53.2166 133.8870 0001429  84.2128 275.9027 15.08842174 83275,6917.874,95.437,540.727,538.75,0.0
53982.0,STARLINK-5120,PAYLOAD,2024-04-05 08:43:13,15.08844302,0.0001297,53.2156,131.5073,88.3481,271.766,9.6658e-05,1.251e-05,0.0,0 STARLINK-5120,1 53982U 22125U   24096.36334555  .00001251  00000-0  96658-4 0  9991,2 53982  53.2156 131.5073 0001297  88.3481 271.7660 15.08844302 83276,6917.867,95.437,540.629,538.835,0.0
53982.0,STARLINK-5120,PAYLOAD,2024-04-05 19:50:54,15.08843232,0.0001282,53.2154,129.4255,88.2322,271.8817,7.745e-05,9.45e-06,0.0,0 STARLINK-5120,1 53982U 22125U   24096.82702526  .00000945  00000-0  77450-4 0  9997,2 53982  53.2154 129.4255 0001282  88.2322 271.8817 15.08843232 83343,6917.871,95.437,540.622,538.849,0.0
53982.0,STARLINK-5120,PAYLOAD,2024-04-06 11:44:46,15.08847857,0.0001442,53.2156,126.4528,103.0301,257.0852,-5.0492e-05,-1.092e-05,0.0,0 STARLINK-5120,1 53982U 22125U   24097.48942526 -.00001092  00000-0 -50492-4 0  9999,2 53982  53.2156 126.4528 0001442 103.0301 257.0852 15.08847857 83528,6917.856,95.437,540.719,538.724,0.0
53982.0,STARLINK-5120,PAYLOAD,2024-04-07 11:35:33,15.08842277,0.0001522,53.2165,121.9913,90.5136,269.6031,-1.3313e-05,-5e-06,0.0,0 STARLINK-5120,1 53982U 22125U   24098.48302830 -.00000500  00000-0 -13313-4 0  9992,2 53982  53.2165 121.9913 0001522  90.5136 269.6031 15.08842277 83597,6917.873,95.437,540.791,538.686,0.0
53982.0,STARLINK-5120,PAYLOAD,2024-04-08 06:40:11,15.0883607,0.0001537,53.2166,118.4224,89.3828,270.734,3.6467e-05,2.92e-06,0.0,0 STARLINK-5120,1 53982U 22125U   24099.27791213  .00000292  00000-0  36467-4 0  9998,2 53982  53.2166 118.4224 0001537  89.3828 270.7340 15.08836070 83796,6917.892,95.438,540.821,538.694,0.0
53982.0,STARLINK-5120,PAYLOAD,2024-04-09 00:09:26,15.08835483,0.0001537,53.2169,115.1522,90.3609,269.7559,5.1571e-05,5.33e-06,0.0,0 STARLINK-5120,1 53982U 22125U   24100.00655382  .00000533  00000-0  51571-4 0  9999,2 53982  53.2169 115.1522 0001537  90.3609 269.7559 15.08835483 83824,6917.894,95.438,540.822,538.696,0.0
53982.0,STARLINK-5120,PAYLOAD,2024-04-09 08:06:22,15.08833976,0.0001531,53.217,113.6656,90.7262,269.3906,2.4288e-05,9.9e-07,0.0,0 STARLINK-5120,1 53982U 22125U   24100.33775688  .00000099  00000-0  24288-4 0  9999,2 53982  53.2170 113.6656 0001531  90.7262 269.3906 15.08833976 83951,6917.899,95.438,540.823,538.705,0.0
53982.0,STARLINK-5120,PAYLOAD,2024-04-10 09:32:31,15.08841925,0.0001527,53.2173,108.9078,94.8774,265.2393,8.5208e-05,1.068e-05,0.0,0 STARLINK-5120,1 53982U 22125U   24101.39759217  .00001068  00000-0  85208-4 0  9992,2 53982  53.2173 108.9078 0001527  94.8774 265.2393 15.08841925 84114,6917.875,95.437,540.796,538.683,0.0
53982.0,STARLINK-5120,PAYLOAD,2024-04-11 04:37:10,15.08834045,0.0001535,53.2173,105.3391,94.5105,265.6063,4.01e-05,3.5e-06,0.0,0 STARLINK-5120,1 53982U 22125U   24102.19248001  .00000350  00000-0  40100-4 0  9990,2 53982  53.2173 105.3391 0001535  94.5105 265.6063 15.08834045 84233,6917.899,95.438,540.825,538.702,0.0
53982.0,STARLINK-5120,PAYLOAD,2024-04-11 09:23:19,15.08835704,0.0001488,53.2171,104.4464,91.3856,268.7307,3.3406e-05,2.44e-06,0.0,0 STARLINK-5120,1 53982U 22125U   24102.39119970  .00000244  00000-0  33406-4 0  9997,2 53982  53.2171 104.4464 0001488  91.3856 268.7307 15.08835704 84189,6917.894,95.438,540.788,538.729,0.0
53982.0,STARLINK-5120,PAYLOAD,2024-04-11 17:20:15,15.08838005,0.0001516,53.2172,102.9596,88.9017,271.2149,3.6552e-05,2.94e-06,0.0,0 STARLINK-5120,1 53982U 22125U   24102.72239907  .00000294  00000-0  36552-4 0  9997,2 53982  53.2172 102.9596 0001516  88.9017 271.2149 15.08838005 84238,6917.886,95.438,540.8,538.703,0.0
53982.0,STARLINK-5120,PAYLOAD,2024-04-12 04:27:56,15.08843701,0.000151,53.2174,100.8774,88.661,271.4555,4.12e-05,3.68e-06,0.0,0 STARLINK-5120,1 53982U 22125U   24103.18607528  .00000368  00000-0  41200-4 0  9994,2 53982  53.2174 100.8774 0001510  88.6610 271.4555 15.08843701 84383,6917.869,95.437,540.779,538.689,0.0
53982.0,STARLINK-5120,PAYLOAD,2024-04-12 09:14:06,15.0884529,0.0001516,53.2174,99.9849,90.0291,270.0874,5.4054e-05,5.72e-06,0.0,0 STARLINK-5120,1 53982U 22125U   24103.38479331  .00000572  00000-0  54054-4 0  9993,2 53982  53.2174  99.9849 0001516  90.0291 270.0874 15.08845290 84331,6917.864,95.437,540.778,538.68,0.0
53982.0,STARLINK-5120,PAYLOAD,2024-04-13 09:04:53,15.08842991,0.0001497,53.2172,95.5243,90.1061,270.0102,9.0234e-05,1.148e-05,0.0,0 STARLINK-5120,1 53982U 22125U   24104.37839326  .00001148  00000-0  90234-4 0  9997,2 53982  53.2172  95.5243 0001497  90.1061 270.0102 15.08842991 84567,6917.871,95.437,540.772,538.701,0.0
53982.0,STARLINK-5120,PAYLOAD,2024-04-14 04:09:31,15.08837995,0.0001621,53.2178,91.9543,94.4556,265.6621,-1.5035e-05,-5.27e-06,0.0,0 STARLINK-5120,1 53982U 22125U   24105.17328032 -.00000527  00000-0 -15035-4 0  9991,2 53982  53.2178  91.9543 0001621  94.4556 265.6621 15.08837995 84688,6917.887,95.438,540.873,538.63,0.0
53982.0,STARLINK-5120,PAYLOAD,2024-04-14 08:55:40,15.08837991,0.0001624,53.2179,91.0618,93.0858,267.032,-1.388e-05,-5.09e-06,0.0,0 STARLINK-5120,1 53982U 22125U   24105.37200033 -.00000509  00000-0 -13880-4 0  9999,2 53982  53.2179  91.0618 0001624  93.0858 267.0320 15.08837991 84639,6917.887,95.438,540.875,538.628,0.0
53982.0,STARLINK-5120,PAYLOAD,2024-04-15 08:46:27,15.08841895,0.0001652,53.2181,86.6011,106.3367,253.7807,6.403e-05,7.31e-06,0.0,0 STARLINK-5120,1 53982U 22125U   24106.36559542  .00000731  00000-0  64030-4 0  9999,2 53982  53.2181  86.6011 0001652 106.3367 253.7807 15.08841895 84868,6917.875,95.437,540.882,538.597,0.0
53982.0,STARLINK-5120,PAYLOAD,2024-04-16 05:26:28,15.08841278,0.0001611,53.2186,82.7375,100.7189,259.3984,8.8173e-05,1.116e-05,0.0,0 STARLINK-5120,1 53982U 22125U   24107.22671799  .00001116  00000-0  88173-4 0  9996,2 53982  53.2186  82.7375 0001611 100.7189 259.3984 15.08841278 84917,6917.876,95.437,540.856,538.627,0.0
53982.0,STARLINK-5120,PAYLOAD,2024-04-16 14:58:47,15.08845188,0.0001425,53.218,80.956,97.3585,262.7569,7.5584e-05,9.15e-06,0.0,0 STARLINK-5120,1 53982U 22125U   24107.62415540  .00000915  00000-0  75584-4 0  9998,2 53982  53.2180  80.9560 0001425  97.3585 262.7569 15.08845188 85058,6917.865,95.437,540.715,538.744,0.0
53982.0,STARLINK-5120,PAYLOAD,2024-04-17 03:41:52,15.08846635,0.0001718,53.2186,78.5793,121.1329,238.9832,3.6077e-07,-2.82e-06,0.0,0 STARLINK-5120,1 53982U 22125U   24108.15407743 -.00000282  00000-0  36077-6 0  9997,2 53982  53.2186  78.5793 0001718 121.1329 238.9832 15.08846635 85058,6917.86,95.437,540.914,538.537,0.0
53982.0,STARLINK-5120,PAYLOAD,2024-04-18 06:43:26,15.08830613,0.0001465,53.218,73.5221,109.7102,250.4048,-3.43e-05,-8.34e-06,0.0,0 STARLINK-5120,1 53982U 22125U   24109.28017271 -.00000834  00000-0 -34300-4 0  9994,2 53982  53.2180  73.5221 0001465 109.7102 250.4048 15.08830613 85308,6917.909,95.438,540.788,538.761,0.0
53982.0,STARLINK-5120,PAYLOAD,2024-04-19 04:58:49,15.08845912,0.0001453,53.2177,69.3609,98.3302,261.7855,0.00019799,2.865e-05,0.0,0 STARLINK-5120,1 53982U 22125U   24110.20752100  .00002865  00000-0  19799-3 0  9993,2 53982  53.2177  69.3609 0001453  98.3302 261.7855 15.08845912 85443,6917.862,95.437,540.732,538.722,0.0
53982.0,STARLINK-5120,PAYLOAD,2024-04-19 20:52:41,15.08841616,0.0001748,53.219,66.3885,77.6626,282.4561,0.00016227,2.296e-05,0.0,0 STARLINK-5120,1 53982U 22125U   24110.86992702  .00002296  00000-0  16227-3 0  9990,2 53982  53.2190  66.3885 0001748  77.6626 282.4561 15.08841616 85549,6917.875,95.437,540.95,538.531,0.0
53982.0,STARLINK-5120,PAYLOAD,2024-04-20 06:24:58,15.08866847,0.0001772,53.2196,64.5964,105.066,255.0528,0.00032383,4.873e-05,0.0,0 STARLINK-5120,1 53982U 22125U   24111.26734293  .00004873  00000-0  32383-3 0  9998,2 53982  53.2196  64.5964 0001772 105.0660 255.0528 15.08866847 85603,6917.798,95.436,540.889,538.437,0.0
53982.0,STARLINK-5120,PAYLOAD,2024-04-21 03:05:03,15.08824775,0.0001701,53.2193,60.7421,86.9898,273.1288,-0.00016767,-2.954e-05,0.0,0 STARLINK-5120,1 53982U 22125U   24112.12851057 -.00002954  00000-0 -16767-3 0  9990,2 53982  53.2193  60.7421 0001701  86.9898 273.1288 15.08824775 85730,6917.927,95.439,540.969,538.615,0.0
53982.0,STARLINK-5120,PAYLOAD,2024-04-21 20:34:16,15.08856405,0.0002313,53.2203,57.4547,141.2505,218.8653,-0.00024549,-4.195e-05,0.0,0 STARLINK-5120,1 53982U 22125U   24112.85713259 -.00004195  00000-0 -24549-3 0  9997,2 53982  53.2203  57.4547 0002313 141.2505 218.8653 15.08856405 85843,6917.83,95.437,541.295,538.095,0.0
53982.0,STARLINK-5120,PAYLOAD,2024-04-22 02:55:47,15.0887003,0.0001694,53.2195,56.2694,120.1518,239.9642,2.9561e-05,1.83e-06,0.0,0 STARLINK-5120,1 53982U 22125U   24113.12207344  .00000183  00000-0  29561-4 0  9992,2 53982  53.2195  56.2694 0001694 120.1518 239.9642 15.08870030 85880,6917.789,95.436,540.825,538.482,0.0
53982.0,STARLINK-5120,PAYLOAD,2024-04-22 06:06:33,15.08869505,0.0001855,53.2198,55.6748,120.6794,239.4381,4.0094e-05,3.5e-06,0.0,0 STARLINK-5120,1 53982U 22125U   24113.25455175  .00000350  00000-0  40094-4 0  9993,2 53982  53.2198  55.6748 0001855 120.6794 239.4381 15.08869505 85820,6917.79,95.436,540.938,538.372,0.0
53982.0,STARLINK-5120,PAYLOAD,2024-04-22 20:25:03,15.08828677,0.0001286,53.219,52.9918,107.2612,252.8521,0.00020541,2.982e-05,0.0,0 STARLINK-5120,1 53982U 22125U   24113.85073859  .00002982  00000-0  20541-3 0  9991,2 53982  53.2190  52.9918 0001286 107.2612 252.8521 15.08828677 85997,6917.915,95.438,540.67,538.89,0.0
53982.0,STARLINK-5120,PAYLOAD,2024-04-23 05:57:22,15.08838264,0.0001392,53.2193,51.2139,122.4581,237.6546,0.00016343,2.314e-05,0.0,0 STARLINK-5120,1 53982U 22125U   24114.24817519  .00002314  00000-0  16343-3 0  9998,2 53982  53.2193  51.2139 0001392 122.4581 237.6546 15.08838264 86058,6917.886,95.438,540.714,538.788,0.0
53982.0,STARLINK-5120,PAYLOAD,2024-04-23 20:15:50,15.08849314,0.0001576,53.2191,48.5372,114.6934,245.4222,-9.3661e-05,-1.779e-05,0.0,0 STARLINK-5120,1 53982U 22125U   24114.84433043 -.00001779  00000-0 -93661-4 0  9995,2 53982  53.2191  48.5372 0001576 114.6934 245.4222 15.08849314 86060,6917.852,95.437,540.807,538.627,0.0
53982.0,STARLINK-5120,PAYLOAD,2024-04-24 04:12:44,15.08875642,0.0001411,53.2191,47.0514,111.9003,248.2139,0.00029926,4.483e-05,0.0,0 STARLINK-5120,1 53982U 22125U   24115.17551202  .00004483  00000-0  29926-3 0  9995,2 53982  53.2191  47.0514 0001411 111.9003 248.2139 15.08875642 86192,6917.771,95.435,540.613,538.66,0.0
53982.0,STARLINK-5120,PAYLOAD,2024-04-25 04:03:33,15.08833474,0.0001443,53.2205,42.5917,105.5395,254.5757,-2.3883e-05,-6.68e-06,0.0,0 STARLINK-5120,1 53982U 22125U   24116.16914187 -.00000668  00000-0 -23883-4 0  9990,2 53982  53.2205  42.5917 0001443 105.5395 254.5757 15.08833474 86343,6917.9,95.438,540.764,538.767,0.0
53982.0,STARLINK-5120,PAYLOAD,2024-04-26 03:54:18,15.08868951,0.0001142,53.2198,38.1343,97.1929,262.9193,4.5947e-05,4.44e-06,0.0,0 STARLINK-5120,1 53982U 22125U   24117.16271636  .00000444  00000-0  45947-4 0  9991,2 53982  53.2198  38.1343 0001142  97.1929 262.9193 15.08868951 86494,6917.792,95.436,540.447,538.867,0.0
53982.0,STARLINK-5120,PAYLOAD,2024-04-26 11:51:15,15.08842873,0.0001136,53.2188,36.649,92.7619,267.3504,-0.00010498,-1.958e-05,0.0,0 STARLINK-5120,1 53982U 22125U   24117.49392940 -.00001958  00000-0 -10498-3 0  9994,2 53982  53.2188  36.6490 0001136  92.7619 267.3504 15.08842873 86545,6917.872,95.437,540.522,538.951,0.0
53982.0,STARLINK-5120,PAYLOAD,2024-04-27 11:42:03,15.08838982,0.0001994,53.2199,32.1885,71.1322,288.9886,9.5312e-05,1.229e-05,0.0,0 STARLINK-5120,1 53982U 22125U   24118.48754073  .00001229  00000-0  95312-4 0  9991,2 53982  53.2199  32.1885 0001994  71.1322 288.9886 15.08838982 86694,6917.884,95.438,541.128,538.369,0.0
53982.0,STARLINK-5120,PAYLOAD,2024-04-27 18:03:36,15.08840745,0.0001582,53.2171,31.0012,81.1991,278.918,-0.00018857,-3.288e-05,0.0,0 STARLINK-5120,1 53982U 22125U   24118.75250009 -.00003288  00000-0 -18857-3 0  9998,2 53982  53.2171  31.0012 0001582  81.1991 278.9180 15.08840745 86652,6917.878,95.438,540.838,538.649,0.0
53982.0,STARLINK-5120,PAYLOAD,2024-04-28 11:32:50,15.08844952,0.000152,53.2182,27.7284,89.9947,270.1219,-0.00010455,-1.952e-05,0.0,0 STARLINK-5120,1 53982U 22125U   24119.48114084 -.00001952  00000-0 -10455-3 0  9993,2 53982  53.2182  27.7284 0001520  89.9947 270.1219 15.08844952 86769,6917.865,95.437,540.782,538.679,0.0
53982.0,STARLINK-5120,PAYLOAD,2024-04-28 21:05:09,15.08839612,0.0001658,53.2189,25.9439,86.9257,273.1925,7.981e-05,9.82e-06,0.0,0 STARLINK-5120,1 53982U 22125U   24119.87858184  .00000982  00000-0  79810-4 0  9993,2 53982  53.2189  25.9439 0001658  86.9257 273.1925 15.08839612 86901,6917.882,95.438,540.894,538.6,0.0
53982.0,STARLINK-5120,PAYLOAD,2024-04-28 22:40:32,15.08840733,0.0001651,53.2201,25.6447,91.4151,268.7031,8.9535e-05,1.137e-05,0.0,0 STARLINK-5120,1 53982U 22125U   24119.94482087  .00001137  00000-0  89535-4 0  9994,2 53982  53.2201  25.6447 0001651  91.4151 268.7031 15.08840733 86835,6917.878,95.438,540.885,538.601,0.0
53982.0,STARLINK-5120,PAYLOAD,2024-04-29 03:26:41,15.08848412,0.0001637,53.2192,24.7536,90.7052,269.4128,4.4311e-05,4.17e-06,0.0,0 STARLINK-5120,1 53982U 22125U   24120.14353772  .00000417  00000-0  44311-4 0  9999,2 53982  53.2192  24.7536 0001637  90.7052 269.4128 15.08848412 86948,6917.855,95.437,540.852,538.587,0.0
53982.0,STARLINK-5120,PAYLOAD,2024-04-29 20:55:56,15.08837976,0.0001899,53.2203,21.4811,90.8631,269.2578,5.3534e-05,5.64e-06,0.0,0 STARLINK-5120,1 53982U 22125U   24120.87218435  .00000564  00000-0  53534-4 0  9995,2 53982  53.2203  21.4811 0001899  90.8631 269.2578 15.08837976 87058,6917.887,95.438,541.065,538.438,0.0
53982.0,STARLINK-5120,PAYLOAD,2024-04-29 22:31:20,15.08826947,0.0001395,53.2196,21.1834,97.2713,262.8438,0.00023312,3.423e-05,0.0,0 STARLINK-5120,1 53982U 22125U   24120.93842740  .00003423  00000-0  23312-3 0  9991,2 53982  53.2196  21.1834 0001395  97.2713 262.8438 15.08826947 86985,6917.92,95.438,540.75,538.82,0.0
53982.0,STARLINK-5120,PAYLOAD,2024-04-30 00:06:43,15.08831902,0.0001519,53.2194,20.8903,77.0502,283.066,0.00022079,3.227e-05,0.0,0 STARLINK-5120,1 53982U 22125U   24121.00466587  .00003227  00000-0  22079-3 0  9992,2 53982  53.2194  20.8903 0001519  77.0502 283.0660 15.08831902 86996,6917.905,95.438,540.821,538.719,0.0
53982.0,STARLINK-5120,PAYLOAD,2024-04-30 22:22:06,15.08840344,0.0001467,53.2195,16.7268,79.3874,280.7283,0.0001013,1.325e-05,0.0,0 STARLINK-5120,1 53982U 22125U   24121.93202332  .00001325  00000-0  10130-3 0  9992,2 53982  53.2195  16.7268 0001467  79.3874 280.7283 15.08840344 87136,6917.879,95.438,540.759,538.729,0.0
53982.0,STARLINK-5120,PAYLOAD,2024-04-30 23:57:29,15.08844241,0.0001429,53.2184,16.4294,78.4966,281.6186,0.00013443,1.852e-05,0.0,0 STARLINK-5120,1 53982U 22125U   24121.99825992  .00001852  00000-0  13443-3 0  9996,2 53982  53.2184  16.4294 0001429  78.4966 281.6186 15.08844241 87222,6917.867,95.437,540.721,538.744,0.0
53982.0,STARLINK-5120,PAYLOAD,2024-05-01 09:29:48,15.08845869,0.0001357,53.2177,14.6467,81.0138,279.1008,-1.3923e-05,-5.1e-06,0.0,0 STARLINK-5120,1 53982U 22125U   24122.39570063 -.00000510  00000-0 -13923-4 0  9993,2 53982  53.2177  14.6467 0001357  81.0138 279.1008 15.08845869 87207,6917.862,95.437,540.666,538.789,0.0
53982.0,STARLINK-5120,PAYLOAD,2024-05-02 01:23:42,15.08820302,0.0001319,53.2193,11.6727,82.1786,277.9356,-0.00011131,-2.058e-05,0.0,0 STARLINK-5120,1 53982U 22125U   24123.05812580 -.00002058  00000-0 -11131-3 0  9997,2 53982  53.2193  11.6727 0001319  82.1786 277.9356 15.08820302 87386,6917.941,95.439,540.718,538.893,0.0
53982.0,STARLINK-5120,PAYLOAD,2024-05-02 09:20:37,15.08830668,0.0001405,53.22,10.1893,95.0503,265.0649,-2.625e-05,-7.06e-06,0.0,0 STARLINK-5120,1 53982U 22125U   24123.38931972 -.00000706  00000-0 -26250-4 0  9997,2 53982  53.2200  10.1893 0001405  95.0503 265.0649 15.08830668 87434,6917.909,95.438,540.746,538.802,0.0
53982.0,STARLINK-5120,PAYLOAD,2024-05-02 20:28:18,15.0884427,0.0001067,53.219,8.1054,99.1828,260.9285,3.7975e-05,3.17e-06,0.0,0 STARLINK-5120,1 53982U 22125U   24123.85299052  .00000317  00000-0  37975-4 0  9997,2 53982  53.2190   8.1054 0001067  99.1828 260.9285 15.08844270 87509,6917.867,95.437,540.47,538.994,0.0
53982.0,STARLINK-5120,PAYLOAD,2024-05-03 01:14:26,15.08856283,0.0001227,53.2186,7.2121,98.5052,261.6079,0.0001386,1.92e-05,0.0,0 STARLINK-5120,1 53982U 22125U   24124.05170000  .00001920  00000-0  13860-3 0  9998,2 53982  53.2186   7.2121 0001227  98.5052 261.6079 15.08856283 87538,6917.831,95.437,540.544,538.847,0.0
53982.0,STARLINK-5120,PAYLOAD,2024-05-03 09:11:22,15.08853593,0.0001277,53.2175,5.726,86.1561,273.9577,0.00019763,2.86e-05,0.0,0 STARLINK-5120,1 53982U 22125U   24124.38289902  .00002860  00000-0  19763-3 0  9998,2 53982  53.2175   5.7260 0001277  86.1561 273.9577 15.08853593 87503,6917.839,95.437,540.587,538.82,0.0
53982.0,STARLINK-5120,PAYLOAD,2024-05-03 20:19:04,15.08843047,0.0001244,53.2193,3.6438,86.5239,273.5896,0.00032172,4.836e-05,0.0,0 STARLINK-5120,1 53982U 22125U   24124.84658222  .00004836  00000-0  32172-3 0  9998,2 53982  53.2193   3.6438 0001244  86.5239 273.5896 15.08843047 87656,6917.871,95.437,540.597,538.875,0.0
53982.0,STARLINK-5120,PAYLOAD,2024-05-03 21:54:27,15.08849446,0.0001219,53.2189,3.3461,89.4401,270.6731,0.00023677,3.483e-05,0.0,0 STARLINK-5120,1 53982U 22125U   24124.91282068  .00003483  00000-0  23677-3 0  9994,2 53982  53.2189   3.3461 0001219  89.4401 270.6731 15.08849446 87586,6917.852,95.437,540.56,538.873,0.0
53982.0,STARLINK-5120,PAYLOAD,2024-05-04 01:05:13,15.08854498,0.0001154,53.2185,2.751,89.2631,270.8493,0.00026936,4.003e-05,0.0,0 STARLINK-5120,1 53982U 22125U   24125.04529558  .00004003  00000-0  26936-3 0  9997,2 53982  53.2185   2.7510 0001154  89.2631 270.8493 15.08854498 87682,6917.836,95.437,540.499,538.903,0.0
53982.0,STARLINK-5120,PAYLOAD,2024-05-04 09:02:10,15.08835387,0.0001668,53.2164,1.2635,81.7466,278.3716,9.9332e-05,1.293e-05,0.0,0 STARLINK-5120,1 53982U 22125U   24125.37651413  .00001293  00000-0  99332-4 0  9998,2 53982  53.2164   1.2635 0001668  81.7466 278.3716 15.08835387 87737,6917.894,95.438,540.913,538.606,0.0
53982.0,STARLINK-5120,PAYLOAD,2024-05-04 23:20:38,15.08844126,0.0001239,53.2187,358.5889,78.0871,282.026,-8.55e-05,-1.648e-05,0.0,0 STARLINK-5120,1 53982U 22125U   24125.97267232 -.00001648  00000-0 -85500-4 0  9994,2 53982  53.2187 358.5889 0001239  78.0871 282.0260 15.08844126 87742,6917.868,95.437,540.59,538.876,0.0
53982.0,STARLINK-5120,PAYLOAD,2024-05-05 21:36:01,15.08855943,0.0001118,53.2182,354.4257,78.1542,281.9576,9.6102e-05,1.243e-05,0.0,0 STARLINK-5120,1 53982U 22125U   24126.90001651  .00001243  00000-0  96102-4 0  9998,2 53982  53.2182 354.4257 0001118  78.1542 281.9576 15.08855943 87964,6917.832,95.437,540.47,538.923,0.0
53982.0,STARLINK-5120,PAYLOAD,2024-05-06 08:43:43,15.08853761,9.33e-05,53.2153,352.3441,88.9157,271.1942,0.00015666,2.207e-05,0.0,0 STARLINK-5120,1 53982U 22125U   24127.36369652  .00002207  00000-0  15666-3 0  9993,2 53982  53.2153 352.3441 0000933  88.9157 271.1942 15.08853761 87952,6917.838,95.437,540.349,539.058,0.0
53982.0,STARLINK-5120,PAYLOAD,2024-05-06 19:51:25,15.08842604,0.00013,53.2177,350.2618,80.2068,279.9071,0.00020737,3.014e-05,0.0,0 STARLINK-5120,1 53982U 22125U   24127.82738335  .00003014  00000-0  20737-3 0  9994,2 53982  53.2177 350.2618 0001300  80.2068 279.9071 15.08842604 88107,6917.872,95.437,540.637,538.838,0.0
53982.0,STARLINK-5120,PAYLOAD,2024-05-06 21:26:48,15.08846003,0.000128,53.2183,349.9636,82.5726,277.5412,0.00015672,2.208e-05,0.0,0 STARLINK-5120,1 53982U 22125U   24127.89362104  .00002208  00000-0  15672-3 0  9994,2 53982  53.2183 349.9636 0001280  82.5726 277.5412 15.08846003 88034,6917.862,95.437,540.613,538.842,0.0
53982.0,STARLINK-5120,PAYLOAD,2024-05-07 21:17:36,15.08837164,0.0001164,53.2188,345.5047,113.6605,246.4509,-6.8079e-05,-1.371e-05,0.0,0 STARLINK-5120,1 53982U 22125U   24128.88723007 -.00001371  00000-0 -68079-4 0  9999,2 53982  53.2188 345.5047 0001164 113.6605 246.4509 15.08837164 88265,6917.889,95.438,540.559,538.949,0.0
53982.0,STARLINK-5120,PAYLOAD,2024-05-08 06:49:55,15.08840386,0.0001082,53.2183,343.7189,96.4719,263.6397,-4.9423e-06,-3.66e-06,0.0,0 STARLINK-5120,1 53982U 22125U   24129.28466798 -.00000366  00000-0 -49423-5 0  9991,2 53982  53.2183 343.7189 0001082  96.4719 263.6397 15.08840386 88244,6917.879,95.438,540.493,538.996,0.0
53982.0,STARLINK-5120,PAYLOAD,2024-05-08 21:08:23,15.08845382,8.99e-05,53.2177,341.0437,90.8218,269.2877,0.00012375,1.683e-05,0.0,0 STARLINK-5120,1 53982U 22125U   24129.88082217  .00001683  00000-0  12375-3 0  9992,2 53982  53.2177 341.0437 0000899  90.8218 269.2877 15.08845382 88416,6917.864,95.437,540.351,539.107,0.0
53982.0,STARLINK-5120,PAYLOAD,2024-05-09 06:40:41,15.08844594,9.23e-05,53.2174,339.2582,101.007,259.1025,0.00020507,2.978e-05,0.0,0 STARLINK-5120,1 53982U 22125U   24130.27826349  .00002978  00000-0  20507-3 0  9993,2 53982  53.2174 339.2582 0000923 101.0070 259.1025 15.08844594 88396,6917.866,95.437,540.37,539.093,0.0
53982.0,STARLINK-5120,PAYLOAD,2024-05-09 19:23:47,15.0883415,9.56e-05,53.218,336.8812,100.239,259.871,2.971e-05,1.85e-06,0.0,0 STARLINK-5120,1 53982U 22125U   24130.80819096  .00000185  00000-0  29710-4 0  9997,2 53982  53.2180 336.8812 0000956 100.2390 259.8710 15.08834150 88557,6917.898,95.438,540.425,539.102,0.0
53982.0,STARLINK-5120,PAYLOAD,2024-05-09 22:34:33,15.08840734,0.0001053,53.2197,336.2892,109.0678,251.0428,0.00016901,2.403e-05,0.0,0 STARLINK-5120,1 53982U 22125U   24130.94066868  .00002403  00000-0  16901-3 0  9995,2 53982  53.2197 336.2892 0001053 109.0678 251.0428 15.08840734 88490,6917.878,95.438,540.472,539.015,0.0
53982.0,STARLINK-5120,PAYLOAD,2024-05-10 00:09:56,15.08844108,0.0001388,53.2203,335.9901,128.5011,231.6106,0.00015338,2.154e-05,0.0,0 STARLINK-5120,1 53982U 22125U   24131.00690624  .00002154  00000-0  15338-3 0  9992,2 53982  53.2203 335.9901 0001388 128.5011 231.6106 15.08844108 88589,6917.868,95.437,540.693,538.773,0.0
53982.0,STARLINK-5120,PAYLOAD,2024-05-10 06:31:29,15.08837152,9.63e-05,53.2192,334.7972,81.6739,278.4362,9.9005e-05,1.288e-05,0.0,0 STARLINK-5120,1 53982U 22125U   24131.27187393  .00001288  00000-0  99005-4 0  9996,2 53982  53.2192 334.7972 0000963  81.6739 278.4362 15.08837152 88624,6917.889,95.438,540.42,539.088,0.0
53982.0,STARLINK-5120,PAYLOAD,2024-05-10 20:49:57,15.08849818,0.0001032,53.219,332.1219,84.1652,275.9458,3.1204e-05,2.09e-06,0.0,0 STARLINK-5120,1 53982U 22125U   24131.86802870  .00000209  00000-0  31204-4 0  9994,2 53982  53.2190 332.1219 0001032  84.1652 275.9458 15.08849818 88718,6917.85,95.437,540.429,539.001,0.0
53982.0,STARLINK-5120,PAYLOAD,2024-05-10 22:25:19,15.08861286,9.17e-05,53.2181,331.824,136.6595,223.447,0.00014636,2.044e-05,0.0,0 STARLINK-5120,1 53982U 22125U   24131.93425522  .00002044  00000-0  14636-3 0  9995,2 53982  53.2181 331.8240 0000917 136.6595 223.4470 15.08861286 88645,6917.815,95.436,540.315,539.046,0.0
53982.0,STARLINK-5120,PAYLOAD,2024-05-11 00:00:42,15.08868964,9.86e-05,53.2185,331.5279,139.1772,220.9294,0.00022535,3.303e-05,0.0,0 STARLINK-5120,1 53982U 22125U   24132.00049370  .00003303  00000-0  22535-3 0  9993,2 53982  53.2185 331.5279 0000986 139.1772 220.9294 15.08868964 88735,6917.792,95.436,540.339,538.975,0.0
53982.0,STARLINK-5120,PAYLOAD,2024-05-11 20:40:44,15.08801396,0.0001811,53.2182,327.6616,52.6837,307.432,-0.0010268,-0.00016575,0.0,0 STARLINK-5120,1 53982U 22125U   24132.86162601 -.00016575  00000-0 -10268-2 0  9996,2 53982  53.2182 327.6616 0001811  52.6837 307.4320 15.08801396 88863,6917.998,95.44,541.116,538.611,0.0
53982.0,STARLINK-5120,PAYLOAD,2024-05-12 12:34:40,15.08744253,0.0001401,53.2198,324.6865,101.6985,258.4164,-0.0014784,-0.00023678,0.0,0 STARLINK-5120,1 53982U 22125U   24133.52407875 -.00023678  00000-0 -14784-2 0  9994,2 53982  53.2198 324.6865 0001401 101.6985 258.4164 15.08744253 88967,6918.173,95.444,541.007,539.069,0.0
53982.0,STARLINK-5120,PAYLOAD,2024-05-12 18:56:11,15.088082,0.0001418,53.2187,323.5006,95.1771,264.9383,-6.6181e-05,-1.34e-05,0.0,0 STARLINK-5120,1 53982U 22125U   24133.78902337 -.00001340  00000-0 -66181-4 0  9997,2 53982  53.2187 323.5006 0001418  95.1771 264.9383 15.08808200 89002,6917.978,95.44,540.824,538.862,0.0
53982.0,STARLINK-5120,PAYLOAD,2024-05-13 06:03:54,15.08814392,0.0001353,53.2198,321.4193,102.0583,258.0561,0.00065702,0.00010177,0.0,0 STARLINK-5120,1 53982U 22125U   24134.25271687  .00010177  00000-0  65702-3 0  9990,2 53982  53.2198 321.4193 0001353 102.0583 258.0561 15.08814392 88993,6917.959,95.439,540.76,538.888,0.0
53982.0,STARLINK-5120,PAYLOAD,2024-05-13 18:46:59,15.08840309,0.0001675,53.2182,319.0396,76.9683,283.1496,0.001488,0.00023473,0.0,0 STARLINK-5120,1 53982U 22125U   24134.78263854  .00023473  00000-0  14880-2 0  9998,2 53982  53.2182 319.0396 0001675  76.9683 283.1496 15.08840309 89153,6917.879,95.438,540.903,538.586,0.0
53982.0,STARLINK-5120,PAYLOAD,2024-05-14 18:37:44,15.08881109,0.0002068,53.2158,314.5793,85.2108,274.912,0.0008485,0.00013257,0.0,0 STARLINK-5120,1 53982U 22125U   24135.77620721  .00013257  00000-0  84850-3 0  9992,2 53982  53.2158 314.5793 0002068  85.2108 274.9120 15.08881109 89301,6917.755,95.435,541.05,538.189,0.0
53982.0,STARLINK-5120,PAYLOAD,2024-05-15 12:06:57,15.08862574,0.000168,53.2184,311.3075,309.2039,50.8804,5.6902e-06,-1.97e-06,0.0,0 STARLINK-5120,1 53982U 22125U   24136.50483605 -.00000197  00000-0  56902-5 0  9991,2 53982  53.2184 311.3075 0001680 309.2039  50.8804 15.08862574 89416,6917.811,95.436,540.839,538.514,0.0
53982.0,STARLINK-5120,PAYLOAD,2024-05-15 18:28:30,15.08856052,0.0001143,53.2187,310.119,83.4814,276.6309,-0.00026758,-4.546e-05,0.0,0 STARLINK-5120,1 53982U 22125U   24136.76979815 -.00004546  00000-0 -26758-3 0  9999,2 53982  53.2187 310.1190 0001143  83.4814 276.6309 15.08856052 89377,6917.831,95.437,540.487,538.906,0.0
53982.0,STARLINK-5120,PAYLOAD,2024-05-16 11:57:43,15.08869064,0.0001668,53.2197,306.849,96.9766,263.1416,-0.0010024,-0.00016219,0.0,0 STARLINK-5120,1 53982U 22125U   24137.49842398 -.00016219  00000-0 -10024-2 0  9993,2 53982  53.2197 306.8490 0001668  96.9766 263.1416 15.08869064 89489,6917.792,95.436,540.81,538.503,0.0
53982.0,STARLINK-5120,PAYLOAD,2024-05-16 18:19:16,15.08858812,8.41e-05,53.2174,305.6554,10.1416,349.9593,0.00031606,4.748e-05,0.0,0 STARLINK-5120,1 53982U 22125U   24137.76338801  .00004748  00000-0  31606-3 0  9994,2 53982  53.2174 305.6554 0000841  10.1416 349.9593 15.08858812 89606,6917.823,95.436,540.27,539.106,0.0
53982.0,STARLINK-5120,PAYLOAD,2024-05-17 11:48:32,15.08832196,0.0002048,53.2188,302.388,88.3883,271.7344,-3.6813e-05,-8.74e-06,0.0,0 STARLINK-5120,1 53982U 22125U   24138.49204058 -.00000874  00000-0 -36813-4 0  9995,2 53982  53.2188 302.3880 0002048  88.3883 271.7344 15.08832196 89718,6917.904,95.438,541.186,538.352,0.0
53982.0,STARLINK-5120,PAYLOAD,2024-05-17 18:10:04,15.08841317,0.000115,53.2194,301.1987,76.7731,283.339,0.00015216,2.135e-05,0.0,0 STARLINK-5120,1 53982U 22125U   24138.75699695  .00002135  00000-0  15216-3 0  9992,2 53982  53.2194 301.1987 0001150  76.7731 283.3390 15.08841317 89676,6917.876,95.437,540.537,538.946,0.0
53982.0,STARLINK-5120,PAYLOAD,2024-05-18 03:42:23,15.0884408,0.0001336,53.2169,299.4142,91.2322,268.8824,0.00014314,1.991e-05,0.0,0 STARLINK-5120,1 53982U 22125U   24139.15443509  .00001991  00000-0  14314-3 0  9995,2 53982  53.2169 299.4142 0001336  91.2322 268.8824 15.08844080 89810,6917.868,95.437,540.657,538.809,0.0
53982.0,STARLINK-5120,PAYLOAD,2024-05-18 14:50:04,15.08852094,0.0001177,53.2122,297.3309,85.8442,274.2684,0.00027402,4.077e-05,0.0,0 STARLINK-5120,1 53982U 22125U   24139.61811104  .00004077  00000-0  27402-3 0  9996,2 53982  53.2122 297.3309 0001177  85.8442 274.2684 15.08852094 89804,6917.843,95.437,540.523,538.894,0.0
53982.0,STARLINK-5120,PAYLOAD,2024-05-18 19:36:12,15.08876092,5.34e-05,53.216,296.4369,100.199,259.9063,0.00057945,8.955e-05,0.0,0 STARLINK-5120,1 53982U 22125U   24139.81681567  .00008955  00000-0  57945-3 0  9990,2 53982  53.2160 296.4369 0000534 100.1990 259.9063 15.08876092 89914,6917.77,95.435,540.004,539.266,0.0
53982.0,STARLINK-5120,PAYLOAD,2024-05-19 03:33:11,15.0882509,0.0003161,53.2171,294.952,77.9168,282.2178,-0.00015915,-2.82e-05,0.0,0 STARLINK-5120,1 53982U 22125U   24140.14804522 -.00002820  00000-0 -15915-3 0  9994,2 53982  53.2171 294.9520 0003161  77.9168 282.2178 15.08825090 89968,6917.926,95.438,541.978,537.604,0.0
53982.0,STARLINK-5120,PAYLOAD,2024-05-19 19:27:02,15.08831685,0.0001192,53.2159,291.9802,89.8673,270.2456,-2.2882e-05,-6.52e-06,0.0,0 STARLINK-5120,1 53982U 22125U   24140.81044324 -.00000652  00000-0 -22882-4 0  9997,2 53982  53.2159 291.9802 0001192  89.8673 270.2456 15.08831685 90065,6917.906,95.438,540.595,538.946,0.0
53982.0,STARLINK-5120,PAYLOAD,2024-05-20 14:31:40,15.08842435,0.0001317,53.2171,288.4122,65.4019,294.711,0.00047309,7.25e-05,0.0,0 STARLINK-5120,1 53982U 22125U   24141.60532597  .00007250  00000-0  47309-3 0  9998,2 53982  53.2171 288.4122 0001317  65.4019 294.7110 15.08842435 90106,6917.873,95.437,540.649,538.827,0.0
53982.0,STARLINK-5120,PAYLOAD,2024-05-20 16:07:03,15.08848048,0.0001372,53.2162,288.114,71.465,288.6491,0.00058899,9.1e-05,0.0,0 STARLINK-5120,1 53982U 22125U   24141.67156435  .00009100  00000-0  58899-3 0  9990,2 53982  53.2162 288.1140 0001372  71.4650 288.6491 15.08848048 90191,6917.856,95.437,540.67,538.772,0.0
53982.0,STARLINK-5120,PAYLOAD,2024-05-21 12:47:04,15.08844013,0.0001314,53.2172,284.2485,56.2552,303.8565,0.00034884,5.269e-05,0.0,0 STARLINK-5120,1 53982U 22125U   24142.53268770  .00005269  00000-0  34884-3 0  9992,2 53982  53.2172 284.2485 0001314  56.2552 303.8565 15.08844013 90324,6917.868,95.437,540.642,538.824,0.0
53982.0,STARLINK-5120,PAYLOAD,2024-05-21 14:22:27,15.08844984,0.0001328,53.2172,283.9512,57.7004,302.4117,0.0003298,4.965e-05,0.0,0 STARLINK-5120,1 53982U 22125U   24142.59892718  .00004965  00000-0  32980-3 0  9990,2 53982  53.2172 283.9512 0001328  57.7004 302.4117 15.08844984 90251,6917.865,95.437,540.649,538.811,0.0
53982.0,STARLINK-5120,PAYLOAD,2024-05-21 15:57:50,15.08847749,0.0001385,53.2176,283.654,73.9818,286.1327,0.00028564,4.262e-05,0.0,0 STARLINK-5120,1 53982U 22125U   24142.66516532  .00004262  00000-0  28564-3 0  9998,2 53982  53.2176 283.6540 0001385  73.9818 286.1327 15.08847749 90263,6917.857,95.437,540.68,538.764,0.0
53982.0,STARLINK-5120,PAYLOAD,2024-05-22 12:37:50,15.08844682,0.0001409,53.2173,279.7879,75.8195,284.2954,0.00017221,2.454e-05,0.0,0 STARLINK-5120,1 53982U 22125U   24143.52628411  .00002454  00000-0  17221-3 0  9993,2 53982  53.2173 279.7879 0001409  75.8195 284.2954 15.08844682 90399,6917.866,95.437,540.706,538.756,0.0
53982.0,STARLINK-5120,PAYLOAD,2024-05-22 18:59:23,15.08855722,0.0001489,53.2162,278.5974,86.0702,274.0461,0.00023222,3.411e-05,0.0,0 STARLINK-5120,1 53982U 22125U   24143.79123942  .00003411  00000-0  23222-3 0  9993,2 53982  53.2162 278.5974 0001489  86.0702 274.0461 15.08855722 90517,6917.832,95.437,540.727,538.667,0.0
53982.0,STARLINK-5120,PAYLOAD,2024-05-23 12:28:38,15.08837828,0.0001639,53.2165,275.3183,109.6803,250.4366,1.3283e-05,-7.7e-07,0.0,0 STARLINK-5120,1 53982U 22125U   24144.51988426 -.00000077  00000-0  13283-4 0  9993,2 53982  53.2165 275.3183 0001639 109.6803 250.4366 15.08837828 90629,6917.887,95.438,540.886,538.618,0.0
53982.0,STARLINK-5120,PAYLOAD,2024-05-23 14:04:01,15.08836449,0.0001541,53.218,275.0302,88.3672,271.7497,-1.0734e-05,-4.59e-06,0.0,0 STARLINK-5120,1 53982U 22125U   24144.58612656 -.00000459  00000-0 -10734-4 0  9992,2 53982  53.2180 275.0302 0001541  88.3672 271.7497 15.08836449 90556,6917.891,95.438,540.822,538.69,0.0
53982.0,STARLINK-5120,PAYLOAD,2024-05-23 15:39:24,15.08839235,0.0001573,53.2183,274.7301,97.4299,262.6872,2.8634e-05,1.68e-06,0.0,0 STARLINK-5120,1 53982U 22125U   24144.65236464  .00000168  00000-0  28634-4 0  9992,2 53982  53.2183 274.7301 0001573  97.4299 262.6872 15.08839235 90568,6917.883,95.438,540.836,538.66,0.0
53982.0,STARLINK-5120,PAYLOAD,2024-05-24 12:19:24,15.0885213,0.0001656,53.2182,270.87,112.8116,247.3051,-8.5756e-05,-1.653e-05,0.0,0 STARLINK-5120,1 53982U 22125U   24145.51347865 -.00001653  00000-0 -85756-4 0  9996,2 53982  53.2182 270.8700 0001656 112.8116 247.3051 15.08852130 90770,6917.843,95.437,540.854,538.563,0.0
53982.0,STARLINK-5120,PAYLOAD,2024-05-24 13:54:47,15.08848413,0.0001496,53.2168,270.5735,107.3715,252.7441,0.00010378,1.364e-05,0.0,0 STARLINK-5120,1 53982U 22125U   24145.57971816  .00001364  00000-0  10378-3 0  9995,2 53982  53.2168 270.5735 0001496 107.3715 252.7441 15.08848413 90700,6917.855,95.437,540.755,538.685,0.0
53982.0,STARLINK-5120,PAYLOAD,2024-05-24 15:30:10,15.08861105,0.0001677,53.2159,270.265,116.0823,244.0342,0.00059698,9.231e-05,0.0,0 STARLINK-5120,1 53982U 22125U   24145.64595775  .00009231  00000-0  59698-3 0  9998,2 53982  53.2159 270.2650 0001677 116.0823 244.0342 15.08861105 90719,6917.816,95.436,540.841,538.521,0.0
53982.0,STARLINK-5120,PAYLOAD,2024-05-25 01:02:29,15.0883795,4.39e-05,53.2166,268.4928,175.2479,184.8517,3.8152e-05,3.2e-06,0.0,0 STARLINK-5120,1 53982U 22125U   24146.04339766  .00000320  00000-0  38152-4 0  9992,2 53982  53.2166 268.4928 0000439 175.2479 184.8517 15.08837950 90854,6917.887,95.438,540.055,539.448,0.0
53982.0,STARLINK-5120,PAYLOAD,2024-05-25 12:10:12,15.08830926,0.0001173,53.2172,266.4113,71.4986,288.6134,-9.2455e-05,-1.759e-05,0.0,0 STARLINK-5120,1 53982U 22125U   24146.50709036 -.00001759  00000-0 -92455-4 0  9999,2 53982  53.2172 266.4113 0001173  71.4986 288.6134 15.08830926 90923,6917.908,95.438,540.585,538.962,0.0
53982.0,STARLINK-5120,PAYLOAD,2024-05-25 13:45:35,15.08830025,0.0001373,53.2174,266.1139,84.6494,275.4655,-0.00011961,-2.19e-05,0.0,0 STARLINK-5120,1 53982U 22125U   24146.57333085 -.00002190  00000-0 -11961-3 0  9995,2 53982  53.2174 266.1139 0001373  84.6494 275.4655 15.08830025 90856,6917.911,95.438,540.726,538.826,0.0
53982.0,STARLINK-5120,PAYLOAD,2024-05-26 12:00:59,15.08846236,0.0001403,53.2174,261.9479,82.7048,277.4103,0.00014086,1.955e-05,0.0,0 STARLINK-5120,1 53982U 22125U   24147.50068859  .00001955  00000-0  14086-3 0  9990,2 53982  53.2174 261.9479 0001403  82.7048 277.4103 15.08846236 91070,6917.861,95.437,540.697,538.756,0.0
53982.0,STARLINK-5120,PAYLOAD,2024-05-26 13:36:22,15.08844646,0.0001386,53.2171,261.6506,85.9822,274.1328,0.00022412,3.281e-05,0.0,0 STARLINK-5120,1 53982U 22125U   24147.56692968  .00003281  00000-0  22412-3 0  9996,2 53982  53.2171 261.6506 0001386  85.9822 274.1328 15.08844646 91009,6917.866,95.437,540.69,538.772,0.0
53982.0,STARLINK-5120,PAYLOAD,2024-05-26 19:57:55,15.08855401,0.0001399,53.2169,260.4613,77.0227,283.0921,0.00057347,8.854e-05,0.0,0 STARLINK-5120,1 53982U 22125U   24147.83188719  .00008854  00000-0  57347-3 0  9996,2 53982  53.2169 260.4613 0001399  77.0227 283.0921 15.08855401 91040,6917.833,95.437,540.666,538.731,0.0
53982.0,STARLINK-5120,PAYLOAD,2024-05-27 03:54:51,15.08835888,0.0001328,53.2168,258.9748,82.1835,277.9308,0.00020408,2.961e-05,0.0,0 STARLINK-5120,1 53982U 22125U   24148.16309500  .00002961  00000-0  20408-3 0  9997,2 53982  53.2168 258.9748 0001328  82.1835 277.9308 15.08835888 91176,6917.893,95.438,540.677,538.839,0.0
53982.0,STARLINK-5120,PAYLOAD,2024-05-27 13:27:09,15.08847854,0.0001318,53.2163,257.1913,79.3048,280.8092,0.00099053,0.00015515,0.0,0 STARLINK-5120,1 53982U 22125U   24148.56053147  .00015515  00000-0  99053-3 0  9995,2 53982  53.2163 257.1913 0001318  79.3048 280.8092 15.08847854 91156,6917.856,95.437,540.633,538.81,0.0
53982.0,STARLINK-5120,PAYLOAD,2024-05-27 19:48:42,15.08859434,0.000132,53.2161,256.0016,79.2785,280.8356,0.0013068,0.00020582,0.0,0 STARLINK-5120,1 53982U 22125U   24148.82548838  .00020582  00000-0  13068-2 0  9991,2 53982  53.2161 256.0016 0001320  79.2785 280.8356 15.08859434 91279,6917.821,95.436,540.599,538.773,0.0
53982.0,STARLINK-5120,PAYLOAD,2024-05-28 03:45:38,15.08850705,0.0001211,53.2161,254.5146,87.1046,273.0085,0.00093015,0.00014551,0.0,0 STARLINK-5120,1 53982U 22125U   24149.15669011  .00014551  00000-0  93015-3 0  9995,2 53982  53.2161 254.5146 0001211  87.1046 273.0085 15.08850705 91324,6917.848,95.437,540.55,538.875,0.0
53982.0,STARLINK-5120,PAYLOAD,2024-05-28 13:17:56,15.08855609,0.0001315,53.2162,252.7302,92.9626,267.1517,0.00080143,0.00012495,0.0,0 STARLINK-5120,1 53982U 22125U   24149.55412742  .00012495  00000-0  80143-3 0  9999,2 53982  53.2162 252.7302 0001315  92.9626 267.1517 15.08855609 91302,6917.833,95.437,540.607,538.788,0.0
53982.0,STARLINK-5120,PAYLOAD,2024-05-28 18:04:05,15.08862253,0.0001302,53.2161,251.8379,84.4239,275.6901,0.00080536,0.0001256,0.0,0 STARLINK-5120,1 53982U 22125U   24149.75284434  .00012560  00000-0  80536-3 0  9995,2 53982  53.2161 251.8379 0001302  84.4239 275.6901 15.08862253 91334,6917.812,95.436,540.578,538.777,0.0
53982.0,STARLINK-5120,PAYLOAD,2024-05-29 13:08:44,15.08842572,0.0001439,53.2163,248.2696,86.633,273.4827,0.0006136,9.492e-05,0.0,0 STARLINK-5120,1 53982U 22125U   24150.54773238  .00009492  00000-0  61360-3 0  9993,2 53982  53.2163 248.2696 0001439  86.6330 273.4827 15.08842572 91532,6917.873,95.437,540.733,538.742,0.0
53982.0,STARLINK-5120,PAYLOAD,2024-05-30 11:24:08,15.08852904,0.0001148,53.2162,244.1064,84.0242,276.0881,0.00090456,0.00014142,0.0,0 STARLINK-5120,1 53982U 22125U   24151.47509305  .00014142  00000-0  90456-3 0  9994,2 53982  53.2162 244.1064 0001148  84.0242 276.0881 15.08852904 91670,6917.841,95.437,540.5,538.912,0.0
53982.0,STARLINK-5120,PAYLOAD,2024-05-31 12:50:17,15.08854855,0.0001659,53.2178,239.3502,103.0293,257.0884,0.0004467,6.831e-05,0.0,0 STARLINK-5120,1 53982U 22125U   24152.53492912  .00006831  00000-0  44670-3 0  9990,2 53982  53.2178 239.3502 0001659 103.0293 257.0884 15.08854855 91832,6917.835,95.437,540.848,538.552,0.0
53982.0,STARLINK-5120,PAYLOAD,2024-05-31 22:22:36,15.08850712,0.0001395,53.216,237.5647,90.5514,269.5638,0.00024196,3.566e-05,0.0,0 STARLINK-5120,1 53982U 22125U   24152.93236770  .00003566  00000-0  24196-3 0  9995,2 53982  53.2160 237.5647 0001395  90.5514 269.5638 15.08850712 91895,6917.848,95.437,540.678,538.748,0.0
53982.0,STARLINK-5120,PAYLOAD,2024-06-01 12:41:04,15.08840292,0.0001494,53.2169,234.8904,96.2834,263.8328,-8.4871e-06,-4.23e-06,0.0,0 STARLINK-5120,1 53982U 22125U   24153.52853007 -.00000423  00000-0 -84871-5 0  9998,2 53982  53.2169 234.8904 0001494  96.2834 263.8328 15.08840292 91983,6917.879,95.438,540.778,538.711,0.0
53982.0,STARLINK-5120,PAYLOAD,2024-06-02 10:56:29,15.08837876,0.000138,53.2162,230.7265,93.7471,266.3679,-1.4424e-06,-3.11e-06,0.0,0 STARLINK-5120,1 53982U 22125U   24154.45589478 -.00000311  00000-0 -14424-5 0  9992,2 53982  53.2162 230.7265 0001380  93.7471 266.3679 15.08837876 92043,6917.887,95.438,540.707,538.797,0.0
53982.0,STARLINK-5120,PAYLOAD,2024-06-02 22:04:11,15.08843063,0.0001222,53.2164,228.6423,82.4214,277.6916,5.6327e-05,6.09e-06,0.0,0 STARLINK-5120,1 53982U 22125U   24154.91957312  .00000609  00000-0  56327-4 0  9994,2 53982  53.2164 228.6423 0001222  82.4214 277.6916 15.08843063 92114,6917.871,95.437,540.581,538.891,0.0
53982.0,STARLINK-5120,PAYLOAD,2024-06-03 12:22:39,15.08842422,0.0001378,53.2163,225.9664,80.2419,279.8729,9.4983e-05,1.224e-05,0.0,0 STARLINK-5120,1 53982U 22125U   24155.51573643  .00001224  00000-0  94983-4 0  9996,2 53982  53.2163 225.9664 0001378  80.2419 279.8729 15.08842422 92209,6917.873,95.437,540.691,538.785,0.0
53982.0,STARLINK-5120,PAYLOAD,2024-06-03 21:54:58,15.08843961,0.0001319,53.2167,224.1839,82.8309,277.2833,0.00020574,2.988e-05,0.0,0 STARLINK-5120,1 53982U 22125U   24155.91317669  .00002988  00000-0  20574-3 0  9996,2 53982  53.2167 224.1839 0001319  82.8309 277.2833 15.08843961 92262,6917.868,95.437,540.646,538.821,0.0
53982.0,STARLINK-5120,PAYLOAD,2024-06-04 04:16:31,15.08844492,0.0001373,53.2167,222.9947,83.8037,276.3111,0.00023291,3.421e-05,0.0,0 STARLINK-5120,1 53982U 22125U   24156.17813692  .00003421  00000-0  23291-3 0  9994,2 53982  53.2167 222.9947 0001373  83.8037 276.3111 15.08844492 92389,6917.867,95.437,540.681,538.782,0.0
53982.0,STARLINK-5120,PAYLOAD,2024-06-04 10:38:03,15.08846999,0.0001197,53.2155,221.8052,85.7385,274.3744,0.00025537,3.779e-05,0.0,0 STARLINK-5120,1 53982U 22125U   24156.44309506  .00003779  00000-0  25537-3 0  9999,2 53982  53.2155 221.8052 0001197  85.7385 274.3744 15.08846999 92342,6917.859,95.437,540.552,538.896,0.0
53982.0,STARLINK-5120,PAYLOAD,2024-06-04 21:45:45,15.08850918,0.0001303,53.2156,219.7234,82.3725,277.7415,0.00023344,3.43e-05,0.0,0 STARLINK-5120,1 53982U 22125U   24156.90677212  .00003430  00000-0  23344-3 0  9990,2 53982  53.2156 219.7234 0001303  82.3725 277.7415 15.08850918 92417,6917.847,95.437,540.613,538.811,0.0
53982.0,STARLINK-5120,PAYLOAD,2024-06-05 10:28:50,15.08847882,0.0001681,53.2164,217.3407,98.7344,261.3838,0.00019833,2.87e-05,0.0,0 STARLINK-5120,1 53982U 22125U   24157.43669321  .00002870  00000-0  19833-3 0  9996,2 53982  53.2164 217.3407 0001681  98.7344 261.3838 15.08847882 92570,6917.856,95.437,540.884,538.558,0.0
53982.0,STARLINK-5120,PAYLOAD,2024-06-05 21:36:32,15.08839514,0.0001196,53.2146,215.2616,92.8277,267.2852,4.3679e-05,4.07e-06,0.0,0 STARLINK-5120,1 53982U 22125U   24157.90037574  .00000407  00000-0  43679-4 0  9997,2 53982  53.2146 215.2616 0001196  92.8277 267.2852 15.08839514 92563,6917.882,95.438,540.574,538.919,0.0
53982.0,STARLINK-5120,PAYLOAD,2024-06-06 10:19:38,15.0883594,0.0001316,53.2163,212.8844,85.1102,275.004,1.9457e-05,2.2e-07,0.0,0 STARLINK-5120,1 53982U 22125U   24158.43030095  .00000022  00000-0  19457-4 0  9997,2 53982  53.2163 212.8844 0001316  85.1102 275.0040 15.08835940 92648,6917.893,95.438,540.668,538.847,0.0
53982.0,STARLINK-5120,PAYLOAD,2024-06-07 10:10:25,15.08840565,0.0001509,53.2167,208.4242,85.8455,274.271,0.00011755,1.583e-05,0.0,0 STARLINK-5120,1 53982U 22125U   24159.42390068  .00001583  00000-0  11755-3 0  9991,2 53982  53.2167 208.4242 0001509  85.8455 274.2710 15.08840565 92797,6917.879,95.438,540.788,538.7,0.0
53982.0,STARLINK-5120,PAYLOAD,2024-06-07 22:53:30,15.08841893,0.0001366,53.2159,206.0449,83.6175,276.4973,0.00022,3.215e-05,0.0,0 STARLINK-5120,1 53982U 22125U   24159.95382020  .00003215  00000-0  22000-3 0  9997,2 53982  53.2159 206.0449 0001366  83.6175 276.4973 15.08841893 92876,6917.875,95.437,540.685,538.795,0.0
53982.0,STARLINK-5120,PAYLOAD,2024-06-08 03:39:39,15.08845264,0.0001348,53.2156,205.1524,83.2273,276.8873,0.00025549,3.781e-05,0.0,0 STARLINK-5120,1 53982U 22125U   24160.15253863  .00003781  00000-0  25549-3 0  9992,2 53982  53.2156 205.1524 0001348  83.2273 276.8873 15.08845264 92983,6917.864,95.437,540.662,538.797,0.0
53982.0,STARLINK-5120,PAYLOAD,2024-06-08 10:01:11,15.08855084,0.0001345,53.2155,203.9633,82.6105,277.504,0.00037516,5.69e-05,0.0,0 STARLINK-5120,1 53982U 22125U   24160.41749442  .00005690  00000-0  37516-3 0  9992,2 53982  53.2155 203.9633 0001345  82.6105 277.5040 15.08855084 92944,6917.834,95.437,540.63,538.769,0.0
53982.0,STARLINK-5120,PAYLOAD,2024-06-08 19:33:31,15.08831789,0.0002439,53.2145,202.1769,82.8254,277.3015,-0.00013341,-2.411e-05,0.0,0 STARLINK-5120,1 53982U 22125U   24160.81494477 -.00002411  00000-0 -13341-3 0  9991,2 53982  53.2145 202.1769 0002439  82.8254 277.3015 15.08831789 93088,6917.905,95.438,541.458,538.083,0.0
53982.0,STARLINK-5120,PAYLOAD,2024-06-09 08:16:35,15.08837516,0.000122,53.2147,199.7996,91.4816,268.6316,-8.8199e-05,-1.691e-05,0.0,0 STARLINK-5120,1 53982U 22125U   24161.34485809 -.00001691  00000-0 -88199-4 0  9992,2 53982  53.2147 199.7996 0001220  91.4816 268.6316 15.08837516 93160,6917.888,95.438,540.597,538.909,0.0
53982.0,STARLINK-5120,PAYLOAD,2024-06-09 19:24:17,15.08842544,0.0001215,53.2147,197.718,91.8091,268.304,0.00013536,1.867e-05,0.0,0 STARLINK-5120,1 53982U 22125U   24161.80853809  .00001867  00000-0  13536-3 0  9997,2 53982  53.2147 197.7180 0001215  91.8091 268.3040 15.08842544 93153,6917.873,95.437,540.578,538.897,0.0
53982.0,STARLINK-5120,PAYLOAD,2024-06-10 09:42:46,15.08840301,0.000127,53.2149,195.0419,95.651,264.4627,0.00042895,6.545e-05,0.0,0 STARLINK-5120,1 53982U 22125U   24162.40470210  .00006545  00000-0  42895-3 0  9993,2 53982  53.2149 195.0419 0001270  95.6510 264.4627 15.08840301 93326,6917.879,95.438,540.623,538.866,0.0
53982.0,STARLINK-5120,PAYLOAD,2024-06-11 11:08:56,15.08842937,0.0001256,53.2154,190.2836,93.2975,266.8161,0.00026284,3.898e-05,0.0,0 STARLINK-5120,1 53982U 22125U   24163.46454332  .00003898  00000-0  26284-3 0  9999,2 53982  53.2154 190.2836 0001256  93.2975 266.8161 15.08842937 93400,6917.871,95.437,540.605,538.868,0.0
53982.0,STARLINK-5120,PAYLOAD,2024-06-11 19:05:52,15.08842991,0.0001276,53.2155,188.7971,92.2737,267.8402,0.00021484,3.133e-05,0.0,0 STARLINK-5120,1 53982U 22125U   24163.79574375  .00003133  00000-0  21484-3 0  9994,2 53982  53.2155 188.7971 0001276  92.2737 267.8402 15.08842991 93533,6917.871,95.437,540.619,538.854,0.0
53982.0,STARLINK-5120,PAYLOAD,2024-06-12 06:13:34,15.08843864,0.0001297,53.2153,186.7157,91.6621,268.452,0.00019829,2.87e-05,0.0,0 STARLINK-5120,1 53982U 22125U   24164.25942334  .00002870  00000-0  19829-3 0  9997,2 53982  53.2153 186.7157 0001297  91.6621 268.4520 15.08843864 93520,6917.869,95.437,540.631,538.836,0.0
53982.0,STARLINK-5120,PAYLOAD,2024-06-12 07:48:57,15.08844563,0.0001293,53.2153,186.4183,92.1995,267.9146,0.00020577,2.989e-05,0.0,0 STARLINK-5120,1 53982U 22125U   24164.32566293  .00002989  00000-0  20577-3 0  9994,2 53982  53.2153 186.4183 0001293  92.1995 267.9146 15.08844563 93538,6917.866,95.437,540.626,538.837,0.0
53982.0,STARLINK-5120,PAYLOAD,2024-06-13 04:28:58,15.08841764,0.0001265,53.2155,182.5529,89.9574,270.1563,0.00011069,1.474e-05,0.0,0 STARLINK-5120,1 53982U 22125U   24165.18678390  .00001474  00000-0  11069-3 0  9995,2 53982  53.2155 182.5529 0001265  89.9574 270.1563 15.08841764 93749,6917.875,95.437,540.615,538.865,0.0
53982.0,STARLINK-5120,PAYLOAD,2024-06-13 10:50:30,15.08843424,0.0001274,53.2153,181.3637,88.7024,271.4114,0.00011288,1.509e-05,0.0,0 STARLINK-5120,1 53982U 22125U   24165.45174318  .00001509  00000-0  11288-3 0  9998,2 53982  53.2153 181.3637 0001274  88.7024 271.4114 15.08843424 93708,6917.87,95.437,540.616,538.854,0.0
53982.0,STARLINK-5120,PAYLOAD,2024-06-14 10:41:17,15.08839625,0.0001312,53.2162,176.9023,92.6956,267.4186,1.4673e-05,-5.4e-07,0.0,0 STARLINK-5120,1 53982U 22125U   24166.44534679 -.00000054  00000-0  14673-4 0  9995,2 53982  53.2162 176.9023 0001312  92.6956 267.4186 15.08839625 93856,6917.882,95.438,540.654,538.839,0.0
53982.0,STARLINK-5120,PAYLOAD,2024-06-15 07:21:18,15.0884261,0.0001342,53.2167,173.0366,92.8213,267.2933,0.00010356,1.361e-05,0.0,0 STARLINK-5120,1 53982U 22125U   24167.30646298  .00001361  00000-0  10356-3 0  9996,2 53982  53.2167 173.0366 0001342  92.8213 267.2933 15.08842610 93980,6917.872,95.437,540.666,538.809,0.0
53982.0,STARLINK-5120,PAYLOAD,2024-06-16 07:12:05,15.08842471,0.0001289,53.2166,168.5773,94.2814,265.8326,1.189e-05,-9.9e-07,0.0,0 STARLINK-5120,1 53982U 22125U   24168.30006637 -.00000099  00000-0  11890-4 0  9997,2 53982  53.2166 168.5773 0001289  94.2814 265.8326 15.08842471 94136,6917.873,95.437,540.63,538.846,0.0
53982.0,STARLINK-5120,PAYLOAD,2024-06-16 16:44:24,15.08836672,0.0001387,53.2167,166.7932,93.9156,266.1995,6.4114e-05,7.33e-06,0.0,0 STARLINK-5120,1 53982U 22125U   24168.69750953  .00000733  00000-0  64114-4 0  9997,2 53982  53.2167 166.7932 0001387  93.9156 266.1995 15.08836672 94196,6917.891,95.438,540.715,538.796,0.0
53982.0,STARLINK-5120,PAYLOAD,2024-06-17 16:35:11,15.08837832,0.0001409,53.2169,162.3326,90.1066,270.0087,3.5911e-05,2.84e-06,0.0,0 STARLINK-5120,1 53982U 22125U   24169.69110990  .00000284  00000-0  35911-4 0  9993,2 53982  53.2169 162.3326 0001409  90.1066 270.0087 15.08837832 94343,6917.887,95.438,540.727,538.777,0.0
53982.0,STARLINK-5120,PAYLOAD,2024-06-18 08:29:03,15.08836092,0.0001417,53.2166,159.3587,88.4003,271.7152,4.3968e-05,4.12e-06,0.0,0 STARLINK-5120,1 53982U 22125U   24170.35351243  .00000412  00000-0  43968-4 0  9990,2 53982  53.2166 159.3587 0001417  88.4003 271.7152 15.08836092 94523,6917.892,95.438,540.738,538.777,0.0
53982.0,STARLINK-5120,PAYLOAD,2024-06-18 16:25:59,15.08838248,0.0001423,53.2168,157.8719,88.7857,271.3299,6.5731e-05,7.58e-06,0.0,0 STARLINK-5120,1 53982U 22125U   24170.68471079  .00000758  00000-0  65731-4 0  9991,2 53982  53.2168 157.8719 0001423  88.7857 271.3299 15.08838248 94491,6917.886,95.438,540.735,538.766,0.0
53982.0,STARLINK-5120,PAYLOAD,2024-06-19 06:44:26,15.08842889,0.00014,53.2166,155.1955,89.3244,270.7908,8.531e-05,1.07e-05,0.0,0 STARLINK-5120,1 53982U 22125U   24171.28086726  .00001070  00000-0  85310-4 0  9992,2 53982  53.2166 155.1955 0001400  89.3244 270.7908 15.08842889 94669,6917.872,95.437,540.705,538.768,0.0
53982.0,STARLINK-5120,PAYLOAD,2024-06-19 16:16:46,15.0883788,0.0001378,53.2164,153.411,89.1824,270.9326,3.9261e-05,3.37e-06,0.0,0 STARLINK-5120,1 53982U 22125U   24171.67831165  .00000337  00000-0  39261-4 0  9999,2 53982  53.2164 153.4110 0001378  89.1824 270.9326 15.08837880 94725,6917.887,95.438,540.705,538.799,0.0
53982.0,STARLINK-5120,PAYLOAD,2024-06-20 08:10:37,15.08838789,0.0001408,53.2165,150.4367,90.2474,269.8679,4.8548e-05,4.85e-06,0.0,0 STARLINK-5120,1 53982U 22125U   24172.34071185  .00000485  00000-0  48548-4 0  9994,2 53982  53.2165 150.4367 0001408  90.2474 269.8679 15.08838789 94744,6917.884,95.438,540.723,538.775,0.0
53982.0,STARLINK-5120,PAYLOAD,2024-06-20 16:07:33,15.08840382,0.000141,53.2165,148.9501,89.7467,270.3687,5.1332e-05,5.29e-06,0.0,0 STARLINK-5120,1 53982U 22125U   24172.67191094  .00000529  00000-0  51332-4 0  9996,2 53982  53.2165 148.9501 0001410  89.7467 270.3687 15.08840382 94797,6917.879,95.438,540.72,538.769,0.0
53982.0,STARLINK-5120,PAYLOAD,2024-06-21 04:50:37,15.0884226,0.0001471,53.2177,146.5703,93.2462,266.8698,7.4371e-05,8.96e-06,0.0,0 STARLINK-5120,1 53982U 22125U   24173.20182799  .00000896  00000-0  74371-4 0  9993,2 53982  53.2177 146.5703 0001471  93.2462 266.8698 15.08842260 94957,6917.873,95.437,540.756,538.721,0.0
53982.0,STARLINK-5120,PAYLOAD,2024-06-21 08:01:24,15.08842809,0.0001475,53.2177,145.9756,93.3397,266.7764,7.7381e-05,9.44e-06,0.0,0 STARLINK-5120,1 53982U 22125U   24173.33430741  .00000944  00000-0  77381-4 0  9998,2 53982  53.2177 145.9756 0001475  93.3397 266.7764 15.08842809 94895,6917.872,95.437,540.757,538.716,0.0
53982.0,STARLINK-5120,PAYLOAD,2024-06-22 04:41:25,15.08834868,0.0001493,53.2177,142.1088,96.9557,263.1605,2.0968e-05,4.6e-07,0.0,0 STARLINK-5120,1 53982U 22125U   24174.19543543  .00000046  00000-0  20968-4 0  9990,2 53982  53.2177 142.1088 0001493  96.9557 263.1605 15.08834868 95105,6917.896,95.438,540.794,538.728,0.0
53982.0,STARLINK-5120,PAYLOAD,2024-06-22 07:52:11,15.08834427,0.0001492,53.2177,141.5144,95.8899,264.2263,1.4399e-05,-5.9e-07,0.0,0 STARLINK-5120,1 53982U 22125U   24174.32791634 -.00000059  00000-0  14399-4 0  9997,2 53982  53.2177 141.5144 0001492  95.8899 264.2263 15.08834427 95043,6917.897,95.438,540.795,538.73,0.0
53982.0,STARLINK-5120,PAYLOAD,2024-06-23 07:42:58,15.08840703,0.0001539,53.2182,137.0544,99.0697,261.0469,3.1407e-05,2.12e-06,0.0,0 STARLINK-5120,1 53982U 22125U   24175.32151250  .00000212  00000-0  31407-4 0  9991,2 53982  53.2182 137.0544 0001539  99.0697 261.0469 15.08840703 95279,6917.878,95.438,540.808,538.679,0.0
53982.0,STARLINK-5120,PAYLOAD,2024-06-23 22:01:27,15.08833907,0.0001481,53.2178,134.3784,99.4623,260.6537,3.6268e-05,2.89e-06,0.0,0 STARLINK-5120,1 53982U 22125U   24175.91767775  .00000289  00000-0  36268-4 0  9995,2 53982  53.2178 134.3784 0001481  99.4623 260.6537 15.08833907 95289,6917.899,95.438,540.789,538.739,0.0
53982.0,STARLINK-5120,PAYLOAD,2024-06-24 02:47:36,15.08834808,0.0001466,53.2177,133.4863,99.1963,260.9195,4.0609e-05,3.58e-06,0.0,0 STARLINK-5120,1 53982U 22125U   24176.11639768  .00000358  00000-0  40609-4 0  9999,2 53982  53.2177 133.4863 0001466  99.1963 260.9195 15.08834808 95399,6917.896,95.438,540.775,538.747,0.0
53982.0,STARLINK-5120,PAYLOAD,2024-06-24 07:33:46,15.08835786,0.0001474,53.2177,132.5942,99.8849,260.231,4.6693e-05,4.55e-06,0.0,0 STARLINK-5120,1 53982U 22125U   24176.31511744  .00000455  00000-0  46693-4 0  9991,2 53982  53.2177 132.5942 0001474  99.8849 260.2310 15.08835786 95349,6917.893,95.438,540.778,538.739,0.0
53982.0,STARLINK-5120,PAYLOAD,2024-06-25 04:13:47,15.08837178,0.0001517,53.218,128.7273,90.3512,269.7654,2.7229e-05,1.45e-06,0.0,0 STARLINK-5120,1 53982U 22125U   24177.17624068  .00000145  00000-0  27229-4 0  9990,2 53982  53.2180 128.7273 0001517  90.3512 269.7654 15.08837178 95553,6917.889,95.438,540.803,538.705,0.0
53982.0,STARLINK-5120,PAYLOAD,2024-06-26 04:04:33,15.08844473,0.0001527,53.2176,124.2654,81.9453,278.1713,0.00012522,1.706e-05,0.0,0 STARLINK-5120,1 53982U 22125U   24178.16983458  .00001706  00000-0  12522-3 0  9994,2 53982  53.2176 124.2654 0001527  81.9453 278.1713 15.08844473 95706,6917.867,95.437,540.788,538.675,0.0
53982.0,STARLINK-5120,PAYLOAD,2024-06-27 02:19:58,15.08838607,0.0001633,53.218,120.1052,77.9797,282.1378,3.6388e-05,2.91e-06,0.0,0 STARLINK-5120,1 53982U 22125U   24179.09720365  .00000291  00000-0  36388-4 0  9998,2 53982  53.2180 120.1052 0001633  77.9797 282.1378 15.08838607 95841,6917.885,95.438,540.879,538.62,0.0
53982.0,STARLINK-5120,PAYLOAD,2024-06-27 13:27:40,15.08841087,0.0001589,53.218,118.0265,85.0738,275.0436,5.0461e-05,5.15e-06,0.0,0 STARLINK-5120,1 53982U 22125U   24179.56088250  .00000515  00000-0  50461-4 0  9997,2 53982  53.2180 118.0265 0001589  85.0738 275.0436 15.08841087 95839,6917.877,95.437,540.841,538.643,0.0
53982.0,STARLINK-5120,PAYLOAD,2024-06-28 13:18:26,15.08855858,0.0001473,53.2172,113.5648,98.5171,261.5988,3.9298e-05,3.38e-06,0.0,0 STARLINK-5120,1 53982U 22125U   24180.55447019  .00000338  00000-0  39298-4 0  9998,2 53982  53.2172 113.5648 0001473  98.5171 261.5988 15.08855858 95986,6917.832,95.437,540.716,538.678,0.0
53982.0,STARLINK-5120,PAYLOAD,2024-06-28 22:50:44,15.08850864,0.0001446,53.2171,111.7809,95.6494,264.4663,0.00015725,2.216e-05,0.0,0 STARLINK-5120,1 53982U 22125U   24180.95190958  .00002216  00000-0  15725-3 0  9994,2 53982  53.2171 111.7809 0001446  95.6494 264.4663 15.08850864 96042,6917.847,95.437,540.713,538.712,0.0
53982.0,STARLINK-5120,PAYLOAD,2024-06-29 05:12:16,15.08865586,0.0001402,53.2172,110.5907,101.3827,258.7322,0.00028546,4.261e-05,0.0,0 STARLINK-5120,1 53982U 22125U   24181.21685584  .00004261  00000-0  28546-3 0  9995,2 53982  53.2172 110.5907 0001402 101.3827 258.7322 15.08865586 96164,6917.802,95.436,540.637,538.697,0.0
53982.0,STARLINK-5120,PAYLOAD,2024-06-29 19:30:47,15.0882879,0.0001606,53.2159,107.915,87.926,272.1916,-0.00014471,-2.59e-05,0.0,0 STARLINK-5120,1 53982U 22125U   24181.81304488 -.00002590  00000-0 -14471-3 0  9999,2 53982  53.2159 107.9150 0001606  87.9260 272.1916 15.08828790 96250,6917.915,95.438,540.891,538.669,0.0
53982.0,STARLINK-5120,PAYLOAD,2024-06-29 22:41:33,15.08825189,0.0001397,53.2165,107.3196,97.9707,262.1443,-0.00019497,-3.388e-05,0.0,0 STARLINK-5120,1 53982U 22125U   24181.94552694 -.00003388  00000-0 -19497-3 0  9996,2 53982  53.2165 107.3196 0001397  97.9707 262.1443 15.08825189 96191,6917.926,95.438,540.757,538.824,0.0
53982.0,STARLINK-5120,PAYLOAD,2024-06-30 11:24:38,15.08832603,0.000144,53.2164,104.9426,87.3316,272.7841,-7.6515e-05,-1.505e-05,0.0,0 STARLINK-5120,1 53982U 22125U   24182.47544711 -.00001505  00000-0 -76515-4 0  9990,2 53982  53.2164 104.9426 0001440  87.3316 272.7841 15.08832603 96274,6917.903,95.438,540.764,538.772,0.0
53982.0,STARLINK-5120,PAYLOAD,2024-06-30 22:32:20,15.08843247,0.0001256,53.2169,102.859,88.2208,271.8927,8.0891e-05,1e-05,0.0,0 STARLINK-5120,1 53982U 22125U   24182.93912264  .00001000  00000-0  80891-4 0  9993,2 53982  53.2169 102.8590 0001256  88.2208 271.8927 15.08843247 96342,6917.87,95.437,540.604,538.867,0.0
53982.0,STARLINK-5120,PAYLOAD,2024-07-01 01:43:06,15.08851244,0.0001235,53.216,102.2656,84.4678,275.6455,0.00042095,6.42e-05,0.0,0 STARLINK-5120,1 53982U 22125U   24183.07160140  .00006420  00000-0  42095-3 0  9991,2 53982  53.2160 102.2656 0001235  84.4678 275.6455 15.08851244 96441,6917.846,95.437,540.565,538.857,0.0
53982.0,STARLINK-5120,PAYLOAD,2024-07-01 11:15:25,15.08845738,0.0001331,53.2152,100.4779,67.3687,292.7446,0.00070903,0.00011016,0.0,0 STARLINK-5120,1 53982U 22125U   24183.46904519  .00011016  00000-0  70903-3 0  9996,2 53982  53.2152 100.4779 0001331  67.3687 292.7446 15.08845738 96503,6917.863,95.437,540.649,538.807,0.0
53982.0,STARLINK-5120,PAYLOAD,2024-07-01 17:36:58,15.08845181,0.0002226,53.2161,99.292,74.1747,285.949,0.00040799,6.212e-05,0.0,0 STARLINK-5120,1 53982U 22125U   24183.73400882  .00006212  00000-0  40799-3 0  9992,2 53982  53.2161  99.2920 0002226  74.1747 285.9490 15.08845181 96542,6917.865,95.437,541.269,538.19,0.0
53982.0,STARLINK-5120,PAYLOAD,2024-07-01 22:23:07,15.0883626,0.0001561,53.2178,98.4027,89.1988,270.9183,-9.9935e-05,-1.878e-05,0.0,0 STARLINK-5120,1 53982U 22125U   24183.93272813 -.00001878  00000-0 -99935-4 0  9997,2 53982  53.2178  98.4027 0001561  89.1988 270.9183 15.08836260 96498,6917.892,95.438,540.837,538.677,0.0
53982.0,STARLINK-5120,PAYLOAD,2024-07-01 23:58:30,15.08834332,0.0001467,53.2172,98.1053,89.2936,270.8224,2.8227e-05,1.61e-06,0.0,0 STARLINK-5120,1 53982U 22125U   24183.99896962  .00000161  00000-0  28227-4 0  9998,2 53982  53.2172  98.1053 0001467  89.2936 270.8224 15.08834332 96580,6917.898,95.438,540.778,538.748,0.0
53982.0,STARLINK-5120,PAYLOAD,2024-07-02 11:06:12,15.08838769,0.0001448,53.2172,96.0235,87.4542,272.6616,5.7102e-05,6.21e-06,0.0,0 STARLINK-5120,1 53982U 22125U   24184.46264886  .00000621  00000-0  57102-4 0  9990,2 53982  53.2172  96.0235 0001448  87.4542 272.6616 15.08838769 96573,6917.884,95.438,540.751,538.747,0.0
53982.0,STARLINK-5120,PAYLOAD,2024-07-02 22:13:54,15.08842254,0.0001372,53.2164,93.9409,85.7147,274.4002,0.00011573,1.555e-05,0.0,0 STARLINK-5120,1 53982U 22125U   24184.92632839  .00001555  00000-0  11573-3 0  9996,2 53982  53.2164  93.9409 0001372  85.7147 274.4002 15.08842254 96642,6917.873,95.437,540.688,538.789,0.0
53982.0,STARLINK-5120,PAYLOAD,2024-07-03 01:24:40,15.08845222,0.0001342,53.2164,93.344,77.5106,282.6036,0.00022708,3.328e-05,0.0,0 STARLINK-5120,1 53982U 22125U   24185.05880736  .00003328  00000-0  22708-3 0  9994,2 53982  53.2164  93.3440 0001342  77.5106 282.6036 15.08845222 96749,6917.864,95.437,540.658,538.801,0.0
53982.0,STARLINK-5120,PAYLOAD,2024-07-03 22:04:42,15.08832624,0.0001394,53.2155,89.4805,92.5819,267.5333,-1.9817e-05,-6.03e-06,0.0,0 STARLINK-5120,1 53982U 22125U   24185.91993284 -.00000603  00000-0 -19817-4 0  9995,2 53982  53.2155  89.4805 0001394  92.5819 267.5333 15.08832624 96794,6917.903,95.438,540.732,538.804,0.0
53982.0,STARLINK-5120,PAYLOAD,2024-07-04 02:50:51,15.08841361,0.0001516,53.2167,88.5832,99.1585,260.9578,0.00018317,2.628e-05,0.0,0 STARLINK-5120,1 53982U 22125U   24186.11865047  .00002628  00000-0  18317-3 0  9993,2 53982  53.2167  88.5832 0001516  99.1585 260.9578 15.08841361 96905,6917.876,95.437,540.79,538.692,0.0
53982.0,STARLINK-5120,PAYLOAD,2024-07-04 10:47:47,15.08836317,0.0001497,53.2155,87.0979,85.4273,274.689,4.1455e-05,3.72e-06,0.0,0 STARLINK-5120,1 53982U 22125U   24186.44985374  .00000372  00000-0  41455-4 0  9999,2 53982  53.2155  87.0979 0001497  85.4273 274.6890 15.08836317 96878,6917.892,95.438,540.792,538.721,0.0
53982.0,STARLINK-5120,PAYLOAD,2024-07-04 21:55:29,15.08840331,0.0001397,53.2168,85.0154,88.9753,271.1399,0.00015174,2.128e-05,0.0,0 STARLINK-5120,1 53982U 22125U   24186.91353296  .00002128  00000-0  15174-3 0  9992,2 53982  53.2168  85.0154 0001397  88.9753 271.1399 15.08840331 96940,6917.879,95.438,540.711,538.778,0.0
53982.0,STARLINK-5120,PAYLOAD,2024-07-05 02:41:38,15.08849354,0.0001379,53.2175,84.12,99.1245,260.9904,0.00014704,2.054e-05,0.0,0 STARLINK-5120,1 53982U 22125U   24187.11224762  .00002054  00000-0  14704-3 0  9996,2 53982  53.2175  84.1200 0001379  99.1245 260.9904 15.08849354 97055,6917.852,95.437,540.671,538.763,0.0
53982.0,STARLINK-5120,PAYLOAD,2024-07-05 10:38:34,15.08846834,0.0001471,53.2174,82.6363,93.2803,266.8358,0.00024701,3.646e-05,0.0,0 STARLINK-5120,1 53982U 22125U   24187.44344993  .00003646  00000-0  24701-3 0  9997,2 53982  53.2174  82.6363 0001471  93.2803 266.8358 15.08846834 97020,6917.86,95.437,540.742,538.707,0.0
53982.0,STARLINK-5120,PAYLOAD,2024-07-05 20:10:52,15.08846839,0.0001634,53.2176,80.8515,105.2918,254.8254,0.00023302,3.423e-05,0.0,0 STARLINK-5120,1 53982U 22125U   24187.84088980  .00003423  00000-0  23302-3 0  9991,2 53982  53.2176  80.8515 0001634 105.2918 254.8254 15.08846839 97165,6917.859,95.437,540.855,538.594,0.0
53982.0,STARLINK-5120,PAYLOAD,2024-07-05 21:46:16,15.08846038,0.000162,53.2182,80.5554,94.9164,265.2013,0.00023102,3.391e-05,0.0,0 STARLINK-5120,1 53982U 22125U   24187.90713070  .00003391  00000-0  23102-3 0  9995,2 53982  53.2182  80.5554 0001620  94.9164 265.2013 15.08846038 97096,6917.862,95.437,540.848,538.606,0.0
53982.0,STARLINK-5120,PAYLOAD,2024-07-05 23:21:38,15.08850507,0.0001651,53.218,80.257,104.0823,256.0353,0.00022641,3.318e-05,0.0,0 STARLINK-5120,1 53982U 22125U   24187.97336775  .00003318  00000-0  22641-3 0  9991,2 53982  53.2180  80.2570 0001651 104.0823 256.0353 15.08850507 97101,6917.848,95.437,540.855,538.571,0.0
53982.0,STARLINK-5120,PAYLOAD,2024-07-06 20:01:40,15.0883918,0.000164,53.2179,76.3916,108.6153,251.5017,-6.1501e-06,-3.86e-06,0.0,0 STARLINK-5120,1 53982U 22125U   24188.83449081 -.00000386  00000-0 -61501-5 0  9996,2 53982  53.2179  76.3916 0001640 108.6153 251.5017 15.08839180 97317,6917.883,95.438,540.882,538.613,0.0
53982.0,STARLINK-5120,PAYLOAD,2024-07-06 21:37:03,15.08839495,0.0001617,53.2182,76.0939,108.9292,251.1875,2.2705e-05,7.3e-07,0.0,0 STARLINK-5120,1 53982U 22125U   24188.90073126  .00000073  00000-0  22705-4 0  9990,2 53982  53.2182  76.0939 0001617 108.9292 251.1875 15.08839495 97243,6917.882,95.438,540.866,538.628,0.0
53982.0,STARLINK-5120,PAYLOAD,2024-07-06 23:12:26,15.08841499,0.0001444,53.2176,75.7984,93.919,266.1967,7.8819e-06,-1.63e-06,0.0,0 STARLINK-5120,1 53982U 22125U   24188.96697122 -.00000163  00000-0  78819-5 0  9993,2 53982  53.2176  75.7984 0001444  93.9190 266.1967 15.08841499 97256,6917.876,95.437,540.74,538.742,0.0
53982.0,STARLINK-5120,PAYLOAD,2024-07-07 23:03:13,15.08845517,0.0001394,53.2171,71.342,90.3395,269.7757,4.8251e-05,4.8e-06,0.0,0 STARLINK-5120,1 53982U 22125U   24189.96056939  .00000480  00000-0  48251-4 0  9996,2 53982  53.2171  71.3420 0001394  90.3395 269.7757 15.08845517 97486,6917.864,95.437,540.693,538.764,0.0
53982.0,STARLINK-5120,PAYLOAD,2024-07-08 08:35:31,15.08844772,0.0001374,53.2169,69.5576,87.8977,272.2172,1.5966e-05,-3.4e-07,0.0,0 STARLINK-5120,1 53982U 22125U   24190.35800865 -.00000034  00000-0  15966-4 0  9999,2 53982  53.2169  69.5576 0001374  87.8977 272.2172 15.08844772 97469,6917.866,95.437,540.681,538.78,0.0
53982.0,STARLINK-5120,PAYLOAD,2024-07-08 19:43:14,15.08833215,0.0001417,53.2185,67.4773,89.024,271.0914,5.2699e-05,5.51e-06,0.0,0 STARLINK-5120,1 53982U 22125U   24190.82169843  .00000551  00000-0  52699-4 0  9992,2 53982  53.2185  67.4773 0001417  89.0240 271.0914 15.08833215 97616,6917.901,95.438,540.746,538.786,0.0
53982.0,STARLINK-5120,PAYLOAD,2024-07-08 22:54:00,15.08836884,0.0001418,53.2187,66.8852,100.2788,259.8364,5.141e-05,5.3e-06,0.0,0 STARLINK-5120,1 53982U 22125U   24190.95417583  .00000530  00000-0  51410-4 0  9990,2 53982  53.2187  66.8852 0001418 100.2788 259.8364 15.08836884 97554,6917.89,95.438,540.736,538.774,0.0
53982.0,STARLINK-5120,PAYLOAD,2024-07-09 14:47:52,15.0883865,0.0001329,53.2178,63.9112,105.0405,255.0735,-9.3356e-07,-3.03e-06,0.0,0 STARLINK-5120,1 53982U 22125U   24191.61657815 -.00000303  00000-0 -93356-6 0  9995,2 53982  53.2178  63.9112 0001329 105.0405 255.0735 15.08838650 97655,6917.885,95.438,540.669,538.83,0.0
53982.0,STARLINK-5120,PAYLOAD,2024-07-09 21:09:25,15.08845417,0.0001423,53.2181,62.7207,112.8942,247.2201,-0.00017372,-3.052e-05,0.0,0 STARLINK-5120,1 53982U 22125U   24191.88153990 -.00003052  00000-0 -17372-3 0  9994,2 53982  53.2181  62.7207 0001423 112.8942 247.2201 15.08845417 97692,6917.864,95.437,540.713,538.744,0.0
53982.0,STARLINK-5120,PAYLOAD,2024-07-10 08:17:06,15.08843959,0.0001278,53.2187,60.6382,94.1616,265.9523,6.5882e-07,-2.77e-06,0.0,0 STARLINK-5120,1 53982U 22125U   24192.34521579 -.00000277  00000-0  65882-6 0  9995,2 53982  53.2187  60.6382 0001278  94.1616 265.9523 15.08843959 97768,6917.868,95.437,540.617,538.849,0.0
53982.0,STARLINK-5120,PAYLOAD,2024-07-10 22:35:35,15.08841443,0.0001423,53.2189,57.9615,96.8895,263.2259,7.3393e-05,8.8e-06,0.0,0 STARLINK-5120,1 53982U 22125U   24192.94137766  .00000880  00000-0  73393-4 0  9995,2 53982  53.2189  57.9615 0001423  96.8895 263.2259 15.08841443 97851,6917.876,95.437,540.725,538.757,0.0
53982.0,STARLINK-5120,PAYLOAD,2024-07-11 00:10:57,15.08846215,0.0001371,53.2188,57.6613,77.572,282.5425,7.7048e-05,9.39e-06,0.0,0 STARLINK-5120,1 53982U 22125U   24193.00761476  .00000939  00000-0  77048-4 0  9990,2 53982  53.2188  57.6613 0001371  77.5720 282.5425 15.08846215 97941,6917.861,95.437,540.675,538.778,0.0
53982.0,STARLINK-5120,PAYLOAD,2024-07-11 20:50:59,15.08838945,0.0001398,53.2192,53.798,94.6019,265.5133,0.00011372,1.522e-05,0.0,0 STARLINK-5120,1 53982U 22125U   24193.86873910  .00001522  00000-0  11372-3 0  9997,2 53982  53.2192  53.7980 0001398  94.6019 265.5133 15.08838945 97993,6917.884,95.438,540.716,538.781,0.0
53982.0,STARLINK-5120,PAYLOAD,2024-07-12 07:58:40,15.08843169,0.0001313,53.2189,51.71,90.0681,270.0462,5.3946e-05,5.71e-06,0.0,0 STARLINK-5120,1 53982U 22125U   24194.33241655  .00000571  00000-0  53946-4 0  9992,2 53982  53.2189  51.7100 0001313  90.0681 270.0462 15.08843169 98141,6917.871,95.437,540.644,538.827,0.0
53982.0,STARLINK-5120,PAYLOAD,2024-07-12 20:41:45,15.08845485,0.0001318,53.2185,49.3324,107.9479,252.1656,5.7551e-05,6.28e-06,0.0,0 STARLINK-5120,1 53982U 22125U   24194.86233387  .00000628  00000-0  57551-4 0  9992,2 53982  53.2185  49.3324 0001318 107.9479 252.1656 15.08845485 98145,6917.864,95.437,540.64,538.817,0.0
53982.0,STARLINK-5120,PAYLOAD,2024-07-13 07:49:27,15.08843667,0.0001549,53.2201,47.2503,92.938,267.1789,1.9829e-06,-2.56e-06,0.0,0 STARLINK-5120,1 53982U 22125U   24195.32601614 -.00000256  00000-0  19829-5 0  9991,2 53982  53.2201  47.2503 0001549  92.9380 267.1789 15.08843667 98211,6917.869,95.437,540.806,538.663,0.0
53982.0,STARLINK-5120,PAYLOAD,2024-07-13 20:32:32,15.08847988,0.0001343,53.2189,44.8745,102.8001,257.3142,-1.1137e-06,-3.06e-06,0.0,0 STARLINK-5120,1 53982U 22125U   24195.85593430 -.00000306  00000-0 -11137-5 0  9996,2 53982  53.2189  44.8745 0001343 102.8001 257.3142 15.08847988 98371,6917.856,95.437,540.65,538.792,0.0
53982.0,STARLINK-5120,PAYLOAD,2024-07-13 23:43:18,15.08850107,0.0001376,53.2194,44.2788,104.8242,255.2902,1.811e-05,0.0,0.0,0 STARLINK-5120,1 53982U 22125U   24195.98841185  .00000000  00000-0  18110-4 0  9999,2 53982  53.2194  44.2788 0001376 104.8242 255.2902 15.08850107 98315,6917.849,95.437,540.666,538.763,0.0
53982.0,STARLINK-5120,PAYLOAD,2024-07-14 20:23:19,15.08846524,0.0001266,53.218,40.4112,92.1228,267.9909,6.2132e-05,7.01e-06,0.0,0 STARLINK-5120,1 53982U 22125U   24196.84953389  .00000701  00000-0  62132-4 0  9996,2 53982  53.2180  40.4112 0001266  92.1228 267.9909 15.08846524 98449,6917.86,95.437,540.601,538.85,0.0
53982.0,STARLINK-5120,PAYLOAD,2024-07-15 20:14:07,15.08840738,0.0001321,53.2179,35.9553,92.9371,267.1773,4.3508e-05,4.05e-06,0.0,0 STARLINK-5120,1 53982U 22125U   24197.84314006  .00000405  00000-0  43508-4 0  9991,2 53982  53.2179  35.9553 0001321  92.9371 267.1773 15.08840738 98671,6917.878,95.438,540.657,538.829,0.0
53982.0,STARLINK-5120,PAYLOAD,2024-07-16 05:46:26,15.08843295,0.0001283,53.2178,34.1709,91.5367,268.5772,2.4817e-05,1.07e-06,0.0,0 STARLINK-5120,1 53982U 22125U   24198.24057887  .00000107  00000-0  24817-4 0  9998,2 53982  53.2178  34.1709 0001283  91.5367 268.5772 15.08843295 98654,6917.87,95.437,540.623,538.848,0.0
53982.0,STARLINK-5120,PAYLOAD,2024-07-16 18:29:31,15.08840784,0.0001294,53.2178,31.7916,86.9924,273.1216,3.7533e-05,3.1e-06,0.0,0 STARLINK-5120,1 53982U 22125U   24198.77050186  .00000310  00000-0  37533-4 0  9996,2 53982  53.2178  31.7916 0001294  86.9924 273.1216 15.08840784 98730,6917.878,95.438,540.638,538.848,0.0
53982.0,STARLINK-5120,PAYLOAD,2024-07-17 05:37:13,15.08841898,0.0001336,53.218,29.7099,84.5726,275.5418,2.7625e-05,1.52e-06,0.0,0 STARLINK-5120,1 53982U 22125U   24199.23418177  .00000152  00000-0  27625-4 0  9991,2 53982  53.2180  29.7099 0001336  84.5726 275.5418 15.08841898 98886,6917.875,95.437,540.664,538.815,0.0
53982.0,STARLINK-5120,PAYLOAD,2024-07-17 19:55:41,15.08842939,0.0001197,53.2176,27.0349,97.5791,262.5338,9.6044e-05,1.241e-05,0.0,0 STARLINK-5120,1 53982U 22125U   24199.83034271  .00001241  00000-0  96044-4 0  9997,2 53982  53.2176  27.0349 0001197  97.5791 262.5338 15.08842939 98896,6917.871,95.437,540.564,538.908,0.0
53982.0,STARLINK-5120,PAYLOAD,2024-07-18 11:49:33,15.08831234,0.0001245,53.2178,24.0574,78.1779,281.9353,4.6803e-05,4.57e-06,0.0,0 STARLINK-5120,1 53982U 22125U   24200.49275318  .00000457  00000-0  46803-4 0  9997,2 53982  53.2178  24.0574 0001245  78.1779 281.9353 15.08831234 99079,6917.907,95.438,540.633,538.911,0.0
53982.0,STARLINK-5120,PAYLOAD,2024-07-18 19:46:28,15.08851012,0.0001243,53.2177,22.5708,89.186,270.9275,0.00015527,2.185e-05,0.0,0 STARLINK-5120,1 53982U 22125U   24200.82393778  .00002185  00000-0  15527-3 0  9993,2 53982  53.2177  22.5708 0001243  89.1860 270.9275 15.08851012 99124,6917.847,95.437,540.572,538.852,0.0
53982.0,STARLINK-5120,PAYLOAD,2024-07-19 11:40:20,15.08834281,0.0001052,53.2179,19.6036,98.5101,261.601,0.0001241,1.688e-05,0.0,0 STARLINK-5120,1 53982U 22125U   24201.48634796  .00001688  00000-0  12410-3 0  9999,2 53982  53.2179  19.6036 0001052  98.5101 261.6010 15.08834281 99221,6917.898,95.438,540.491,539.035,0.0
53982.0,STARLINK-5120,PAYLOAD,2024-07-19 19:37:15,15.08849669,0.0001045,53.2176,18.1114,102.7454,257.3655,0.00010555,1.393e-05,0.0,0 STARLINK-5120,1 53982U 22125U   24201.81753921  .00001393  00000-0  10555-3 0  9999,2 53982  53.2176  18.1114 0001045 102.7454 257.3655 15.08849669 99278,6917.851,95.437,540.439,538.993,0.0
53982.0,STARLINK-5120,PAYLOAD,2024-07-20 05:09:35,15.08826285,0.0001106,53.2179,16.3253,111.2283,248.8827,-3.1577e-05,-7.9e-06,0.0,0 STARLINK-5120,1 53982U 22125U   24202.21499900 -.00000790  00000-0 -31577-4 0  9998,2 53982  53.2179  16.3253 0001106 111.2283 248.8827 15.08826285 99330,6917.922,95.438,540.552,539.022,0.0
53982.0,STARLINK-5120,PAYLOAD,2024-07-20 11:31:08,15.08825151,0.0001419,53.2166,15.1414,78.8224,281.2928,-2.1375e-05,-6.28e-06,0.0,0 STARLINK-5120,1 53982U 22125U   24202.47996415 -.00000628  00000-0 -21375-4 0  9994,2 53982  53.2166  15.1414 0001419  78.8224 281.2928 15.08825151 99291,6917.926,95.438,540.772,538.809,0.0
53982.0,STARLINK-5120,PAYLOAD,2024-07-20 17:52:41,15.08834417,0.0001186,53.2173,13.9494,89.6942,270.4186,-5.9651e-05,-1.237e-05,0.0,0 STARLINK-5120,1 53982U 22125U   24202.74492052 -.00001237  00000-0 -59651-4 0  9997,2 53982  53.2173  13.9494 0001186  89.6942 270.4186 15.08834417 99337,6917.897,95.438,540.583,538.942,0.0
53982.0,STARLINK-5120,PAYLOAD,2024-07-21 05:00:22,15.08843853,0.0001199,53.2183,11.8689,90.1162,269.9968,-8.6437e-06,-4.25e-06,0.0,0 STARLINK-5120,1 53982U 22125U   24203.20859390 -.00000425  00000-0 -86437-5 0  9992,2 53982  53.2183  11.8689 0001199  90.1162 269.9968 15.08843853 99487,6917.869,95.437,540.563,538.904,0.0
53982.0,STARLINK-5120,PAYLOAD,2024-07-21 14:32:41,15.0884407,0.0001243,53.2173,10.0854,86.6481,273.4653,0.00013414,1.848e-05,0.0,0 STARLINK-5120,1 53982U 22125U   24203.60603169  .00001848  00000-0  13414-3 0  9998,2 53982  53.2173  10.0854 0001243  86.6481 273.4653 15.08844070 99466,6917.868,95.437,540.593,538.873,0.0
53982.0,STARLINK-5120,PAYLOAD,2024-07-21 17:43:26,15.08862229,0.0001599,53.2171,9.4877,127.2502,232.8636,0.00017472,2.495e-05,0.0,0 STARLINK-5120,1 53982U 22125U   24203.73849654  .00002495  00000-0  17472-3 0  9990,2 53982  53.2171   9.4877 0001599 127.2502 232.8636 15.08862229 99568,6917.812,95.436,540.784,538.571,0.0
53982.0,STARLINK-5120,PAYLOAD,2024-07-22 11:12:41,15.08847223,0.0001288,53.216,6.2185,105.0868,255.0267,0.00025192,3.724e-05,0.0,0 STARLINK-5120,1 53982U 22125U   24204.46714407  .00003724  00000-0  25192-3 0  9992,2 53982  53.2160   6.2185 0001288 105.0868 255.0267 15.08847223 99673,6917.858,95.437,540.614,538.832,0.0
53982.0,STARLINK-5120,PAYLOAD,2024-07-22 20:45:00,15.08848483,6.26e-05,53.2195,4.4339,105.032,255.0742,0.00015758,2.222e-05,0.0,0 STARLINK-5120,1 53982U 22125U   24204.86458507  .00002222  00000-0  15758-3 0  9991,2 53982  53.2195   4.4339 0000626 105.0320 255.0742 15.08848483 99655,6917.854,95.437,540.153,539.286,0.0
53982.0,STARLINK-5120,PAYLOAD,2024-07-23 11:03:29,15.08840402,0.0001569,53.2187,1.7528,120.9451,239.1695,-4.5011e-05,-1.004e-05,0.0,0 STARLINK-5120,1 53982U 22125U   24205.46075583 -.00001004  00000-0 -45011-4 0  9992,2 53982  53.2187   1.7528 0001569 120.9451 239.1695 15.08840402 99826,6917.879,95.438,540.83,538.659,0.0
53982.0,STARLINK-5120,PAYLOAD,2024-07-24 10:54:16,15.08839387,0.0001613,53.2172,357.2975,102.2665,257.8508,3.0757e-05,2.01e-06,0.0,0 STARLINK-5120,1 53982U 22125U   24206.45435530  .00000201  00000-0  30757-4 0  9991,2 53982  53.2172 357.2975 0001613 102.2665 257.8508 15.08839387 99892,6917.882,95.438,540.863,538.631,0.0
53982.0,STARLINK-5120,PAYLOAD,2024-07-25 09:09:40,15.08839558,0.0001238,53.218,353.1331,95.2796,264.8337,2.5778e-05,1.22e-06,0.0,0 STARLINK-5120,1 53982U 22125U   24207.38171655  .00000122  00000-0  25778-4 0  9998,2 53982  53.2180 353.1331 0001238  95.2796 264.8337 15.08839558100117,6917.882,95.438,540.603,538.89,0.0
53982.0,STARLINK-5120,PAYLOAD,2024-07-26 13:46:36,15.08846747,0.0001264,53.2186,347.7836,87.0764,273.0373,0.00011104,1.48e-05,0.0,0 STARLINK-5120,1 53982U 22125U   24208.57403047  .00001480  00000-0  11104-3 0  9998,2 53982  53.2186 347.7836 0001264  87.0764 273.0373 15.08846747100216,6917.86,95.437,540.599,538.85,0.0
53982.0,STARLINK-5120,PAYLOAD,2024-07-26 18:32:44,15.08858376,9.32e-05,53.2169,346.889,111.2711,248.838,0.00021573,3.149e-05,0.0,0 STARLINK-5120,1 53982U 22125U   24208.77273675  .00003149  00000-0  21573-3 0  9997,2 53982  53.2169 346.8890 0000932 111.2711 248.8380 15.08858376100321,6917.824,95.436,540.334,539.044,0.0
53982.0,STARLINK-5120,PAYLOAD,2024-07-27 02:29:41,15.08841985,4.73e-05,53.2196,345.405,89.6154,270.4892,4.4119e-06,-2.17e-06,0.0,0 STARLINK-5120,1 53982U 22125U   24209.10395166 -.00000217  00000-0  44119-5 0  9992,2 53982  53.2196 345.4050 0000473  89.6154 270.4892 15.08841985100375,6917.874,95.437,540.067,539.412,0.0
53982.0,STARLINK-5120,PAYLOAD,2024-07-27 18:23:35,15.08773027,0.0001905,53.2182,342.4272,90.8433,269.2777,0.00096676,0.00015103,0.0,0 STARLINK-5120,1 53982U 22125U   24209.76638595  .00015103  00000-0  96676-3 0  9992,2 53982  53.2182 342.4272 0001905  90.8433 269.2777 15.08773027100399,6918.085,95.442,541.268,538.632,0.0
53982.0,STARLINK-5120,PAYLOAD,2024-07-28 02:20:28,15.08835341,0.0001201,53.2189,340.9404,95.3251,264.7879,9.2597e-05,1.186e-05,0.0,0 STARLINK-5120,1 53982U 22125U   24210.09755668  .00001186  00000-0  92597-4 0  9996,2 53982  53.2189 340.9404 0001201  95.3251 264.7879 15.08835341100529,6917.895,95.438,540.59,538.929,0.0
53982.0,STARLINK-5120,PAYLOAD,2024-07-28 18:14:19,15.08856879,0.0001232,53.2182,337.9656,113.7661,246.3461,3.1531e-05,2.14e-06,0.0,0 STARLINK-5120,1 53982U 22125U   24210.75994285  .00000214  00000-0  31531-4 0  9991,2 53982  53.2182 337.9656 0001232 113.7661 246.3461 15.08856879100624,6917.829,95.436,540.546,538.842,0.0
53982.0,STARLINK-5120,PAYLOAD,2024-07-29 02:11:15,15.08840262,0.0001782,53.2154,336.4788,100.9258,259.1935,0.00012523,1.706e-05,0.0,0 STARLINK-5120,1 53982U 22125U   24211.09115276  .00001706  00000-0  12523-3 0  9990,2 53982  53.2154 336.4788 0001782 100.9258 259.1935 15.08840262100675,6917.88,95.438,540.977,538.512,0.0
53982.0,STARLINK-5120,PAYLOAD,2024-07-29 16:29:43,15.0884129,0.000135,53.2176,333.8029,102.4123,257.702,7.8289e-05,9.58e-06,0.0,0 STARLINK-5120,1 53982U 22125U   24211.68731325  .00000958  00000-0  78289-4 0  9994,2 53982  53.2176 333.8029 0001350 102.4123 257.7020 15.08841290100689,6917.876,95.437,540.675,538.808,0.0
53982.0,STARLINK-5120,PAYLOAD,2024-07-30 14:45:08,15.08839393,0.00013,53.2162,329.6451,80.6544,279.4595,3.7581e-05,3.1e-06,0.0,0 STARLINK-5120,1 53982U 22125U   24212.61467697  .00000310  00000-0  37581-4 0  9998,2 53982  53.2162 329.6451 0001300  80.6544 279.4595 15.08839393100820,6917.882,95.438,540.647,538.848,0.0
53982.0,STARLINK-5120,PAYLOAD,2024-07-30 17:55:53,15.08852113,0.0001367,53.2137,329.0502,100.1889,259.9257,-8.3796e-06,-4.21e-06,0.0,0 STARLINK-5120,1 53982U 22125U   24212.74714868 -.00000421  00000-0 -83796-5 0  9992,2 53982  53.2137 329.0502 0001367 100.1889 259.9257 15.08852113100920,6917.843,95.437,540.654,538.763,0.0
53982.0,STARLINK-5120,PAYLOAD,2024-07-31 13:00:32,15.08836798,0.0002564,53.2181,325.4753,106.2904,253.8371,-0.00011995,-2.197e-05,0.0,0 STARLINK-5120,1 53982U 22125U   24213.54204805 -.00002197  00000-0 -11995-3 0  9998,2 53982  53.2181 325.4753 0002564 106.2904 253.8371 15.08836798101047,6917.89,95.438,541.529,537.981,0.0
53982.0,STARLINK-5120,PAYLOAD,2024-07-31 14:35:56,15.08827589,9.94e-05,53.2173,325.1864,92.1128,267.9978,4.5735e-05,4.4e-06,0.0,0 STARLINK-5120,1 53982U 22125U   24213.60828767  .00000440  00000-0  45735-4 0  9991,2 53982  53.2173 325.1864 0000994  92.1128 267.9978 15.08827589100972,6917.918,95.438,540.471,539.096,0.0
53982.0,STARLINK-5120,PAYLOAD,2024-08-01 11:15:55,15.08833261,0.0001863,53.2162,321.3138,80.3902,279.7301,0.00038104,5.78e-05,0.0,0 STARLINK-5120,1 53982U 22125U   24214.46939691  .00005780  00000-0  38104-3 0  9998,2 53982  53.2162 321.3138 0001863  80.3902 279.7301 15.08833261101108,6917.901,95.438,541.055,538.477,0.0
53982.0,STARLINK-5120,PAYLOAD,2024-08-01 23:59:00,15.08861828,0.0001486,53.2164,318.9345,69.6327,290.4825,0.00025257,3.736e-05,0.0,0 STARLINK-5120,1 53982U 22125U   24214.99930644  .00003736  00000-0  25257-3 0  9999,2 53982  53.2164 318.9345 0001486  69.6327 290.4825 15.08861828101262,6917.814,95.436,540.707,538.651,0.0
53982.0,STARLINK-5120,PAYLOAD,2024-08-02 12:42:06,15.08826595,0.0001629,53.2155,316.5546,64.9946,295.1215,-0.00019684,-3.418e-05,0.0,0 STARLINK-5120,1 53982U 22125U   24215.52924692 -.00003418  00000-0 -19684-3 0  9991,2 53982  53.2155 316.5546 0001629  64.9946 295.1215 15.08826595101349,6917.921,95.438,540.913,538.659,0.0
53982.0,STARLINK-5120,PAYLOAD,2024-08-02 14:17:29,15.08838264,0.0001439,53.2164,316.2583,68.3211,291.7934,7.0468e-06,-1.76e-06,0.0,0 STARLINK-5120,1 53982U 22125U   24215.59548294 -.00000176  00000-0  70468-5 0  9994,2 53982  53.2164 316.2583 0001439  68.3211 291.7934 15.08838264101277,6917.886,95.438,540.746,538.755,0.0
53982.0,STARLINK-5120,PAYLOAD,2024-08-02 15:52:52,15.08840359,0.0001369,53.2162,315.9612,74.4395,285.6748,4.9806e-05,5.05e-06,0.0,0 STARLINK-5120,1 53982U 22125U   24215.66172225  .00000505  00000-0  49806-4 0  9995,2 53982  53.2162 315.9612 0001369  74.4395 285.6748 15.08840359101360,6917.879,95.438,540.691,538.797,0.0
53982.0,STARLINK-5120,PAYLOAD,2024-08-03 14:08:16,15.0885353,0.0001497,53.216,311.8024,77.84,282.276,0.00073072,0.00011365,0.0,0 STARLINK-5120,1 53982U 22125U   24216.58907968  .00011365  00000-0  73072-3 0  9994,2 53982  53.2160 311.8024 0001497  77.8400 282.2760 15.08853530101425,6917.839,95.437,540.74,538.668,0.0
53982.0,STARLINK-5120,PAYLOAD,2024-08-03 15:43:39,15.0886135,0.0001483,53.2159,311.5029,79.5391,280.5768,0.00097469,0.00015267,0.0,0 STARLINK-5120,1 53982U 22125U   24216.65531768  .00015267  00000-0  97469-3 0  9994,2 53982  53.2159 311.5029 0001483  79.5391 280.5768 15.08861350101516,6917.815,95.436,540.706,538.654,0.0
53982.0,STARLINK-5120,PAYLOAD,2024-08-04 12:23:40,15.08863353,0.0002047,53.2163,307.6375,103.1785,256.9435,0.00091219,0.00014269,0.0,0 STARLINK-5120,1 53982U 22125U   24217.51643676  .00014269  00000-0  91219-3 0  9990,2 53982  53.2163 307.6375 0002047 103.1785 256.9435 15.08863353101646,6917.809,95.436,541.09,538.258,0.0
53982.0,STARLINK-5120,PAYLOAD,2024-08-05 12:14:26,15.08852464,0.0001473,53.218,303.176,95.8782,264.2378,0.00016255,2.301e-05,0.0,0 STARLINK-5120,1 53982U 22125U   24218.51003247  .00002301  00000-0  16255-3 0  9996,2 53982  53.2180 303.1760 0001473  95.8782 264.2378 15.08852464101795,6917.842,95.437,540.726,538.688,0.0
53982.0,STARLINK-5120,PAYLOAD,2024-08-06 12:05:14,15.08827977,0.0001225,53.2164,298.715,93.5126,266.6007,-0.00024756,-4.224e-05,0.0,0 STARLINK-5120,1 53982U 22125U   24219.50364473 -.00004224  00000-0 -24756-3 0  9990,2 53982  53.2164 298.7150 0001225  93.5126 266.6007 15.08827977101944,6917.917,95.438,540.63,538.935,0.0
53982.0,STARLINK-5120,PAYLOAD,2024-08-07 11:56:01,15.0885031,0.0001073,53.2161,294.2567,92.4043,267.7072,0.00040666,6.192e-05,0.0,0 STARLINK-5120,1 53982U 22125U   24220.49724195  .00006192  00000-0  40666-3 0  9993,2 53982  53.2161 294.2567 0001073  92.4043 267.7072 15.08850310102099,6917.849,95.437,540.456,538.972,0.0
53982.0,STARLINK-5120,PAYLOAD,2024-08-08 10:11:25,15.08851096,0.0001132,53.2158,290.0937,97.2596,262.8525,0.00041458,6.318e-05,0.0,0 STARLINK-5120,1 53982U 22125U   24221.42460445  .00006318  00000-0  41458-3 0  9992,2 53982  53.2158 290.0937 0001132  97.2596 262.8525 15.08851096102150,6917.846,95.437,540.495,538.928,0.0
53982.0,STARLINK-5120,PAYLOAD,2024-08-08 21:19:07,15.08851784,0.0001284,53.2156,288.0132,74.6263,285.4871,0.00037861,5.745e-05,0.0,0 STARLINK-5120,1 53982U 22125U   24221.88828240  .00005745  00000-0  37861-3 0  9999,2 53982  53.2156 288.0132 0001284  74.6263 285.4871 15.08851784102227,6917.844,95.437,540.598,538.821,0.0
53982.0,STARLINK-5120,PAYLOAD,2024-08-09 03:40:40,15.08847106,0.0001604,53.2172,286.8291,93.5644,266.5531,0.00047773,7.325e-05,0.0,0 STARLINK-5120,1 53982U 22125U   24222.15324582  .00007325  00000-0  47773-3 0  9999,2 53982  53.2172 286.8291 0001604  93.5644 266.5531 15.08847106102345,6917.859,95.437,540.833,538.614,0.0
53982.0,STARLINK-5120,PAYLOAD,2024-08-09 11:37:36,15.08839158,0.00012,53.2153,285.339,93.2448,266.8682,3.447e-05,2.61e-06,0.0,0 STARLINK-5120,1 53982U 22125U   24222.48444762  .00000261  00000-0  34470-4 0  9991,2 53982  53.2153 285.3390 0001200  93.2448 266.8682 15.08839158102392,6917.883,95.438,540.578,538.918,0.0
53982.0,STARLINK-5120,PAYLOAD,2024-08-09 13:12:59,15.08842344,0.000152,53.2169,285.041,92.1427,267.9739,8.0012e-05,9.86e-06,0.0,0 STARLINK-5120,1 53982U 22125U   24222.55068807  .00000986  00000-0  80012-4 0  9998,2 53982  53.2169 285.0410 0001520  92.1427 267.9739 15.08842344102328,6917.873,95.437,540.79,538.687,0.0
53982.0,STARLINK-5120,PAYLOAD,2024-08-10 13:03:46,15.08854168,0.0001759,53.2154,280.5781,87.8184,272.301,0.00060067,9.288e-05,0.0,0 STARLINK-5120,1 53982U 22125U   24223.54428590  .00009288  00000-0  60067-3 0  9998,2 53982  53.2154 280.5781 0001759  87.8184 272.3010 15.08854168102473,6917.837,95.437,540.919,538.485,0.0
53982.0,STARLINK-5120,PAYLOAD,2024-08-11 03:22:15,15.0883406,0.0001739,53.2166,277.9041,85.7884,274.3307,5.5414e-05,5.94e-06,0.0,0 STARLINK-5120,1 53982U 22125U   24224.14045336  .00000594  00000-0  55414-4 0  9990,2 53982  53.2166 277.9041 0001739  85.7884 274.3307 15.08834060102646,6917.899,95.438,540.967,538.561,0.0
53982.0,STARLINK-5120,PAYLOAD,2024-08-11 20:51:29,15.08846727,0.0001482,53.2134,274.6301,88.3927,271.7235,0.00037092,5.621e-05,0.0,0 STARLINK-5120,1 53982U 22125U   24224.86908996  .00005621  00000-0  37092-3 0  9996,2 53982  53.2134 274.6301 0001482  88.3927 271.7235 15.08846727102752,6917.86,95.437,540.75,538.7,0.0
53982.0,STARLINK-5120,PAYLOAD,2024-08-12 11:09:56,15.08886556,0.000179,53.2144,271.9516,94.4673,265.6523,0.0019824,0.00031444,0.0,0 STARLINK-5120,1 53982U 22125U   24225.46524255  .00031444  00000-0  19824-2 0  9999,2 53982  53.2144 271.9516 0001790  94.4673 265.6523 15.08886556102845,6917.738,95.435,540.841,538.365,0.0
53982.0,STARLINK-5120,PAYLOAD,2024-08-13 03:03:48,15.08880372,0.0001773,53.2133,268.9805,87.5921,272.5274,0.0021403,0.00033977,0.0,0 STARLINK-5120,1 53982U 22125U   24226.12763930  .00033977  00000-0  21403-2 0  9997,2 53982  53.2133 268.9805 0001773  87.5921 272.5274 15.08880372102941,6917.757,95.435,540.849,538.395,0.0
53982.0,STARLINK-5120,PAYLOAD,2024-08-13 12:36:06,15.08839369,0.0001546,53.214,267.1943,97.9319,262.1848,-6.5371e-05,-1.328e-05,0.0,0 STARLINK-5120,1 53982U 22125U   24226.52508048 -.00001328  00000-0 -65371-4 0  9999,2 53982  53.2140 267.1943 0001546  97.9319 262.1848 15.08839369103007,6917.882,95.438,540.817,538.678,0.0
53982.0,STARLINK-5120,PAYLOAD,2024-08-14 06:05:22,15.08819127,0.0001862,53.2151,263.9218,103.7392,256.3807,0.00020055,2.903e-05,0.0,0 STARLINK-5120,1 53982U 22125U   24227.25373451  .00002903  00000-0  20055-3 0  9995,2 53982  53.2151 263.9218 0001862 103.7392 256.3807 15.08819127103118,6917.944,95.439,541.097,538.521,0.0
53982.0,STARLINK-5120,PAYLOAD,2024-08-14 09:16:08,15.08828572,0.0001624,53.2155,263.3304,92.8596,267.2582,-0.00012353,-2.253e-05,0.0,0 STARLINK-5120,1 53982U 22125U   24227.38621441 -.00002253  00000-0 -12353-3 0  9996,2 53982  53.2155 263.3304 0001624  92.8596 267.2582 15.08828572103050,6917.915,95.438,540.904,538.657,0.0
53982.0,STARLINK-5120,PAYLOAD,2024-08-15 09:06:56,15.08834707,0.0001509,53.2151,258.8702,97.0171,263.0992,0.00031509,4.73e-05,0.0,0 STARLINK-5120,1 53982U 22125U   24228.37982195  .00004730  00000-0  31509-3 0  9996,2 53982  53.2151 258.8702 0001509  97.0171 263.0992 15.08834707103208,6917.897,95.438,540.805,538.718,0.0
53982.0,STARLINK-5120,PAYLOAD,2024-08-15 18:39:15,15.08840586,0.0001475,53.2148,257.0861,96.3717,263.7443,0.00035097,5.302e-05,0.0,0 STARLINK-5120,1 53982U 22125U   24228.77726141  .00005302  00000-0  35097-3 0  9999,2 53982  53.2148 257.0861 0001475  96.3717 263.7443 15.08840586103346,6917.879,95.438,540.764,538.723,0.0
53982.0,STARLINK-5120,PAYLOAD,2024-08-16 08:57:43,15.08852186,0.0001472,53.2146,254.4099,96.4298,263.6861,0.00046286,7.089e-05,0.0,0 STARLINK-5120,1 53982U 22125U   24229.37341824  .00007089  00000-0  46286-3 0  9993,2 53982  53.2146 254.4099 0001472  96.4298 263.6861 15.08852186103353,6917.843,95.437,540.726,538.69,0.0
53982.0,STARLINK-5120,PAYLOAD,2024-08-17 00:51:34,15.08844939,0.0001478,53.2138,251.4368,100.393,259.7229,0.00027734,4.129e-05,0.0,0 STARLINK-5120,1 53982U 22125U   24230.03581728  .00004129  00000-0  27734-3 0  9996,2 53982  53.2138 251.4368 0001478 100.3930 259.7229 15.08844939103535,6917.865,95.437,540.753,538.708,0.0
53982.0,STARLINK-5120,PAYLOAD,2024-08-17 07:13:07,15.08835186,0.0001398,53.2144,250.2446,91.0677,269.0475,0.00026831,3.984e-05,0.0,0 STARLINK-5120,1 53982U 22125U   24230.30078207  .00003984  00000-0  26831-3 0  9994,2 53982  53.2144 250.2446 0001398  91.0677 269.0475 15.08835186103576,6917.895,95.438,540.727,538.793,0.0
53982.0,STARLINK-5120,PAYLOAD,2024-08-18 05:28:30,15.08847962,0.0001505,53.2147,246.0809,84.5782,275.5381,0.0001036,1.362e-05,0.0,0 STARLINK-5120,1 53982U 22125U   24231.22813457  .00001362  00000-0  10360-3 0  9998,2 53982  53.2147 246.0809 0001505  84.5782 275.5381 15.08847962103639,6917.856,95.437,540.762,538.68,0.0
53982.0,STARLINK-5120,PAYLOAD,2024-08-18 08:39:17,15.08849366,0.0001524,53.2147,245.4863,81.8939,278.2226,0.00012919,1.769e-05,0.0,0 STARLINK-5120,1 53982U 22125U   24231.36061350  .00001769  00000-0  12919-3 0  9993,2 53982  53.2147 245.4863 0001524  81.8939 278.2226 15.08849366103736,6917.852,95.437,540.771,538.662,0.0
53982.0,STARLINK-5120,PAYLOAD,2024-08-19 08:30:04,15.08838408,0.0001395,53.2159,241.0254,85.1655,274.9497,5.8266e-05,6.39e-06,0.0,0 STARLINK-5120,1 53982U 22125U   24232.35422155  .00000639  00000-0  58266-4 0  9998,2 53982  53.2159 241.0254 0001395  85.1655 274.9497 15.08838408103887,6917.885,95.438,540.715,538.785,0.0
53982.0,STARLINK-5120,PAYLOAD,2024-08-20 05:10:04,15.08851843,0.0001396,53.2159,237.1617,78.6162,281.4987,-2.7821e-06,-3.32e-06,0.0,0 STARLINK-5120,1 53982U 22125U   24233.21533482 -.00000332  00000-0 -27821-5 0  9996,2 53982  53.2159 237.1617 0001396  78.6162 281.4987 15.08851843104018,6917.844,95.437,540.675,538.743,0.0
53982.0,STARLINK-5120,PAYLOAD,2024-08-20 06:45:27,15.08854918,0.0001443,53.2158,236.8635,85.9939,274.1218,-7.0599e-06,-4e-06,0.0,0 STARLINK-5120,1 53982U 22125U   24233.28157237 -.00000400  00000-0 -70599-5 0  9999,2 53982  53.2158 236.8635 0001443  85.9939 274.1218 15.08854918103942,6917.835,95.437,540.698,538.702,0.0
53982.0,STARLINK-5120,PAYLOAD,2024-08-21 05:00:52,15.08837392,0.0001381,53.2153,232.7008,81.7402,278.3747,6.2534e-05,7.07e-06,0.0,0 STARLINK-5120,1 53982U 22125U   24234.20894206  .00000707  00000-0  62534-4 0  9993,2 53982  53.2153 232.7008 0001381  81.7402 278.3747 15.08837392104161,6917.888,95.438,540.709,538.798,0.0
53982.0,STARLINK-5120,PAYLOAD,2024-08-21 09:47:01,15.08839142,0.00014,53.2149,231.808,83.3018,276.8133,7.7547e-05,9.46e-06,0.0,0 STARLINK-5120,1 53982U 22125U   24234.40766048  .00000946  00000-0  77547-4 0  9992,2 53982  53.2149 231.8080 0001400  83.3018 276.8133 15.08839142104111,6917.883,95.438,540.717,538.78,0.0
