NORAD_CAT_ID,OBJECT_NAME,OBJECT_TYPE,EPOCH,MEAN_MOTION,ECCENTRICITY,INCLINATION,RA_OF_ASC_NODE,ARG_OF_PERICENTER,MEAN_ANOMALY,BSTAR,MEAN_MOTION_DOT,MEAN_MOTION_DDOT,TLE_LINE0,TLE_LINE1,TLE_LINE2,SEMIMAJOR_AXIS,PERIOD,APOGEE,PERIGEE,DECAYED
54186.0,STARLINK-5194,PAYLOAD,2022-11-03 16:00:00,15.8794136,0.001952,53.2174,111.4076,198.3573,120.7268,-0.004862,-0.01363645,0.00051747,0 STARLINK-5194,1 54186U 22141AF  22307.66667824 -.01363645  51747-3 -48620-2 0  9992,2 54186  53.2174 111.4076 0019520 198.3573 120.7268 15.87941360  1305,6686.191999999999,90.683,321.1090000000001,295.006,0.0
54186.0,STARLINK-5194,PAYLOAD,2022-11-04 22:00:01,15.84661792,0.0009304,53.2171,105.1021,247.3108,14.3316,-0.0055626999999999,-0.01157941,0.0,0 STARLINK-5194,1 54186U 22141AF  22308.91668981 -.01157941  00000-0 -55627-2 0  9994,2 54186  53.2171 105.1021 0009304 247.3108  14.3316 15.84661792  1497,6695.4140000000025,90.871,323.509,311.05,0.0
54186.0,STARLINK-5194,PAYLOAD,2022-11-05 06:00:00,15.83812538,0.0007865,53.2174,103.4231,262.2454,101.5109,-0.0059655,-0.01208495,0.0,0 STARLINK-5194,1 54186U 22141AF  22309.25001157 -.01208495  00000-0 -59655-2 0  9994,2 54186  53.2174 103.4231 0007865 262.2454 101.5109 15.83812538  1555,6697.807,90.92,324.94,314.405,0.0
54186.0,STARLINK-5194,PAYLOAD,2022-11-05 14:00:01,15.82958056,0.0004348,53.2172,101.7492,270.2962,194.6632,-0.0063538999999999,-0.01229104,0.0,0 STARLINK-5194,1 54186U 22141AF  22309.58335648 -.01229104  00000-0 -63539-2 0  9991,2 54186  53.2172 101.7492 0004348 270.2962 194.6632 15.82958056  1301,6700.218000000003,90.969,324.996,319.1690000000001,0.0
54186.0,STARLINK-5194,PAYLOAD,2022-11-05 22:00:01,15.82116951,0.0001551,53.2169,100.0784,283.5624,281.4797,-0.0067879,-0.01255887,0.0,0 STARLINK-5194,1 54186U 22141AF  22309.91668981 -.01255887  00000-0 -67879-2 0  9995,2 54186  53.2169 100.0784 0001551 283.5624 281.4797 15.82116951  1653,6702.592,91.017,325.497,323.4170000000001,0.0
54186.0,STARLINK-5194,PAYLOAD,2022-11-06 14:00:01,15.80359647,9.04e-05,53.217,96.7386,81.0991,320.9584,-0.0071831999999999,-0.01227334,0.0,0 STARLINK-5194,1 54186U 22141AF  22310.58334491 -.01227334  00000-0 -71832-2 0  9996,2 54186  53.2170  96.7386 0000904  81.0991 320.9584 15.80359647  1307,6707.56,91.118,330.031,328.8180000000001,0.0
54186.0,STARLINK-5194,PAYLOAD,2022-11-07 14:00:01,15.77741923,0.0001092,53.2173,91.7472,55.0769,274.7677,-0.0079531,-0.01207957,0.0,0 STARLINK-5194,1 54186U 22141AF  22311.58334491 -.01207957  00000-0 -79531-2 0  9990,2 54186  53.2173  91.7472 0001092  55.0769 274.7677 15.77741923  1929,6714.977,91.27,337.575,336.1090000000001,0.0
54186.0,STARLINK-5194,PAYLOAD,2022-11-07 22:00:00,15.76865562,0.0001227,53.2171,90.0884,46.5763,17.1127,-0.0081791,-0.0119585,0.0,0 STARLINK-5194,1 54186U 22141AF  22311.91667824 -.01195850  00000-0 -81791-2 0  9995,2 54186  53.2171  90.0884 0001227  46.5763  17.1127 15.76865562  1301,6717.465,91.32,340.154,338.506,0.0
54186.0,STARLINK-5194,PAYLOAD,2022-11-08 08:00:01,15.75778601,0.0001302,53.2172,88.0147,49.0944,220.431,-0.0085612,-0.01192921,0.0,0 STARLINK-5194,1 54186U 22141AF  22312.33334491 -.01192921  00000-0 -85612-2 0  9995,2 54186  53.2172  88.0147 0001302  49.0944 220.4310 15.75778601  2034,6720.553000000001,91.383,343.2940000000001,341.543,0.0
54186.0,STARLINK-5194,PAYLOAD,2022-11-08 14:00:01,15.75135215,0.0001319,53.217,86.7751,63.4208,184.8183,-0.0088832,-0.01201925,0.0,0 STARLINK-5194,1 54186U 22141AF  22312.58334491 -.01201925  00000-0 -88832-2 0  9994,2 54186  53.2170  86.7751 0001319  63.4208 184.8183 15.75135215  1307,6722.3830000000025,91.421,345.135,343.362,0.0
54186.0,STARLINK-5194,PAYLOAD,2022-11-08 22:00:00,15.74186448,0.0001460999999999,53.2166,85.12299999999998,42.1699,296.7876,-0.0073676,-0.00978933,0.0,0 STARLINK-5194,1 54186U 22141AF  22312.91667824 -.00978933  00000-0 -73676-2 0  9999,2 54186  53.2166  85.1230 0001461  42.1699 296.7876 15.74186448  1308,6725.084,91.476,347.932,345.967,0.0
54186.0,STARLINK-5194,PAYLOAD,2022-11-09 06:00:00,15.73349867,0.0001481,53.2173,83.4694,45.7625,22.8886,-0.0016242,-0.00224042,0.0,0 STARLINK-5194,1 54186U 22141AF  22313.25001157 -.00224042  00000-0 -16242-2 0  9999,2 54186  53.2173  83.4694 0001481  45.7625  22.8886 15.73349867  2182,6727.468000000003,91.524,350.329,348.337,0.0
54186.0,STARLINK-5194,PAYLOAD,2022-11-09 14:00:01,15.73275982,0.000164,53.2159,81.82300000000002,37.9544,119.6813,-0.00028006,-0.00039869,0.0,0 STARLINK-5194,1 54186U 22141AF  22313.58334491 -.00039869  00000-0 -28006-3 0  9998,2 54186  53.2159  81.8230 0001640  37.9544 119.6813 15.73275982  1308,6727.679,91.529,350.647,348.44,0.0
54186.0,STARLINK-5194,PAYLOAD,2022-11-09 22:00:01,15.73235851,0.0001720999999999,53.2154,80.1737,34.2915,212.393,-0.00040201,-0.0005675,0.0,0 STARLINK-5194,1 54186U 22141AF  22313.91668981 -.00056750  00000-0 -40201-3 0  9998,2 54186  53.2154  80.1737 0001721  34.2915 212.3930 15.73235851  2289,6727.793000000002,91.531,350.816,348.5,0.0
54186.0,STARLINK-5194,PAYLOAD,2022-11-10 14:00:01,15.73124333,0.0001459,53.2171,76.8728,46.4298,18.074,0.00086133,0.00121631,0.0,0 STARLINK-5194,1 54186U 22141AF  22314.58334491  .00121631  00000-0  86133-3 0  9991,2 54186  53.2171  76.8728 0001459  46.4298  18.0740 15.73124333  1301,6728.111,91.538,350.958,348.994,0.0
54186.0,STARLINK-5194,PAYLOAD,2022-11-10 20:00:01,15.73168239,0.0001953,53.216,75.6383,35.3521,5.8144,0.00078336,0.0011063,0.0,0 STARLINK-5194,1 54186U 22141AF  22314.83334491  .00110630  00000-0  78336-3 0  9992,2 54186  53.2160  75.6383 0001953  35.3521   5.8144 15.73168239  2438,6727.986,91.535,351.165,348.537,0.0
54186.0,STARLINK-5194,PAYLOAD,2022-11-10 22:00:00,15.7321465,0.0001932,53.216,75.2256,35.5178,117.8676,0.00026334,0.00036523,0.0,0 STARLINK-5194,1 54186U 22141AF  22314.91667824  .00036523  00000-0  26334-3 0  9999,2 54186  53.2160  75.2256 0001932  35.5178 117.8676 15.73214650  1308,6727.853,91.532,351.01800000000014,348.4190000000001,0.0
54186.0,STARLINK-5194,PAYLOAD,2022-11-11 06:00:00,15.73218045,0.0001706,53.2163,73.5741,34.2921,208.0641,0.00017973,0.00024697,0.0,0 STARLINK-5194,1 54186U 22141AF  22315.25001157  .00024697  00000-0  17973-3 0  9996,2 54186  53.2163  73.5741 0001706  34.2921 208.0641 15.73218045  2490,6727.844,91.532,350.856,348.561,0.0
54186.0,STARLINK-5194,PAYLOAD,2022-11-11 14:00:01,15.73208846,0.0001888,53.2163,71.9265,28.364,302.9421,-0.00012216,-0.00017737,0.0,0 STARLINK-5194,1 54186U 22141AF  22315.58334491 -.00017737  00000-0 -12216-3 0  9996,2 54186  53.2163  71.9265 0001888  28.3640 302.9421 15.73208846  2551,6727.87,91.533,351.005,348.465,0.0
54186.0,STARLINK-5194,PAYLOAD,2022-11-11 22:00:00,15.73263061,0.0002037,53.2158,70.2769,26.4768,33.7624,-0.00034762,-0.00049258,0.0,0 STARLINK-5194,1 54186U 22141AF  22315.91667824 -.00049258  00000-0 -34762-3 0  9995,2 54186  53.2158  70.2769 0002037  26.4768  33.7624 15.73263061  2603,6727.715,91.53,350.951,348.21,0.0
54186.0,STARLINK-5194,PAYLOAD,2022-11-12 14:00:01,15.73226073,0.0002206,53.2161,66.9783,34.9691,203.2137,0.00030687,0.00042716,0.0,0 STARLINK-5194,1 54186U 22141AF  22316.58334491  .00042716  00000-0  30687-3 0  9992,2 54186  53.2161  66.9783 0002206  34.9691 203.2137 15.73226073  2708,6727.821,91.532,351.17,348.202,0.0
54186.0,STARLINK-5194,PAYLOAD,2022-11-12 22:00:00,15.732974100000002,0.0002114,53.2163,65.3284,27.6609,299.4899,-0.0010983,-0.00152651,0.0,0 STARLINK-5194,1 54186U 22141AF  22316.91667824 -.00152651  00000-0 -10983-2 0  9996,2 54186  53.2163  65.3284 0002114  27.6609 299.4899 15.73297410  1305,6727.6169999999975,91.528,350.905,348.06,0.0
54186.0,STARLINK-5194,PAYLOAD,2022-11-13 06:00:02,15.73179864,0.000198,53.2166,63.677,28.2163,27.9824,-0.0004397,-0.0006183,0.0,0 STARLINK-5194,1 54186U 22141AF  22317.25002315 -.00061830  00000-0 -43970-3 0  9993,2 54186  53.2166  63.6770 0001980  28.2163  27.9824 15.73179864  2812,6727.953,91.534,351.15,348.485,0.0
54186.0,STARLINK-5194,PAYLOAD,2022-11-13 14:00:01,15.73105579,0.0002269,53.2165,62.0296,25.1054,119.9151,4.556e-05,5.752e-05,0.0,0 STARLINK-5194,1 54186U 22141AF  22317.58334491  .00005752  00000-0  45560-4 0  9999,2 54186  53.2165  62.0296 0002269  25.1054 119.9151 15.73105579  1303,6728.1640000000025,91.539,351.556,348.50300000000016,0.0
54186.0,STARLINK-5194,PAYLOAD,2022-11-13 22:00:00,15.73138383,0.0002257,53.216,60.3799,23.2906,210.5405,0.00019449,0.00026691,0.0,0 STARLINK-5194,1 54186U 22141AF  22317.91667824  .00026691  00000-0  19449-3 0  9996,2 54186  53.2160  60.3799 0002257  23.2906 210.5405 15.73138383  2916,6728.071,91.537,351.454,348.417,0.0
54186.0,STARLINK-5194,PAYLOAD,2022-11-14 14:00:01,15.73246319,0.0002339,53.2164,57.0819,21.7683,29.8388,-0.0003628999999999,-0.0005135,0.0,0 STARLINK-5194,1 54186U 22141AF  22318.58334491 -.00051350  00000-0 -36290-3 0  9996,2 54186  53.2164  57.0819 0002339  21.7683  29.8388 15.73246319  3025,6727.763000000001,91.53,351.202,348.05400000000014,0.0
54186.0,STARLINK-5194,PAYLOAD,2022-11-14 22:00:00,15.73228957,0.0002314,53.2166,55.4303,19.1243,121.442,-4.0877e-05,-6.362e-05,0.0,0 STARLINK-5194,1 54186U 22141AF  22318.91667824 -.00006362  00000-0 -40877-4 0  9992,2 54186  53.2166  55.4303 0002314  19.1243 121.4420 15.73228957  1306,6727.813,91.531,351.2340000000001,348.121,0.0
54186.0,STARLINK-5194,PAYLOAD,2022-11-15 06:00:00,15.73173228,0.0002149,53.2165,53.7798,16.9605,212.5589,0.00064227,0.00090394,0.0,0 STARLINK-5194,1 54186U 22141AF  22319.25001157  .00090394  00000-0  64227-3 0  9991,2 54186  53.2165  53.7798 0002149  16.9605 212.5589 15.73173228  3127,6727.972,91.535,351.282,348.391,0.0
54186.0,STARLINK-5194,PAYLOAD,2022-11-15 14:00:01,15.73248379,0.0002517,53.2166,52.133,18.1667,300.2771,-0.00044264,-0.00062423,0.0,0 STARLINK-5194,1 54186U 22141AF  22319.58334491 -.00062423  00000-0 -44264-3 0  9990,2 54186  53.2166  52.1330 0002517  18.1667 300.2771 15.73248379  1300,6727.757,91.53,351.316,347.92900000000014,0.0
54186.0,STARLINK-5194,PAYLOAD,2022-11-15 16:00:00,15.73219856,0.000256,53.2167,51.7209,17.6314,53.0616,-9.2723e-05,-0.00013627,0.0,0 STARLINK-5194,1 54186U 22141AF  22319.66667824 -.00013627  00000-0 -92723-4 0  9994,2 54186  53.2167  51.7209 0002560  17.6314  53.0616 15.73219856  3190,6727.839,91.532,351.426,347.981,0.0
54186.0,STARLINK-5194,PAYLOAD,2022-11-15 22:00:00,15.73239328,0.0002507,53.2163,50.4825,18.1733,29.225,-0.00056781,-0.00079707,0.0,0 STARLINK-5194,1 54186U 22141AF  22319.91667824 -.00079707  00000-0 -56781-3 0  9996,2 54186  53.2163  50.4825 0002507  18.1733  29.2250 15.73239328  1304,6727.783,91.531,351.335,347.961,0.0
54186.0,STARLINK-5194,PAYLOAD,2022-11-16 14:00:01,15.73266221,0.0002394,53.2168,47.1831,19.0384,206.2876,-0.0007739,-0.00108171,0.0,0 STARLINK-5194,1 54186U 22141AF  22320.58335648 -.00108171  00000-0 -77390-3 0  9994,2 54186  53.2168  47.1831 0002394  19.0384 206.2876 15.73266221  1308,6727.706,91.529,351.182,347.961,0.0
54186.0,STARLINK-5194,PAYLOAD,2022-11-16 20:00:01,15.73173361,0.0002179,53.2166,45.9446,17.9225,184.0783,0.00025036,0.00034623,0.0,0 STARLINK-5194,1 54186U 22141AF  22320.83334491  .00034623  00000-0  25036-3 0  9995,2 54186  53.2166  45.9446 0002179  17.9225 184.0783 15.73173361  3377,6727.971,91.535,351.302,348.37,0.0
54186.0,STARLINK-5194,PAYLOAD,2022-11-16 22:00:08,15.73170175,0.0002029,53.2171,45.5308,19.0395,295.6495,0.00037062,0.0005165,0.0,0 STARLINK-5194,1 54186U 22141AF  22320.91675926  .00051650  00000-0  37062-3 0  9996,2 54186  53.2171  45.5308 0002029  19.0395 295.6495 15.73170175  1301,6727.98,91.535,351.21,348.48,0.0
54186.0,STARLINK-5194,PAYLOAD,2022-11-17 06:00:00,15.73182458,0.0002563999999999,53.217,43.8831,20.2126,22.9893,0.00039238,0.00054771,0.0,0 STARLINK-5194,1 54186U 22141AF  22321.25001157  .00054771  00000-0  39238-3 0  9997,2 54186  53.2170  43.8831 0002564  20.2126  22.9893 15.73182458  3449,6727.945,91.534,351.535,348.085,0.0
54186.0,STARLINK-5194,PAYLOAD,2022-11-17 14:00:01,15.73196795,0.0002835,53.217,42.2357,16.0945,116.0441,-9.9871e-05,-0.00014615,0.0,0 STARLINK-5194,1 54186U 22141AF  22321.58334491 -.00014615  00000-0 -99871-4 0  9998,2 54186  53.2170  42.2357 0002835  16.0945 116.0441 15.73196795  3496,6727.904,91.533,351.677,347.862,0.0
54186.0,STARLINK-5194,PAYLOAD,2022-11-17 22:00:00,15.73236073,0.0002716,53.2168,40.585,13.7341,207.3173,-0.00048702,-0.00068537,0.0,0 STARLINK-5194,1 54186U 22141AF  22321.91667824 -.00068537  00000-0 -48702-3 0  9992,2 54186  53.2168  40.5850 0002716  13.7341 207.3173 15.73236073  1302,6727.792,91.531,351.485,347.83,0.0
54186.0,STARLINK-5194,PAYLOAD,2022-11-18 06:00:00,15.73182158,0.0002607,53.217,38.9349,13.6648,296.3301,0.0003758,0.00052415,0.0,0 STARLINK-5194,1 54186U 22141AF  22322.25001157  .00052415  00000-0  37580-3 0  9999,2 54186  53.2170  38.9349 0002607  13.6648 296.3301 15.73182158  3607,6727.946,91.534,351.565,348.057,0.0
54186.0,STARLINK-5194,PAYLOAD,2022-11-18 14:00:01,15.73199273,0.000293,53.217,37.2875,13.7856,25.1277,0.00039052,0.00054549,0.0,0 STARLINK-5194,1 54186U 22141AF  22322.58334491  .00054549  00000-0  39052-3 0  9991,2 54186  53.2170  37.2875 0002930  13.7856  25.1277 15.73199273  1305,6727.897,91.533,351.7340000000001,347.791,0.0
54186.0,STARLINK-5194,PAYLOAD,2022-11-18 22:00:00,15.73249018,0.0002868,53.2172,35.6364,14.896,112.9691,-0.00059075,-0.00082912,0.0,0 STARLINK-5194,1 54186U 22141AF  22322.91667824 -.00082912  00000-0 -59075-3 0  9991,2 54186  53.2172  35.6364 0002868  14.8960 112.9691 15.73249018  3704,6727.755,91.53,351.55,347.691,0.0
54186.0,STARLINK-5194,PAYLOAD,2022-11-19 06:00:00,15.73193562,0.0002829,53.2175,33.9864,17.5306,199.2905,0.00018826,0.00025877,0.0,0 STARLINK-5194,1 54186U 22141AF  22323.25001157  .00025877  00000-0  18826-3 0  9994,2 54186  53.2175  33.9864 0002829  17.5306 199.2905 15.73193562  3757,6727.9140000000025,91.534,351.682,347.875,0.0
54186.0,STARLINK-5194,PAYLOAD,2022-11-19 14:00:01,15.73194448,0.0003143,53.2175,32.3389,14.8572,290.8742,0.00036957,0.00051561,0.0,0 STARLINK-5194,1 54186U 22141AF  22323.58334491  .00051561  00000-0  36957-3 0  9994,2 54186  53.2175  32.3389 0003143  14.8572 290.8742 15.73194448  1307,6727.911,91.534,351.891,347.661,0.0
54186.0,STARLINK-5194,PAYLOAD,2022-11-19 22:00:00,15.73212565,0.0002934,53.2174,30.6879,12.7034,21.9796,-9.8258e-05,-0.000144,0.0,0 STARLINK-5194,1 54186U 22141AF  22323.91667824 -.00014400  00000-0 -98258-4 0  9996,2 54186  53.2174  30.6879 0002934  12.7034  21.9796 15.73212565  3864,6727.859,91.532,351.6980000000001,347.75,0.0
54186.0,STARLINK-5194,PAYLOAD,2022-11-20 14:00:01,15.73179636,0.0003195,53.2174,27.3908,10.5247,202.0641,0.00037114,0.00051752,0.0,0 STARLINK-5194,1 54186U 22141AF  22324.58334491  .00051752  00000-0  37114-3 0  9993,2 54186  53.2174  27.3908 0003195  10.5247 202.0641 15.73179636  3965,6727.953,91.534,351.968,347.6690000000001,0.0
54186.0,STARLINK-5194,PAYLOAD,2022-11-20 22:00:00,15.73222759,0.0003028,53.2175,25.7396,11.1879,290.3302,-0.00080684,-0.00112499,0.0,0 STARLINK-5194,1 54186U 22141AF  22324.91667824 -.00112499  00000-0 -80684-3 0  9997,2 54186  53.2175  25.7396 0003028  11.1879 290.3302 15.73222759  4029,6727.83,91.532,351.732,347.658,0.0
54186.0,STARLINK-5194,PAYLOAD,2022-11-21 06:00:00,15.73194061,0.0003057,53.2177,24.0901,10.7525,19.6632,-0.00073764,-0.00102894,0.0,0 STARLINK-5194,1 54186U 22141AF  22325.25001157 -.00102894  00000-0 -73764-3 0  9995,2 54186  53.2177  24.0901 0003057  10.7525  19.6632 15.73194061  4077,6727.9119999999975,91.534,351.834,347.72,0.0
54186.0,STARLINK-5194,PAYLOAD,2022-11-21 14:00:01,15.73033234,0.0003318,53.2177,22.4426,9.3425,109.9703,0.0014744,0.00210081,0.0,0 STARLINK-5194,1 54186U 22141AF  22325.58334491  .00210081  00000-0  14744-2 0  9999,2 54186  53.2177  22.4426 0003318   9.3425 109.9703 15.73033234  1303,6728.371,91.543,352.468,348.00300000000016,0.0
54186.0,STARLINK-5194,PAYLOAD,2022-11-21 22:00:00,15.73176359,0.000322,53.2175,20.7916,11.3049,196.8243,0.00040105,0.00055993,0.0,0 STARLINK-5194,1 54186U 22141AF  22325.91667824  .00055993  00000-0  40105-3 0  9995,2 54186  53.2175  20.7916 0003220  11.3049 196.8243 15.73176359  4171,6727.9630000000025,91.535,351.994,347.661,0.0
54186.0,STARLINK-5194,PAYLOAD,2022-11-22 14:00:01,15.73245305,0.0003429,53.217,17.4947,10.5951,15.4859,-0.00012632,-0.00018354,0.0,0 STARLINK-5194,1 54186U 22141AF  22326.58335648 -.00018354  00000-0 -12632-3 0  9991,2 54186  53.2170  17.4947 0003429  10.5951  15.4859 15.73245305  1306,6727.766,91.531,351.93800000000016,347.324,0.0
54186.0,STARLINK-5194,PAYLOAD,2022-11-22 22:00:00,15.73233832,0.0003225,53.2171,15.8432,7.6079,107.3832,-0.00032422,-0.00045957,0.0,0 STARLINK-5194,1 54186U 22141AF  22326.91667824 -.00045957  00000-0 -32422-3 0  9990,2 54186  53.2171  15.8432 0003225   7.6079 107.3832 15.73233832  4330,6727.799,91.531,351.833,347.494,0.0
54186.0,STARLINK-5194,PAYLOAD,2022-11-23 14:00:01,15.73224496,0.0003569,53.2171,12.5461,6.4758,286.4036,-1.1445999999999997e-05,-2.232e-05,0.0,0 STARLINK-5194,1 54186U 22141AF  22327.58334491 -.00002232  00000-0 -11446-4 0  9998,2 54186  53.2171  12.5461 0003569   6.4758 286.4036 15.73224496  4430,6727.825,91.532,352.091,347.289,0.0
54186.0,STARLINK-5194,PAYLOAD,2022-11-23 22:00:00,15.73174638,0.0003351,53.2171,10.8945,6.2797,15.5677,0.00046496,0.00065083,0.0,0 STARLINK-5194,1 54186U 22141AF  22327.91667824  .00065083  00000-0  46496-3 0  9997,2 54186  53.2171  10.8945 0003351   6.2797  15.5677 15.73174638  1305,6727.967,91.535,352.087,347.57800000000015,0.0
54186.0,STARLINK-5194,PAYLOAD,2022-11-24 14:00:01,15.73162488,0.0003699,53.2163,7.5975,11.4004,188.3165,0.0006466,0.00090991,0.0,0 STARLINK-5194,1 54186U 22141AF  22328.58334491  .00090991  00000-0  64660-3 0  9991,2 54186  53.2163   7.5975 0003699  11.4004 188.3165 15.73162488  4591,6728.002,91.535,352.356,347.37800000000016,0.0
54186.0,STARLINK-5194,PAYLOAD,2022-11-24 22:00:00,15.73220486,0.0003465,53.2165,5.9459,11.8853,276.7579,8.1294e-05,0.00010813,0.0,0 STARLINK-5194,1 54186U 22141AF  22328.91667824  .00010813  00000-0  81294-4 0  9995,2 54186  53.2165   5.9459 0003465  11.8853 276.7579 15.73220486  1309,6727.837,91.532,352.033,347.371,0.0
54186.0,STARLINK-5194,PAYLOAD,2022-11-25 06:00:00,15.73221117,0.0003529,53.2167,4.2968,12.1321,5.4748,-4.0906e-05,-6.368e-05,0.0,0 STARLINK-5194,1 54186U 22141AF  22329.25001157 -.00006368  00000-0 -40906-4 0  9991,2 54186  53.2167   4.2968 0003529  12.1321   5.4748 15.73221117  4707,6727.835,91.532,352.074,347.326,0.0
54186.0,STARLINK-5194,PAYLOAD,2022-11-25 14:00:01,15.7324118,0.0003783,53.2164,2.6484,9.9268,96.6316,-0.00011418,-0.00016652,0.0,0 STARLINK-5194,1 54186U 22141AF  22329.58334491 -.00016652  00000-0 -11418-3 0  9999,2 54186  53.2164   2.6484 0003783   9.9268  96.6316 15.73241180  1303,6727.778,91.531,352.18800000000016,347.098,0.0
54186.0,STARLINK-5194,PAYLOAD,2022-11-25 20:00:01,15.73204194,0.000356,53.2166,1.4095,8.6442,74.657,0.00029869,0.00041523,0.0,0 STARLINK-5194,1 54186U 22141AF  22329.83334491  .00041523  00000-0  29869-3 0  9999,2 54186  53.2166   1.4095 0003560   8.6442  74.6570 15.73204194  4791,6727.8830000000025,91.533,352.14300000000014,347.353,0.0
54186.0,STARLINK-5194,PAYLOAD,2022-11-25 22:00:00,15.73194676,0.0003538,53.2164,0.9967,7.8617,187.6802,0.00053499,0.00075137,0.0,0 STARLINK-5194,1 54186U 22141AF  22329.91667824  .00075137  00000-0  53499-3 0  9991,2 54186  53.2164   0.9967 0003538   7.8617 187.6802 15.73194676  1301,6727.91,91.533,352.156,347.395,0.0
54186.0,STARLINK-5194,PAYLOAD,2022-11-26 14:00:01,15.73246634,0.0003826,53.2157,357.6995,4.4509,9.0101,-0.0002234,-0.00031935,0.0,0 STARLINK-5194,1 54186U 22141AF  22330.58334491 -.00031935  00000-0 -22340-3 0  9998,2 54186  53.2157 357.6995 0003826   4.4509   9.0101 15.73246634  4910,6727.762,91.53,352.201,347.05300000000005,0.0
54186.0,STARLINK-5194,PAYLOAD,2022-11-26 22:00:00,15.73180363,0.0003523999999999,53.216,356.0478,2.6068,99.8433,-6.3914e-05,-9.579e-05,0.0,0 STARLINK-5194,1 54186U 22141AF  22330.91667824 -.00009579  00000-0 -63914-4 0  9996,2 54186  53.2160 356.0478 0003524   2.6068  99.8433 15.73180363  1309,6727.951,91.534,352.18699999999984,347.445,0.0
54186.0,STARLINK-5194,PAYLOAD,2022-11-27 06:00:00,15.73172942,0.0003708,53.2163,354.3992,5.8235,185.5351,-0.00018541,-0.00026543,0.0,0 STARLINK-5194,1 54186U 22141AF  22331.25001157 -.00026543  00000-0 -18541-3 0  9990,2 54186  53.2163 354.3992 0003708   5.8235 185.5351 15.73172942  5017,6727.972,91.535,352.332,347.343,0.0
54186.0,STARLINK-5194,PAYLOAD,2022-11-27 14:00:01,15.73151255,0.0003916,53.2162,352.7506,6.2565,273.9809,0.00051696,0.0007243,0.0,0 STARLINK-5194,1 54186U 22141AF  22331.58334491  .00072430  00000-0  51696-3 0  9998,2 54186  53.2162 352.7506 0003916   6.2565 273.9809 15.73151255  1303,6728.034000000002,91.536,352.534,347.264,0.0
54186.0,STARLINK-5194,PAYLOAD,2022-11-27 22:00:00,15.73197831,0.000367,53.2162,351.0992,6.4529,2.6855,-4.201e-05,-6.517e-05,0.0,0 STARLINK-5194,1 54186U 22141AF  22331.91667824 -.00006517  00000-0 -42010-4 0  9990,2 54186  53.2162 351.0992 0003670   6.4529   2.6855 15.73197831  5125,6727.901,91.533,352.235,347.297,0.0
54186.0,STARLINK-5194,PAYLOAD,2022-11-28 22:00:01,15.73166969,0.0003682,53.2158,346.1506,3.8346,272.1442,0.00066831,0.0009412,0.0,0 STARLINK-5194,1 54186U 22141AF  22332.91668981  .00094120  00000-0  66831-3 0  9997,2 54186  53.2158 346.1506 0003682   3.8346 272.1442 15.73166969  1307,6727.989000000001,91.535,352.332,347.37699999999984,0.0
54186.0,STARLINK-5194,PAYLOAD,2022-11-29 06:00:00,15.73246692,0.0003827,53.2161,344.5025,4.7381,0.1023,-0.00054807,-0.00077031,0.0,0 STARLINK-5194,1 54186U 22141AF  22333.25001157 -.00077031  00000-0 -54807-3 0  9995,2 54186  53.2161 344.5025 0003827   4.7381   0.1023 15.73246692  5332,6727.762,91.53,352.202,347.052,0.0
54186.0,STARLINK-5194,PAYLOAD,2022-11-29 14:00:01,15.732142,0.000403,53.216,342.8534,5.2438,88.6107,-0.0003163,-0.00044828,0.0,0 STARLINK-5194,1 54186U 22141AF  22333.58335648 -.00044828  00000-0 -31630-3 0  9993,2 54186  53.2160 342.8534 0004030   5.2438  88.6107 15.73214200  1300,6727.855,91.532,352.431,347.0080000000001,0.0
54186.0,STARLINK-5194,PAYLOAD,2022-11-29 22:00:00,15.73157984,0.0003798,53.2159,341.2021,8.1892,174.5316,0.00070718,0.0009966,0.0,0 STARLINK-5194,1 54186U 22141AF  22333.91667824  .00099660  00000-0  70718-3 0  9996,2 54186  53.2159 341.2021 0003798   8.1892 174.5316 15.73157984  5438,6728.015,91.536,352.435,347.325,0.0
54186.0,STARLINK-5194,PAYLOAD,2022-11-30 14:00:01,15.73250485,0.0004114,53.2156,337.9028,5.437,355.2113,-0.00065444,-0.00091726,0.0,0 STARLINK-5194,1 54186U 22141AF  22334.58335648 -.00091726  00000-0 -65444-3 0  9993,2 54186  53.2156 337.9028 0004114   5.4370 355.2113 15.73250485  5543,6727.751,91.53,352.384,346.848,0.0
54186.0,STARLINK-5194,PAYLOAD,2022-11-30 22:00:00,15.730249,0.0003747,53.2165,336.2486,5.2935,84.2818,0.0016088,0.00229761,0.0,0 STARLINK-5194,1 54186U 22141AF  22334.91667824  .00229761  00000-0  16088-2 0  9993,2 54186  53.2165 336.2486 0003747   5.2935  84.2818 15.73024900  1301,6728.394,91.543,352.781,347.73800000000006,0.0
54186.0,STARLINK-5194,PAYLOAD,2022-12-01 06:00:00,15.73194756,0.0003974,53.2159,334.6053,3.9853,174.4624,-0.00039064,-0.00055105,0.0,0 STARLINK-5194,1 54186U 22141AF  22335.25001157 -.00055105  00000-0 -39064-3 0  9993,2 54186  53.2159 334.6053 0003974   3.9853 174.4624 15.73194756  5647,6727.91,91.533,352.449,347.101,0.0
54186.0,STARLINK-5194,PAYLOAD,2022-12-01 14:00:01,15.7320288,0.0004037,53.2153,332.9564,2.7095,264.6689,0.00027358,0.00037965,0.0,0 STARLINK-5194,1 54186U 22141AF  22335.58334491  .00037965  00000-0  27358-3 0  9994,2 54186  53.2153 332.9564 0004037   2.7095 264.6689 15.73202880  1305,6727.887,91.533,352.468,347.036,0.0
54186.0,STARLINK-5194,PAYLOAD,2022-12-01 22:00:00,15.73242548,0.000381,53.2153,331.3051,2.401,353.9305,-7.0315e-05,-0.00010503,0.0,0 STARLINK-5194,1 54186U 22141AF  22335.91667824 -.00010503  00000-0 -70315-4 0  9993,2 54186  53.2153 331.3051 0003810   2.4010 353.9305 15.73242548  5756,6727.774,91.531,352.202,347.076,0.0
54186.0,STARLINK-5194,PAYLOAD,2022-12-02 14:00:01,15.7329724,0.000414,53.2158,328.0043,0.5902,173.6317,-0.0024522,-0.00333154,0.0,0 STARLINK-5194,1 54186U 22141AF  22336.58334491 -.00333154  00000-0 -24522-2 0  9995,2 54186  53.2158 328.0043 0004140   0.5902 173.6317 15.73297240  5851,6727.618,91.528,352.26800000000014,346.6980000000001,0.0
54186.0,STARLINK-5194,PAYLOAD,2022-12-02 22:00:00,15.73143828,0.0003823,53.2145,326.3565,5.3547,257.7933,0.00066044,0.00092901,0.0,0 STARLINK-5194,1 54186U 22141AF  22336.91667824  .00092901  00000-0  66044-3 0  9997,2 54186  53.2145 326.3565 0003823   5.3547 257.7933 15.73143828  1308,6728.055,91.536,352.492,347.348,0.0
54186.0,STARLINK-5194,PAYLOAD,2022-12-03 14:00:01,15.73258133,0.000407,53.2146,323.0588,4.7243,76.2861,-0.00047409,-0.00066834,0.0,0 STARLINK-5194,1 54186U 22141AF  22337.58334491 -.00066834  00000-0 -47409-3 0  9994,2 54186  53.2146 323.0588 0004070   4.7243  76.2861 15.73258133  1309,6727.729,91.53,352.333,346.856,0.0
54186.0,STARLINK-5194,PAYLOAD,2022-12-03 22:00:00,15.732355599999998,0.0003886,53.2146,321.4076,7.374,162.6004,-0.00033831,-0.00047929,0.0,0 STARLINK-5194,1 54186U 22141AF  22337.91667824 -.00047929  00000-0 -33831-3 0  9998,2 54186  53.2146 321.4076 0003886   7.3740 162.6004 15.73235560  1306,6727.794,91.531,352.273,347.0440000000001,0.0
54186.0,STARLINK-5194,PAYLOAD,2022-12-04 06:00:00,15.7319643,0.0004135,53.2142,319.7599,9.4174,249.5152,-0.00035874,-0.00050688,0.0,0 STARLINK-5194,1 54186U 22141AF  22338.25001157 -.00050688  00000-0 -35874-3 0  9992,2 54186  53.2142 319.7599 0004135   9.4174 249.5152 15.73196430  6119,6727.905,91.533,352.552,346.98800000000006,0.0
54186.0,STARLINK-5194,PAYLOAD,2022-12-04 14:00:01,15.73182944,0.0004062,53.2137,318.1097,8.1354,339.6956,0.00018041,0.00024762,0.0,0 STARLINK-5194,1 54186U 22141AF  22338.58334491  .00024762  00000-0  18041-3 0  9997,2 54186  53.2137 318.1097 0004062   8.1354 339.6956 15.73182944  6178,6727.944,91.534,352.542,347.076,0.0
54186.0,STARLINK-5194,PAYLOAD,2022-12-04 22:00:00,15.73223609,0.0003804,53.214,316.4587,9.1402,67.6028,7.35e-05,9.717e-05,0.0,0 STARLINK-5194,1 54186U 22141AF  22338.91667824  .00009717  00000-0  73500-4 0  9998,2 54186  53.2140 316.4587 0003804   9.1402  67.6028 15.73223609  1307,6727.828,91.532,352.25199999999984,347.134,0.0
54186.0,STARLINK-5194,PAYLOAD,2022-12-05 14:00:01,15.73203684,0.0003979,53.2141,313.1604,5.06,249.6715,0.00020536,0.0002831,0.0,0 STARLINK-5194,1 54186U 22141AF  22339.58335648  .00028310  00000-0  20536-3 0  9998,2 54186  53.2141 313.1604 0003979   5.0600 249.6715 15.73203684  6323,6727.885,91.533,352.427,347.0730000000001,0.0
54186.0,STARLINK-5194,PAYLOAD,2022-12-05 15:58:17,15.73208917,0.0004183,53.2153,312.7532,15.7811,344.3339,1.1245e-05,9.54e-06,0.0,0 STARLINK-5194,1 54186U 22141AF  22339.66548322  .00000954  00000-0  11245-4 0  9994,2 54186  53.2153 312.7532 0004183  15.7811 344.3339 15.73208917  6342,6727.87,91.533,352.5490000000001,346.92,0.0
54186.0,STARLINK-5194,PAYLOAD,2022-12-06 07:13:04,15.73224057,0.0004118,53.2149,309.6085,15.4172,344.6973,2.6981e-05,3.168e-05,0.0,0 STARLINK-5194,1 54186U 22141AF  22340.30075136  .00003168  00000-0  26981-4 0  9998,2 54186  53.2149 309.6085 0004118  15.4172 344.6973 15.73224057  6441,6727.8269999999975,91.532,352.462,346.921,0.0
54186.0,STARLINK-5194,PAYLOAD,2022-12-06 10:16:03,15.73208194,0.0005046,53.2147,308.9787,25.7203,334.4067,-2.075e-05,-3.541e-05,0.0,0 STARLINK-5194,1 54186U 22141AF  22340.42781378 -.00003541  00000-0 -20750-4 0  9998,2 54186  53.2147 308.9787 0005046  25.7203 334.4067 15.73208194  6232,6727.871999999999,91.533,353.13199999999995,346.342,0.0
54186.0,STARLINK-5194,PAYLOAD,2022-12-06 14:50:30,15.73179914,0.0004745,53.2147,308.036,20.9787,339.1427,-9.7038e-05,-0.00014219,0.0,0 STARLINK-5194,1 54186U 22141AF  22340.61840500 -.00014219  00000-0 -97038-4 0  9999,2 54186  53.2147 308.0360 0004745  20.9787 339.1427 15.73179914  6261,6727.9519999999975,91.534,353.01,346.625,0.0
54186.0,STARLINK-5194,PAYLOAD,2022-12-06 22:27:54,15.73163068,0.0004049,53.2149,306.4649,8.1029,352.0056,-0.00012538,-0.00018163,0.0,0 STARLINK-5194,1 54186U 22141AF  22340.93604979 -.00018163  00000-0 -12538-3 0  9995,2 54186  53.2149 306.4649 0004049   8.1029 352.0056 15.73163068  6545,6728.0,91.535,352.59,347.141,0.0
54186.0,STARLINK-5194,PAYLOAD,2022-12-07 09:08:15,15.73206798,0.0003148,53.2143,304.2637,8.2578,351.8493,5.4621e-05,7.053e-05,0.0,0 STARLINK-5194,1 54186U 22141AF  22341.38073873  .00007053  00000-0  54621-4 0  9992,2 54186  53.2143 304.2637 0003148   8.2578 351.8493 15.73206798  6619,6727.876,91.533,351.8590000000001,347.62300000000016,0.0
54186.0,STARLINK-5194,PAYLOAD,2022-12-07 21:20:07,15.73203475,0.0003929,53.2138,301.7497,18.8269,341.2896,6.9804e-05,9.188e-05,0.0,0 STARLINK-5194,1 54186U 22141AF  22341.88897041  .00009188  00000-0  69804-4 0  9998,2 54186  53.2138 301.7497 0003929  18.8269 341.2896 15.73203475  6697,6727.885,91.533,352.394,347.107,0.0
54186.0,STARLINK-5194,PAYLOAD,2022-12-08 03:26:01,15.73240389,0.0003495,53.2151,300.4909,15.8508,344.2621,0.00018411,0.00025345,0.0,0 STARLINK-5194,1 54186U 22141AF  22342.14307292  .00025345  00000-0  18411-3 0  9992,2 54186  53.2151 300.4909 0003495  15.8508 344.2621 15.73240389  6501,6727.78,91.531,351.996,347.2940000000001,0.0
54186.0,STARLINK-5194,PAYLOAD,2022-12-08 14:06:22,15.73254379,0.0003631,53.2147,298.2908,14.6913,345.4212,0.00013065,0.00017799,0.0,0 STARLINK-5194,1 54186U 22141AF  22342.58775495  .00017799  00000-0  13065-3 0  9998,2 54186  53.2147 298.2908 0003631  14.6913 345.4212 15.73254379  6804,6727.74,91.53,352.048,347.162,0.0
54186.0,STARLINK-5194,PAYLOAD,2022-12-09 06:52:36,15.73266011,0.0003683,53.2147,294.8355,2.1191,357.9845,5.044399999999999e-05,6.483e-05,0.0,0 STARLINK-5194,1 54186U 22141AF  22343.28653193  .00006483  00000-0  50444-4 0  9997,2 54186  53.2147 294.8355 0003683   2.1191 357.9845 15.73266011  6681,6727.706999999999,91.529,352.05,347.094,0.0
54186.0,STARLINK-5194,PAYLOAD,2022-12-09 20:35:49,15.73347766,0.000387,53.2146,292.0065,343.9959,16.0938,0.00018351,0.00025381,0.0,0 STARLINK-5194,1 54186U 22141AF  22343.85821530  .00025381  00000-0  18351-3 0  9990,2 54186  53.2146 292.0065 0003870 343.9959  16.0938 15.73347766  7004,6727.474,91.525,351.94199999999995,346.735,0.0
54186.0,STARLINK-5194,PAYLOAD,2022-12-10 11:50:40,15.73175569,0.0002869,53.2151,288.8631,359.4237,0.6779,-0.00027213,-0.00038608,0.0,0 STARLINK-5194,1 54186U 22141AF  22344.49352786 -.00038608  00000-0 -27213-3 0  9998,2 54186  53.2151 288.8631 0002869 359.4237   0.6779 15.73175569  7103,6727.965,91.535,351.76,347.9,0.0
54186.0,STARLINK-5194,PAYLOAD,2022-12-11 01:33:58,15.73234379,0.0003379,53.2151,286.033,16.6935,343.4196,3.7566e-05,4.66e-05,0.0,0 STARLINK-5194,1 54186U 22141AF  22345.06526604  .00004660  00000-0  37566-4 0  9996,2 54186  53.2151 286.0330 0003379  16.6935 343.4196 15.73234379  7198,6727.797,91.531,351.935,347.389,0.0
54186.0,STARLINK-5194,PAYLOAD,2022-12-11 10:42:46,15.73286821,0.000318,53.2152,284.1481,19.5695,340.5447,5.9692e-05,7.794e-05,0.0,0 STARLINK-5194,1 54186U 22141AF  22345.44637581  .00007794  00000-0  59692-4 0  9990,2 54186  53.2152 284.1481 0003180  19.5695 340.5447 15.73286821  7253,6727.648,91.528,351.652,347.37300000000016,0.0
54186.0,STARLINK-5194,PAYLOAD,2022-12-12 09:34:57,15.73120774,0.0003517,53.2152,279.4313,27.4937,332.6269,-0.00069564,-0.00096848,0.0,0 STARLINK-5194,1 54186U 22141AF  22346.39927593 -.00096848  00000-0 -69564-3 0  9998,2 54186  53.2152 279.4313 0003517  27.4937 332.6269 15.73120774  7400,6728.121,91.538,352.352,347.62,0.0
54186.0,STARLINK-5194,PAYLOAD,2022-12-12 20:15:33,15.73234536,0.0003298,53.2146,277.2288,7.4282,352.6787,9.4854e-05,0.00012732,0.0,0 STARLINK-5194,1 54186U 22141AF  22346.84414298  .00012732  00000-0  94854-4 0  9990,2 54186  53.2146 277.2288 0003298   7.4282 352.6787 15.73234536  7248,6727.797,91.531,351.881,347.4430000000001,0.0
54186.0,STARLINK-5194,PAYLOAD,2022-12-13 02:21:22,15.73388198,0.0002948,53.2154,275.9686,6.5032,353.6026,0.0003703,0.00052101,0.0,0 STARLINK-5194,1 54186U 22141AF  22347.09817329  .00052101  00000-0  37030-3 0  9996,2 54186  53.2154 275.9686 0002948   6.5032 353.6026 15.73388198  7519,6727.359,91.522,351.207,347.24,0.0
54186.0,STARLINK-5194,PAYLOAD,2022-12-13 05:24:05,15.74113378,0.000674,53.2107,275.3405,10.0915,350.0239,0.0028151,0.00432333,0.0,0 STARLINK-5194,1 54186U 22141AF  22347.22506689  .00432333  00000-0  28151-2 0  9997,2 54186  53.2107 275.3405 0006740  10.0915 350.0239 15.74113378  7530,6725.292,91.48,351.69,342.625,0.0
54186.0,STARLINK-5194,PAYLOAD,2022-12-13 22:00:00,15.73243852,0.0003269,53.2135,271.921,10.0395,307.8743,-0.0001612,-0.00023234,0.0,0 STARLINK-5194,1 54186U 22141AF  22347.91667824 -.00023234  00000-0 -16120-3 0  9994,2 54186  53.2135 271.9210 0003269  10.0395 307.8743 15.73243852  7644,6727.77,91.531,351.834,347.436,0.0
54186.0,STARLINK-5194,PAYLOAD,2022-12-14 14:00:01,15.73221942,0.0003133,53.2127,268.6213,5.9062,129.9234,-0.0004877,-0.00068597,0.0,0 STARLINK-5194,1 54186U 22141AF  22348.58334491 -.00068597  00000-0 -48770-3 0  9996,2 54186  53.2127 268.6213 0003133   5.9062 129.9234 15.73221942  1306,6727.833000000001,91.532,351.805,347.59,0.0
54186.0,STARLINK-5194,PAYLOAD,2022-12-14 18:00:00,15.73174519,0.0003039,53.2127,267.7961,7.9892,352.3161,8.6052e-06,5.84e-06,0.0,0 STARLINK-5194,1 54186U 22141AF  22348.75001157  .00000584  00000-0  86052-5 0  9992,2 54186  53.2127 267.7961 0003039   7.9892 352.3161 15.73174519  1313,6727.968000000003,91.535,351.87699999999984,347.788,0.0
54186.0,STARLINK-5194,PAYLOAD,2022-12-15 01:37:22,15.73209275,0.0003511,53.2149,266.2242,5.0207,355.0848,9.9646e-06,7.76e-06,0.0,0 STARLINK-5194,1 54186U 22141AF  22349.06761939  .00000776  00000-0  99646-5 0  9994,2 54186  53.2149 266.2242 0003511   5.0207 355.0848 15.73209275  7829,6727.869000000002,91.533,352.096,347.372,0.0
54186.0,STARLINK-5194,PAYLOAD,2022-12-15 19:55:07,15.73224234,0.0003378,53.2135,262.4525,9.4092,350.6991,1.7322e-05,1.811e-05,0.0,0 STARLINK-5194,1 54186U 22141AF  22349.82994263  .00001811  00000-0  17322-4 0  9997,2 54186  53.2135 262.4525 0003378   9.4092 350.6991 15.73224234  7717,6727.826,91.532,351.964,347.418,0.0
54186.0,STARLINK-5194,PAYLOAD,2022-12-15 22:58:04,15.73230805,0.0003251,53.2132,261.8235,9.1993,350.9086,3.3237e-05,4.051e-05,0.0,0 STARLINK-5194,1 54186U 22141AF  22349.95699445  .00004051  00000-0  33237-4 0  9997,2 54186  53.2132 261.8235 0003251   9.1993 350.9086 15.73230805  7733,6727.807,91.531,351.86,347.485,0.0
54186.0,STARLINK-5194,PAYLOAD,2022-12-16 17:15:49,15.73209335,0.0003117,53.2134,258.0504,8.8359,351.2716,-2.8828e-05,-4.669e-05,0.0,0 STARLINK-5194,1 54186U 22141AF  22350.71932484 -.00004669  00000-0 -28828-4 0  9993,2 54186  53.2134 258.0504 0003117   8.8359 351.2716 15.73209335  8082,6727.869000000002,91.533,351.831,347.636,0.0
54186.0,STARLINK-5194,PAYLOAD,2022-12-16 18:47:18,15.73205027,0.0003218,53.2139,257.7359,13.4553,346.6552,-3.9042e-05,-6.101e-05,0.0,0 STARLINK-5194,1 54186U 22141AF  22350.78285515 -.00006101  00000-0 -39042-4 0  9999,2 54186  53.2139 257.7359 0003218  13.4553 346.6552 15.73205027  7866,6727.880999999999,91.533,351.911,347.581,0.0
54186.0,STARLINK-5194,PAYLOAD,2022-12-17 03:56:12,15.7315434,0.0003184,53.2128,255.8495,12.6469,347.463,-0.00016717,-0.00023978,0.0,0 STARLINK-5194,1 54186U 22141AF  22351.16403873 -.00023978  00000-0 -16717-3 0  9995,2 54186  53.2128 255.8495 0003184  12.6469 347.4630 15.73154340  8153,6728.025,91.536,352.033,347.74800000000016,0.0
54186.0,STARLINK-5194,PAYLOAD,2022-12-18 02:48:26,15.73215578,0.0002984,53.2132,251.1334,16.2316,343.8799,0.00023861,0.00033025,0.0,0 STARLINK-5194,1 54186U 22141AF  22352.11697158  .00033025  00000-0  23861-3 0  9992,2 54186  53.2132 251.1334 0002984  16.2316 343.8799 15.73215578  8301,6727.851,91.532,351.723,347.708,0.0
54186.0,STARLINK-5194,PAYLOAD,2022-12-19 01:40:37,15.73211894,0.0003071,53.2132,246.4178,14.9733,345.1377,7.349299999999997e-06,4.09e-06,0.0,0 STARLINK-5194,1 54186U 22141AF  22353.06987910  .00000409  00000-0  73493-5 0  9993,2 54186  53.2132 246.4178 0003071  14.9733 345.1377 15.73211894  8450,6727.861,91.532,351.792,347.66,0.0
54186.0,STARLINK-5194,PAYLOAD,2022-12-19 23:01:19,15.73232469,0.0002684,53.2131,242.0144,19.0317,341.0803,3.5801e-05,4.412e-05,0.0,0 STARLINK-5194,1 54186U 22141AF  22353.95925261  .00004412  00000-0  35801-4 0  9990,2 54186  53.2131 242.0144 0002684  19.0317 341.0803 15.73232469  8592,6727.803000000001,91.531,351.473,347.862,0.0
54186.0,STARLINK-5194,PAYLOAD,2022-12-20 17:19:04,15.73205526,0.0003759,53.2135,238.2441,355.3318,4.7667,-4.6274e-05,-7.117e-05,0.0,0 STARLINK-5194,1 54186U 22141AF  22354.72157843 -.00007117  00000-0 -46274-4 0  9992,2 54186  53.2135 238.2441 0003759 355.3318   4.7667 15.73205526  8713,6727.879,91.533,352.273,347.215,0.0
54186.0,STARLINK-5194,PAYLOAD,2022-12-21 02:27:58,15.73175724,0.0003122,53.2141,236.3593,17.1213,342.9912,-0.00014843,-0.00021385,0.0,0 STARLINK-5194,1 54186U 22141AF  22355.10276056 -.00021385  00000-0 -14843-3 0  9992,2 54186  53.2141 236.3593 0003122  17.1213 342.9912 15.73175724  8770,6727.964,91.535,351.93,347.72900000000016,0.0
54186.0,STARLINK-5194,PAYLOAD,2022-12-22 01:20:13,15.7316762,0.000314,53.2137,231.6427,18.6465,341.467,5.4423e-05,7.013e-05,0.0,0 STARLINK-5194,1 54186U 22141AF  22356.05571059  .00007013  00000-0  54423-4 0  9997,2 54186  53.2137 231.6427 0003140  18.6465 341.4670 15.73167620  8922,6727.986999999999,91.535,351.965,347.74,0.0
54186.0,STARLINK-5194,PAYLOAD,2022-12-22 08:57:37,15.73185119,0.0002793,53.2135,230.0707,13.6659,346.4436,0.00011775,0.00015927,0.0,0 STARLINK-5194,1 54186U 22141AF  22356.37335183  .00015927  00000-0  11775-3 0  9993,2 54186  53.2135 230.0707 0002793  13.6659 346.4436 15.73185119  8970,6727.938,91.534,351.682,347.923,0.0
54186.0,STARLINK-5194,PAYLOAD,2022-12-22 21:09:28,15.73197394,0.0002944,53.2134,227.5551,16.937,343.1747,9.0914e-05,0.00012156,0.0,0 STARLINK-5194,1 54186U 22141AF  22356.88157714  .00012156  00000-0  90914-4 0  9995,2 54186  53.2134 227.5551 0002944  16.9370 343.1747 15.73197394  8822,6727.903,91.533,351.74800000000016,347.787,0.0
54186.0,STARLINK-5194,PAYLOAD,2022-12-23 00:12:25,15.73216978,0.0002752,53.2131,226.9278,17.1288,342.9825,0.00012855,0.00017472,0.0,0 STARLINK-5194,1 54186U 22141AF  22357.00862725  .00017472  00000-0  12855-3 0  9998,2 54186  53.2131 226.9278 0002752  17.1288 342.9825 15.73216978  9078,6727.847,91.532,351.56300000000016,347.86,0.0
54186.0,STARLINK-5194,PAYLOAD,2022-12-24 02:07:34,15.73234556,0.0003108,53.213,221.5816,21.457,338.658,7.042100000000001e-05,9.288e-05,0.0,0 STARLINK-5194,1 54186U 22141AF  22358.08859083  .00009288  00000-0  70421-4 0  9990,2 54186  53.2130 221.5816 0003108  21.4570 338.6580 15.73234556  9245,6727.797,91.531,351.75300000000016,347.571,0.0
54186.0,STARLINK-5194,PAYLOAD,2022-12-24 08:13:28,15.7324309,0.0003107,53.2128,220.3244,21.0373,339.0775,7.4746e-05,9.901e-05,0.0,0 STARLINK-5194,1 54186U 22141AF  22358.34269532  .00009901  00000-0  74746-4 0  9999,2 54186  53.2128 220.3244 0003107  21.0373 339.0775 15.73243090  9053,6727.772,91.531,351.728,347.547,0.0
54186.0,STARLINK-5194,PAYLOAD,2022-12-24 17:22:21,15.73220102,0.0002883,53.2121,218.4389,8.0852,352.0214,2.3862e-06,-2.88e-06,0.0,0 STARLINK-5194,1 54186U 22141AF  22358.72386242 -.00000288  00000-0  23862-5 0  9993,2 54186  53.2121 218.4389 0002883   8.0852 352.0214 15.73220102  9345,6727.8380000000025,91.532,351.642,347.76300000000015,0.0
54186.0,STARLINK-5194,PAYLOAD,2022-12-24 20:25:19,15.73222421,0.0002756,53.2122,217.8103,9.9851,350.1224,9.3935e-06,6.97e-06,0.0,0 STARLINK-5194,1 54186U 22141AF  22358.85091661  .00000697  00000-0  93935-5 0  9996,2 54186  53.2122 217.8103 0002756   9.9851 350.1224 15.73222421  9134,6727.831,91.532,351.55,347.842,0.0
54186.0,STARLINK-5194,PAYLOAD,2022-12-24 23:28:16,15.73230361,0.0002794,53.2123,217.1797,12.9947,347.1145,2.8452e-05,3.378e-05,0.0,0 STARLINK-5194,1 54186U 22141AF  22358.97796778  .00003378  00000-0  28452-4 0  9990,2 54186  53.2123 217.1797 0002794  12.9947 347.1145 15.73230361  9386,6727.809,91.531,351.55300000000005,347.7940000000001,0.0
54186.0,STARLINK-5194,PAYLOAD,2022-12-25 14:43:05,15.73206641,0.0002827,53.2132,214.0369,16.8513,343.2601,-2.8293e-05,-4.593e-05,0.0,0 STARLINK-5194,1 54186U 22141AF  22359.61325323 -.00004593  00000-0 -28293-4 0  9991,2 54186  53.2132 214.0369 0002827  16.8513 343.2601 15.73206641  9485,6727.876,91.533,351.64300000000014,347.839,0.0
54186.0,STARLINK-5194,PAYLOAD,2022-12-25 20:49:00,15.73201544,0.000282,53.2124,212.778,12.5305,347.5784,-1.1563e-05,-2.245e-05,0.0,0 STARLINK-5194,1 54186U 22141AF  22359.86736633 -.00002245  00000-0 -11563-4 0  9992,2 54186  53.2124 212.7780 0002820  12.5305 347.5784 15.73201544  9298,6727.891,91.533,351.653,347.8590000000001,0.0
54186.0,STARLINK-5194,PAYLOAD,2022-12-26 01:23:28,15.73150481,0.0004077,53.2124,211.8353,20.0313,340.0867,-0.00015175,-0.00021832,0.0,0 STARLINK-5194,1 54186U 22141AF  22360.05796715 -.00021832  00000-0 -15175-3 0  9997,2 54186  53.2124 211.8353 0004077  20.0313 340.0867 15.73150481  9555,6728.036,91.536,352.644,347.158,0.0
54186.0,STARLINK-5194,PAYLOAD,2022-12-26 07:29:22,15.73227014,0.0005558,53.2127,210.5784,20.4866,339.6376,0.00013016,0.00017715,0.0,0 STARLINK-5194,1 54186U 22141AF  22360.31206386  .00017715  00000-0  13016-3 0  9991,2 54186  53.2127 210.5784 0005558  20.4866 339.6376 15.73227014  9594,6727.818,91.532,353.422,345.944,0.0
54186.0,STARLINK-5194,PAYLOAD,2022-12-26 13:35:21,15.73005664,0.0005759,53.2126,209.322,275.1922,84.8441,-0.00055844,-0.00077721,0.0,0 STARLINK-5194,1 54186U 22141AF  22360.56622122 -.00077721  00000-0 -55844-3 0  9998,2 54186  53.2126 209.3220 0005759 275.1922  84.8441 15.73005664  9406,6728.449000000001,91.544,354.189,346.439,0.0
54186.0,STARLINK-5194,PAYLOAD,2022-12-26 16:38:52,15.72104762,0.000328,53.2126,208.6948,308.3548,51.7177,-0.0028175,-0.00362329,0.0,0 STARLINK-5194,1 54186U 22141AF  22360.69366364 -.00362329  00000-0 -28175-2 0  9992,2 54186  53.2126 208.6948 0003280 308.3548  51.7177 15.72104762  9659,6731.02,91.597,355.092,350.677,0.0
54186.0,STARLINK-5194,PAYLOAD,2022-12-26 21:13:19,15.72430977,0.0006911,53.2119,207.7524,278.6618,81.3619,-0.0012609,-0.00168764,0.0,0 STARLINK-5194,1 54186U 22141AF  22360.88425117 -.00168764  00000-0 -12609-2 0  9997,2 54186  53.2119 207.7524 0006911 278.6618  81.3619 15.72430977  9450,6730.089,91.578,356.605,347.302,0.0
54186.0,STARLINK-5194,PAYLOAD,2022-12-27 06:00:00,15.70220864,0.0003995,53.2167,205.9441,268.9589,359.6736,-0.009941,-0.01101644,0.0,0 STARLINK-5194,1 54186U 22141AF  22361.25001157 -.01101644  00000-0 -99410-2 0  9993,2 54186  53.2167 205.9441 0003995 268.9589 359.6736 15.70220864  9731,6736.401999999999,91.707,360.958,355.576,0.0
54186.0,STARLINK-5194,PAYLOAD,2022-12-27 14:00:01,15.69393613,0.0005356,53.2166,204.3021,269.4275,84.0755,-0.010066,-0.01080717,0.0,0 STARLINK-5194,1 54186U 22141AF  22361.58334491 -.01080717  00000-0 -10066-1 0  9995,2 54186  53.2166 204.3021 0005356 269.4275  84.0755 15.69393613  1304,6738.769,91.755,364.244,357.025,0.0
54186.0,STARLINK-5194,PAYLOAD,2022-12-27 22:00:00,15.6865607,1.4800000000000002e-05,53.2169,202.665,283.4974,153.8593,-0.011561,-0.01207664,0.0,0 STARLINK-5194,1 54186U 22141AF  22361.91667824 -.01207664  00000-0 -11561-1 0  9994,2 54186  53.2169 202.6650 0000148 283.4974 153.8593 15.68656070  1305,6740.880999999999,91.798,362.846,362.647,0.0
54186.0,STARLINK-5194,PAYLOAD,2022-12-28 00:00:00,15.68399682,4.36e-05,53.2172,202.2551,81.9642,106.2366,-0.010902,-0.0113436,0.0,0 STARLINK-5194,1 54186U 22141AF  22362.00001157 -.01134360  00000-0 -10902-1 0  9996,2 54186  53.2172 202.2551 0000436  81.9642 106.2366 15.68399682  9859,6741.616,91.813,363.775,363.187,0.0
54186.0,STARLINK-5194,PAYLOAD,2022-12-28 14:00:01,15.669811800000002,0.0001311,53.2168,199.3901,54.1311,188.0888,-0.011615,-0.0113986,0.0,0 STARLINK-5194,1 54186U 22141AF  22362.58334491 -.01139860  00000-0 -11615-1 0  9991,2 54186  53.2168 199.3901 0001311  54.1311 188.0888 15.66981180  1304,6745.684,91.896,368.4330000000001,366.665,0.0
54186.0,STARLINK-5194,PAYLOAD,2022-12-28 22:00:00,15.66171474,0.000109,53.217,197.7588,80.9316,242.2396,-0.012088,-0.01146986,0.0,0 STARLINK-5194,1 54186U 22141AF  22362.91667824 -.01146986  00000-0 -12088-1 0  9999,2 54186  53.2170 197.7588 0001090  80.9316 242.2396 15.66171474  1300,6748.009,91.944,370.609,369.138,0.0
54186.0,STARLINK-5194,PAYLOAD,2022-12-29 08:00:01,15.65145459,0.0001244,53.2174,195.7172,64.1836,88.8102,-0.0124319999999999,-0.01133208,0.0,0 STARLINK-5194,1 54186U 22141AF  22363.33334491 -.01133208  00000-0 -12432-1 0  9993,2 54186  53.2174 195.7172 0001244  64.1836  88.8102 15.65145459 10068,6750.956999999999,92.004,373.662,371.983,0.0
54186.0,STARLINK-5194,PAYLOAD,2022-12-29 14:00:01,15.64541649,0.0001317,53.2167,194.496,55.1576,66.9896,-0.0128479999999999,-0.01142202,0.0,0 STARLINK-5194,1 54186U 22141AF  22363.58334491 -.01142202  00000-0 -12848-1 0  9995,2 54186  53.2167 194.4960 0001317  55.1576  66.9896 15.64541649  1307,6752.694,92.04,375.449,373.67,0.0
54186.0,STARLINK-5194,PAYLOAD,2022-12-30 06:00:00,15.62915726,0.0001151,53.217,191.2434,69.9591,207.2504,-0.013747,-0.0114527,0.0,0 STARLINK-5194,1 54186U 22141AF  22364.25001157 -.01145270  00000-0 -13747-1 0  9997,2 54186  53.2170 191.2434 0001151  69.9591 207.2504 15.62915726 10213,6757.377,92.135,380.02,378.464,0.0
54186.0,STARLINK-5194,PAYLOAD,2022-12-30 14:00:01,15.62102016,0.0001193,53.2169,189.6196,49.8984,303.3751,-0.014172,-0.01143667,0.0,0 STARLINK-5194,1 54186U 22141AF  22364.58334491 -.01143667  00000-0 -14172-1 0  9994,2 54186  53.2169 189.6196 0001193  49.8984 303.3751 15.62102016  1308,6759.723000000001,92.183,382.395,380.782,0.0
54186.0,STARLINK-5194,PAYLOAD,2022-12-31 08:00:01,15.60262269,0.0001254,53.2175,185.9731,59.2478,191.6001,-0.015027,-0.01130299,0.0,0 STARLINK-5194,1 54186U 22141AF  22365.33334491 -.01130299  00000-0 -15027-1 0  9995,2 54186  53.2175 185.9731 0001254  59.2478 191.6001 15.60262269 10378,6765.036,92.292,387.749,386.05300000000005,0.0
54186.0,STARLINK-5194,PAYLOAD,2022-12-31 14:00:01,15.59658702,0.0001414,53.2169,184.7609,57.1142,158.4866,-0.015519,-0.01139564,0.0,0 STARLINK-5194,1 54186U 22141AF  22365.58334491 -.01139564  00000-0 -15519-1 0  9992,2 54186  53.2169 184.7609 0001414  57.1142 158.4866 15.59658702  1307,6766.781,92.328,389.603,387.689,0.0
54186.0,STARLINK-5194,PAYLOAD,2022-12-31 22:00:00,15.5884583,0.0001210999999999,53.2168,183.1475,64.2962,223.4558,-0.016026,-0.01140536,0.0,0 STARLINK-5194,1 54186U 22141AF  22365.91667824 -.01140536  00000-0 -16026-1 0  9993,2 54186  53.2168 183.1475 0001211  64.2962 223.4558 15.58845830  1304,6769.1330000000025,92.376,391.818,390.179,0.0
54186.0,STARLINK-5194,PAYLOAD,2023-01-01 08:00:01,15.57820726,0.0001357,53.2173,181.1277,49.1669,57.4071,-0.016484,-0.01129488,0.0,0 STARLINK-5194,1 54186U 22141AF  23001.33334491 -.01129488  00000-0 -16484-1 0  9999,2 54186  53.2173 181.1277 0001357  49.1669  57.4071 15.57820726 10531,6772.103,92.437,394.886,393.049,0.0
54186.0,STARLINK-5194,PAYLOAD,2023-01-01 14:00:01,15.57224431,0.0001452,53.2165,179.92,47.5355,21.588,-0.017184,-0.01149154,0.0,0 STARLINK-5194,1 54186U 22141AF  23001.58334491 -.01149154  00000-0 -17184-1 0  9996,2 54186  53.2165 179.9200 0001452  47.5355  21.5880 15.57224431  1309,6773.831,92.472,396.68,394.713,0.0
54186.0,STARLINK-5194,PAYLOAD,2023-01-02 00:00:00,15.56194579,0.0001236,53.2171,177.9091,69.4814,176.0186,-0.017537,-0.01130197,0.0,0 STARLINK-5194,1 54186U 22141AF  23002.00001157 -.01130197  00000-0 -17537-1 0  9993,2 54186  53.2171 177.9091 0001236  69.4814 176.0186 15.56194579  1308,6776.819,92.533,399.522,397.847,0.0
54186.0,STARLINK-5194,PAYLOAD,2023-01-02 08:00:01,15.55377732,0.000129,53.2173,176.3001,48.8154,264.6845,-0.018011,-0.0112636,0.0,0 STARLINK-5194,1 54186U 22141AF  23002.33334491 -.01126360  00000-0 -18011-1 0  9994,2 54186  53.2173 176.3001 0001290  48.8154 264.6845 15.55377732 10693,6779.191999999999,92.582,401.931,400.182,0.0
54186.0,STARLINK-5194,PAYLOAD,2023-01-02 14:00:01,15.547847400000002,0.0001272,53.2168,175.0969,52.3172,221.5299,-0.018829,-0.01149421,0.0,0 STARLINK-5194,1 54186U 22141AF  23002.58334491 -.01149421  00000-0 -18829-1 0  9991,2 54186  53.2168 175.0969 0001272  52.3172 221.5299 15.54784740  1309,6780.915,92.617,403.643,401.918,0.0
54186.0,STARLINK-5194,PAYLOAD,2023-01-02 22:00:00,15.53965527,0.0001306,53.2168,173.4949,49.5592,290.5755,-0.019266,-0.01141918,0.0,0 STARLINK-5194,1 54186U 22141AF  23002.91667824 -.01141918  00000-0 -19266-1 0  9996,2 54186  53.2168 173.4949 0001306  49.5592 290.5755 15.53965527  1307,6783.2980000000025,92.666,406.049,404.277,0.0
54186.0,STARLINK-5194,PAYLOAD,2023-01-03 04:00:00,15.53372604,0.0001383,53.2166,172.2921,45.9465,253.252,-0.020109,-0.01163861,0.0,0 STARLINK-5194,1 54186U 22141AF  23003.16667824 -.01163861  00000-0 -20109-1 0  9993,2 54186  53.2166 172.2921 0001383  45.9465 253.2520 15.53372604 10827,6785.024,92.702,407.828,405.951,0.0
54186.0,STARLINK-5194,PAYLOAD,2023-01-03 14:00:01,15.52339746,0.0001648,53.2168,170.2913,43.0166,66.757,-0.020494,-0.01144501,0.0,0 STARLINK-5194,1 54186U 22141AF  23003.58334491 -.01144501  00000-0 -20494-1 0  9997,2 54186  53.2168 170.2913 0001648  43.0166  66.7570 15.52339746  1303,6788.034000000002,92.763,411.017,408.78,0.0
54186.0,STARLINK-5194,PAYLOAD,2023-01-04 06:00:00,15.50568521,0.0001436,53.2172,167.0965,39.6972,195.8308,-0.013516,-0.00727428,0.0,0 STARLINK-5194,1 54186U 22141AF  23004.25001157 -.00727428  00000-0 -13516-1 0  9993,2 54186  53.2172 167.0965 0001436  39.6972 195.8308 15.50568521 10980,6793.2019999999975,92.869,416.043,414.092,0.0
54186.0,STARLINK-5194,PAYLOAD,2023-01-04 14:00:01,15.4994173,0.0001702,53.2165,165.5033,43.1681,253.8499,-0.001625,-0.00091793,0.0,0 STARLINK-5194,1 54186U 22141AF  23004.58335648 -.00091793  00000-0 -16250-2 0  9992,2 54186  53.2165 165.5033 0001702  43.1681 253.8499 15.49941730  1301,6795.033,92.907,418.055,415.742,0.0
54186.0,STARLINK-5194,PAYLOAD,2023-01-04 16:00:00,15.49881833,0.0001672,53.217,165.1053,39.4781,2.7321,8.669e-05,4.471e-05,0.0,0 STARLINK-5194,1 54186U 22141AF  23004.66667824  .00004471  00000-0  86690-4 0  9997,2 54186  53.2170 165.1053 0001672  39.4781   2.7321 15.49881833 11055,6795.208000000001,92.91,418.21,415.937,0.0
54186.0,STARLINK-5194,PAYLOAD,2023-01-04 22:00:00,15.4995818,0.0001621,53.2126,163.9161,40.1448,317.7666,-0.00066563,-0.00038145,0.0,0 STARLINK-5194,1 54186U 22141AF  23004.91667824 -.00038145  00000-0 -66563-3 0  9998,2 54186  53.2126 163.9161 0001621  40.1448 317.7666 15.49958180 11090,6794.985,92.906,417.952,415.749,0.0
54186.0,STARLINK-5194,PAYLOAD,2023-01-05 14:00:01,15.498915099999998,0.0001826,53.2137,160.7284,53.1019,66.7327,-0.00073382,-0.00041889,0.0,0 STARLINK-5194,1 54186U 22141AF  23005.58334491 -.00041889  00000-0 -73382-3 0  9999,2 54186  53.2137 160.7284 0001826  53.1019  66.7327 15.49891510  1309,6795.18,92.91,418.286,415.804,0.0
54186.0,STARLINK-5194,PAYLOAD,2023-01-05 20:00:01,15.49862821,0.0001911,53.2138,159.5347,47.4457,28.0725,-0.00068805,-0.00039278,0.0,0 STARLINK-5194,1 54186U 22141AF  23005.83334491 -.00039278  00000-0 -68805-3 0  9990,2 54186  53.2138 159.5347 0001911  47.4457  28.0725 15.49862821  1309,6795.264,92.911,418.42800000000005,415.83,0.0
54186.0,STARLINK-5194,PAYLOAD,2023-01-06 08:00:01,15.49822807,0.0001718,53.2137,157.1429,49.4682,297.3669,0.0013039,0.00074093,0.0,0 STARLINK-5194,1 54186U 22141AF  23006.33334491  .00074093  00000-0  13039-2 0  9996,2 54186  53.2137 157.1429 0001718  49.4682 297.3669 15.49822807 11310,6795.380999999999,92.914,418.413,416.079,0.0
54186.0,STARLINK-5194,PAYLOAD,2023-01-06 22:00:00,15.49864801,0.0001965,53.2134,154.3573,42.1483,321.2198,0.00080424,0.00045427,0.0,0 STARLINK-5194,1 54186U 22141AF  23006.91667824  .00045427  00000-0  80424-3 0  9991,2 54186  53.2134 154.3573 0001965  42.1483 321.2198 15.49864801 11403,6795.258000000002,92.911,418.458,415.788,0.0
54186.0,STARLINK-5194,PAYLOAD,2023-01-07 06:00:00,15.49907077,0.0001859,53.2154,152.7603,45.5842,18.6907,-0.00068524,-0.00039181,0.0,0 STARLINK-5194,1 54186U 22141AF  23007.25001157 -.00039181  00000-0 -68524-3 0  9999,2 54186  53.2154 152.7603 0001859  45.5842  18.6907 15.49907077  1305,6795.135,92.909,418.263,415.736,0.0
54186.0,STARLINK-5194,PAYLOAD,2023-01-07 14:00:01,15.4997951,0.0001828,53.2166,151.1663,51.464,73.7356,-0.014605,-0.00766494,0.0,0 STARLINK-5194,1 54186U 22141AF  23007.58334491 -.00766494  00000-0 -14605-1 0  9998,2 54186  53.2166 151.1663 0001828  51.4640  73.7356 15.49979510 11509,6794.923000000002,92.904,418.03,415.546,0.0
54186.0,STARLINK-5194,PAYLOAD,2023-01-07 22:00:00,15.49423185,0.0001965,53.2165,149.57399999999996,37.1466,148.77200000000005,-0.021409,-0.01083084,0.0,0 STARLINK-5194,1 54186U 22141AF  23007.91667824 -.01083084  00000-0 -21409-1 0  9992,2 54186  53.2165 149.5740 0001965  37.1466 148.7720 15.49423185 11559,6796.549,92.938,419.75,417.079,0.0
54186.0,STARLINK-5194,PAYLOAD,2023-01-08 00:00:00,15.49256475,0.000172,53.2169,149.175,34.5734,256.3959,-0.02268,-0.01151747,0.0,0 STARLINK-5194,1 54186U 22141AF  23008.00001157 -.01151747  00000-0 -22680-1 0  9998,2 54186  53.2169 149.1750 0001720  34.5734 256.3959 15.49256475  1306,6797.036999999998,92.948,420.071,417.733,0.0
54186.0,STARLINK-5194,PAYLOAD,2023-01-08 09:35:24,15.4903084,0.0004366,53.2149,147.2729,128.118,232.0224,-0.0023133,-0.00125877,0.0,0 STARLINK-5194,1 54186U 22141AF  23008.39959215 -.00125877  00000-0 -23133-2 0  9996,2 54186  53.2149 147.2729 0004366 128.1180 232.0224 15.49030840 11632,6797.696999999999,92.961,422.53,416.594,0.0
54186.0,STARLINK-5194,PAYLOAD,2023-01-08 22:00:00,15.47030471,0.0001771999999999,53.2166,144.8066,31.3669,331.2943,-0.024874,-0.01166689,0.0,0 STARLINK-5194,1 54186U 22141AF  23008.91667824 -.01166689  00000-0 -24874-1 0  9995,2 54186  53.2166 144.8066 0001772  31.3669 331.2943 15.47030471 11710,6803.555,93.082,426.626,424.215,0.0
54186.0,STARLINK-5194,PAYLOAD,2023-01-09 14:00:01,15.45389428,0.0001934,53.2171,141.6373,30.8073,84.8151,-0.025879,-0.01148413,0.0,0 STARLINK-5194,1 54186U 22141AF  23009.58334491 -.01148413  00000-0 -25879-1 0  9991,2 54186  53.2171 141.6373 0001934  30.8073  84.8151 15.45389428  1308,6808.371,93.18,431.55300000000005,428.919,0.0
54186.0,STARLINK-5194,PAYLOAD,2023-01-09 22:00:00,15.4457242,0.0001968,53.2173,140.0557,32.7774,137.8566,-0.026477,-0.01142925,0.0,0 STARLINK-5194,1 54186U 22141AF  23009.91667824 -.01142925  00000-0 -26477-1 0  9994,2 54186  53.2173 140.0557 0001968  32.7774 137.8566 15.44572420 11869,6810.772,93.23,433.977,431.296,0.0
54186.0,STARLINK-5194,PAYLOAD,2023-01-10 00:00:00,15.44370664,0.0001756,53.2173,139.6602,33.9282,240.3053,-0.026742,-0.0114606,0.0,0 STARLINK-5194,1 54186U 22141AF  23010.00001157 -.01146060  00000-0 -26742-1 0  9996,2 54186  53.2173 139.6602 0001756  33.9282 240.3053 15.44370664  1301,6811.365,93.242,434.426,432.034,0.0
54186.0,STARLINK-5194,PAYLOAD,2023-01-10 14:00:01,15.42951899,0.0001164,53.2178,136.8983,43.8084,233.9084,-0.02819,-0.01150539,0.0,0 STARLINK-5194,1 54186U 22141AF  23010.58334491 -.01150539  00000-0 -28190-1 0  9994,2 54186  53.2178 136.8983 0001164  43.8084 233.9084 15.42951899  1305,6815.54,93.328,438.198,436.611,0.0
54186.0,STARLINK-5194,PAYLOAD,2023-01-10 22:00:00,15.42162466,0.0001489,53.2166,135.3243,44.3201,285.4621,-0.029937,-0.01186311,0.0,0 STARLINK-5194,1 54186U 22141AF  23010.91667824 -.01186311  00000-0 -29937-1 0  9997,2 54186  53.2166 135.3243 0001489  44.3201 285.4621 15.42162466 12026,6817.865,93.375,440.746,438.715,0.0
54186.0,STARLINK-5194,PAYLOAD,2023-01-11 14:00:01,15.40503909,0.0001606,53.2176,132.1782,42.0183,28.9987,-0.030371,-0.01142521,0.0,0 STARLINK-5194,1 54186U 22141AF  23011.58334491 -.01142521  00000-0 -30371-1 0  9991,2 54186  53.2176 132.1782 0001606  42.0183  28.9987 15.40503909 12120,6822.758000000002,93.476,445.719,443.527,0.0
54186.0,STARLINK-5194,PAYLOAD,2023-01-11 22:00:00,15.39689216,0.0001665,53.2171,130.6083,43.6408,76.5195,-0.031136,-0.01140237,0.0,0 STARLINK-5194,1 54186U 22141AF  23011.91667824 -.01140237  00000-0 -31136-1 0  9999,2 54186  53.2171 130.6083 0001665  43.6408  76.5195 15.39689216  1306,6825.165,93.525,448.166,445.893,0.0
54186.0,STARLINK-5194,PAYLOAD,2023-01-12 22:00:00,15.37250755,0.0001555,53.2171,125.911,45.6087,216.1121,-0.03386,-0.01144073,0.0,0 STARLINK-5194,1 54186U 22141AF  23012.91667824 -.01144073  00000-0 -33860-1 0  9998,2 54186  53.2171 125.9110 0001555  45.6087 216.1121 15.37250755 12333,6832.38,93.674,455.3080000000001,453.1830000000001,0.0
54186.0,STARLINK-5194,PAYLOAD,2023-01-13 14:00:01,15.35607059,0.0001153,53.2144,122.794,77.5598,273.6878,-0.035009,-0.01123299,0.0,0 STARLINK-5194,1 54186U 22141AF  23013.58334491 -.01123299  00000-0 -35009-1 0  9997,2 54186  53.2144 122.7940 0001153  77.5598 273.6878 15.35607059  1307,6837.255,93.774,459.908,458.332,0.0
54186.0,STARLINK-5194,PAYLOAD,2023-01-13 22:00:00,15.3483824,0.0001078,53.2135,121.2356,68.3929,326.1173,-0.038514,-0.01198095,0.0,0 STARLINK-5194,1 54186U 22141AF  23013.91667824 -.01198095  00000-0 -38514-1 0  9993,2 54186  53.2135 121.2356 0001078  68.3929 326.1173 15.34838240 12484,6839.5380000000005,93.821,462.14,460.666,0.0
54186.0,STARLINK-5194,PAYLOAD,2023-01-14 14:00:01,15.33162323,0.0001365999999999,53.2138,118.1255,70.7199,47.4229,-0.037578,-0.01115732,0.0,0 STARLINK-5194,1 54186U 22141AF  23014.58334491 -.01115732  00000-0 -37578-1 0  9994,2 54186  53.2138 118.1255 0001366  70.7199  47.4229 15.33162323 12583,6844.521,93.924,467.321,465.451,0.0
54186.0,STARLINK-5194,PAYLOAD,2023-01-15 06:00:00,15.31561942,0.0001408,53.2142,115.0206,96.3307,101.5039,-0.0405839999999999,-0.01142983,0.0,0 STARLINK-5194,1 54186U 22141AF  23015.25001157 -.01142983  00000-0 -40584-1 0  9998,2 54186  53.2142 115.0206 0001408  96.3307 101.5039 15.31561942 12682,6849.289000000001,94.022,472.11800000000005,470.189,0.0
54186.0,STARLINK-5194,PAYLOAD,2023-01-15 14:00:01,15.30715295,0.0001367,53.2143,113.4737,87.4009,148.8364,-0.04016,-0.01104904,0.0,0 STARLINK-5194,1 54186U 22141AF  23015.58334491 -.01104904  00000-0 -40160-1 0  9995,2 54186  53.2143 113.4737 0001367  87.4009 148.8364 15.30715295  1301,6851.814,94.074,474.616,472.742,0.0
54186.0,STARLINK-5194,PAYLOAD,2023-01-15 22:00:01,15.29946495,0.0001246,53.2145,111.9263,87.6101,186.0876,-0.044474,-0.01202801,0.0,0 STARLINK-5194,1 54186U 22141AF  23015.91668981 -.01202801  00000-0 -44474-1 0  9993,2 54186  53.2145 111.9263 0001246  87.6101 186.0876 15.29946495 12794,6854.109,94.121,476.828,475.12,0.0
54186.0,STARLINK-5194,PAYLOAD,2023-01-16 14:00:01,15.28275748,0.0001234,53.215,108.8394,81.5467,263.9818,-0.043328,-0.01105102,0.0,0 STARLINK-5194,1 54186U 22141AF  23016.58334491 -.01105102  00000-0 -43328-1 0  9996,2 54186  53.2150 108.8394 0001234  81.5467 263.9818 15.28275748 12892,6859.104,94.224,481.815,480.122,0.0
54186.0,STARLINK-5194,PAYLOAD,2023-01-16 22:00:00,15.2749722,0.0001179,53.2152,107.2975,76.7522,303.2448,-0.0473339999999999,-0.01188155,0.0,0 STARLINK-5194,1 54186U 22141AF  23016.91667824 -.01188155  00000-0 -47334-1 0  9992,2 54186  53.2152 107.2975 0001179  76.7522 303.2448 15.27497220  1309,6861.434,94.272,484.108,482.49,0.0
54186.0,STARLINK-5194,PAYLOAD,2023-01-17 22:00:00,15.25048468,0.0001315,53.2159,102.6863,79.0938,38.4641,-0.050371,-0.01174807,0.0,0 STARLINK-5194,1 54186U 22141AF  23017.91667824 -.01174807  00000-0 -50371-1 0  9997,2 54186  53.2159 102.6863 0001315  79.0938  38.4641 15.25048468  1306,6868.776999999999,94.423,491.545,489.739,0.0
54186.0,STARLINK-5194,PAYLOAD,2023-01-18 00:00:00,15.24811679,0.0001354,53.2161,102.3023,90.086,125.2144,-0.047885,-0.01099507,0.0,0 STARLINK-5194,1 54186U 22141AF  23018.00001157 -.01099507  00000-0 -47885-1 0  9998,2 54186  53.2161 102.3023 0001354  90.0860 125.2144 15.24811679 13110,6869.488,94.438,492.283,490.423,0.0
54186.0,STARLINK-5194,PAYLOAD,2023-01-18 14:00:01,15.23392779,0.0001401,53.2164,99.6231,84.1392,93.5718,-0.049964,-0.01099402,0.0,0 STARLINK-5194,1 54186U 22141AF  23018.58334491 -.01099402  00000-0 -49964-1 0  9995,2 54186  53.2164  99.6231 0001401  84.1392  93.5718 15.23392779  1305,6873.753000000001,94.526,496.581,494.655,0.0
54186.0,STARLINK-5194,PAYLOAD,2023-01-18 16:00:00,15.23195872,0.0001278,53.2164,99.2408,87.6926,187.2586,-0.050511,-0.01104419,0.0,0 STARLINK-5194,1 54186U 22141AF  23018.66667824 -.01104419  00000-0 -50511-1 0  9998,2 54186  53.2164  99.2408 0001278  87.6926 187.2586 15.23195872 13212,6874.345,94.538,497.089,495.332,0.0
54186.0,STARLINK-5194,PAYLOAD,2023-01-18 22:00:00,15.22601557,0.0001381,53.2165,98.0925,88.5955,117.7222,-0.0537299999999999,-0.01165359,0.0,0 STARLINK-5194,1 54186U 22141AF  23018.91667824 -.01165359  00000-0 -53730-1 0  9992,2 54186  53.2165  98.0925 0001381  88.5955 117.7222 15.22601557  1304,6876.134,94.575,498.949,497.049,0.0
54186.0,STARLINK-5194,PAYLOAD,2023-01-19 06:00:00,15.21815084,0.0001516,53.2168,96.5648,96.8909,137.0403,-0.0562649999999999,-0.011901,0.0,0 STARLINK-5194,1 54186U 22141AF  23019.25001157 -.01190100  00000-0 -56265-1 0  9999,2 54186  53.2168  96.5648 0001516  96.8909 137.0403 15.21815084 13303,6878.503000000001,94.624,501.411,499.325,0.0
54186.0,STARLINK-5194,PAYLOAD,2023-01-19 14:00:01,15.20949352,0.0001365,53.2169,95.0411,85.4886,175.1135,-0.0534279999999999,-0.01108041,0.0,0 STARLINK-5194,1 54186U 22141AF  23019.58334491 -.01108041  00000-0 -53428-1 0  9996,2 54186  53.2169  95.0411 0001365  85.4886 175.1135 15.20949352  1303,6881.113,94.678,503.917,502.038,0.0
54186.0,STARLINK-5194,PAYLOAD,2023-01-20 04:00:00,15.19555092,0.0001485,53.217,92.3741,93.4536,121.4261,-0.0580059999999999,-0.01151214,0.0,0 STARLINK-5194,1 54186U 22141AF  23020.16667824 -.01151214  00000-0 -58006-1 0  9998,2 54186  53.2170  92.3741 0001485  93.4536 121.4261 15.19555092 13449,6885.321,94.765,508.209,506.164,0.0
54186.0,STARLINK-5194,PAYLOAD,2023-01-20 16:00:00,15.18322525,0.000127,53.217,90.0966,69.1259,1.3367,-0.059112,-0.0113323,0.0,0 STARLINK-5194,1 54186U 22141AF  23020.66667824 -.01133230  00000-0 -59112-1 0  9990,2 54186  53.2170  90.0966 0001270  69.1259   1.3367 15.18322525  1304,6889.047,94.842,511.787,510.037,0.0
54186.0,STARLINK-5194,PAYLOAD,2023-01-20 22:00:00,15.1767331,9.27e-05,53.2173,88.9568,81.8982,275.55,-0.0578539999999999,-0.01091667,0.0,0 STARLINK-5194,1 54186U 22141AF  23020.91667824 -.01091667  00000-0 -57854-1 0  9996,2 54186  53.2173  88.9568 0000927  81.8982 275.5500 15.17673310 13557,6891.012,94.882,513.515,512.238,0.0
54186.0,STARLINK-5194,PAYLOAD,2023-01-21 14:00:01,15.1606519,0.0001266,53.2175,85.9283,72.1556,327.8264,-0.061347,-0.01104286,0.0,0 STARLINK-5194,1 54186U 22141AF  23021.58334491 -.01104286  00000-0 -61347-1 0  9995,2 54186  53.2175  85.9283 0001266  72.1556 327.8264 15.16065190 13656,6895.884,94.983,518.622,516.876,0.0
54186.0,STARLINK-5194,PAYLOAD,2023-01-22 06:00:00,15.14488226,0.0001371,53.2175,82.9041,80.4,358.2045,-0.069769,-0.0119294,0.0,0 STARLINK-5194,1 54186U 22141AF  23022.25001157 -.01192940  00000-0 -69769-1 0  9990,2 54186  53.2175  82.9041 0001371  80.4000 358.2045 15.14488226 13751,6900.67,95.082,523.481,521.589,0.0
54186.0,STARLINK-5194,PAYLOAD,2023-01-22 22:00:00,15.12813132,0.0001308,53.2177,79.8889,75.1649,38.1837,-0.068325,-0.01120141,0.0,0 STARLINK-5194,1 54186U 22141AF  23022.91667824 -.01120141  00000-0 -68325-1 0  9993,2 54186  53.2177  79.8889 0001308  75.1649  38.1837 15.12813132 13858,6905.763000000001,95.187,528.531,526.724,0.0
54186.0,STARLINK-5194,PAYLOAD,2023-01-23 14:00:01,15.11182105,0.0001419999999999,53.2177,76.8829,73.5792,70.5795,-0.070264,-0.01101967,0.0,0 STARLINK-5194,1 54186U 22141AF  23023.58334491 -.01101967  00000-0 -70264-1 0  9998,2 54186  53.2177  76.8829 0001420  73.5792  70.5795 15.11182105 13957,6910.731,95.29,533.577,531.614,0.0
54186.0,STARLINK-5194,PAYLOAD,2023-01-24 06:00:00,15.09464339,0.0001538,53.218,73.8813,94.2385,76.8377,-0.054307,-0.00820264,0.0,0 STARLINK-5194,1 54186U 22141AF  23024.25001157 -.00820264  00000-0 -54307-1 0  9990,2 54186  53.2180  73.8813 0001538  94.2385  76.8377 15.09464339 14055,6915.973000000001,95.398,538.901,536.774,0.0
54186.0,STARLINK-5194,PAYLOAD,2023-01-24 14:00:01,15.08809102,0.0001604,53.2177,72.3855,85.3696,97.6907,0.0029566999999999,0.00047042,0.0,0 STARLINK-5194,1 54186U 22141AF  23024.58334491  .00047042  00000-0  29567-2 0  9990,2 54186  53.2177  72.3855 0001604  85.3696  97.6907 15.08809102 14107,6917.975,95.44,540.9490000000001,538.73,0.0
54186.0,STARLINK-5194,PAYLOAD,2023-01-25 06:00:00,15.08879123,0.0001592,53.218,69.3916,98.1924,108.0391,-0.0034436,-0.00054735,0.0,0 STARLINK-5194,1 54186U 22141AF  23025.25001157 -.00054735  00000-0 -34436-2 0  9995,2 54186  53.2180  69.3916 0001592  98.1924 108.0391 15.08879123 14213,6917.761,95.435,540.727,538.525,0.0
54186.0,STARLINK-5194,PAYLOAD,2023-01-25 14:00:01,15.08801819,0.0001545,53.2177,67.8961,96.8556,121.0163,0.0020671,0.00032729,0.0,0 STARLINK-5194,1 54186U 22141AF  23025.58334491  .00032729  00000-0  20671-2 0  9994,2 54186  53.2177  67.8961 0001545  96.8556 121.0163 15.08801819  1301,6917.996999999999,95.44,540.931,538.793,0.0
54186.0,STARLINK-5194,PAYLOAD,2023-01-25 22:00:00,15.08802668,0.0001579,53.2178,66.3978,108.4109,121.0303,0.0032861999999999,0.00052347,0.0,0 STARLINK-5194,1 54186U 22141AF  23025.91667824  .00052347  00000-0  32862-2 0  9993,2 54186  53.2178  66.3978 0001579 108.4109 121.0303 15.08802668 14319,6917.995,95.44,540.952,538.7669999999999,0.0
54186.0,STARLINK-5194,PAYLOAD,2023-01-26 14:00:01,15.08808503,0.000153,53.2174,63.4069,93.7406,158.8833,0.0013142,0.00020671,0.0,0 STARLINK-5194,1 54186U 22141AF  23026.58334491  .00020671  00000-0  13142-2 0  9993,2 54186  53.2174  63.4069 0001530  93.7406 158.8833 15.08808503  1302,6917.977,95.44,540.9,538.783,0.0
54186.0,STARLINK-5194,PAYLOAD,2023-01-26 16:00:00,15.08823181,0.0001527,53.2173,63.0323,93.2083,252.3025,-0.00040908,-6.790000000000001e-05,0.0,0 STARLINK-5194,1 54186U 22141AF  23026.66667824 -.00006790  00000-0 -40908-3 0  9990,2 54186  53.2173  63.0323 0001527  93.2083 252.3025 15.08823181 14421,6917.932,95.439,540.8530000000001,538.74,0.0
54186.0,STARLINK-5194,PAYLOAD,2023-01-27 14:00:01,15.08811541,0.0001395999999999,53.2173,58.9179,91.3981,195.9658,0.0014982,0.00023618,0.0,0 STARLINK-5194,1 54186U 22141AF  23027.58334491  .00023618  00000-0  14982-2 0  9991,2 54186  53.2173  58.9179 0001396  91.3981 195.9658 15.08811541 14569,6917.967,95.439,540.798,538.867,0.0
54186.0,STARLINK-5194,PAYLOAD,2023-01-27 22:00:00,15.08802294,0.0001393,53.2174,57.4198,100.6307,198.3134,0.0037826,0.00060365,0.0,0 STARLINK-5194,1 54186U 22141AF  23027.91667824  .00060365  00000-0  37826-2 0  9999,2 54186  53.2174  57.4198 0001393 100.6307 198.3134 15.08802294  1307,6917.996,95.44,540.8240000000001,538.8969999999999,0.0
54186.0,STARLINK-5194,PAYLOAD,2023-01-28 01:27:00,15.08824566,0.0001483,53.2203,56.7753,102.5458,257.57,0.00014177,1.968e-05,0.0,0 STARLINK-5194,1 54186U 22141AF  23028.06041988  .00001968  00000-0  14177-3 0  9992,2 54186  53.2203  56.7753 0001483 102.5458 257.5700 15.08824566 14630,6917.928000000001,95.439,540.818,538.7669999999999,0.0
54186.0,STARLINK-5194,PAYLOAD,2023-01-28 10:59:18,15.08838683,0.0001538,53.219,54.9909,101.6388,258.4777,8.2998e-05,1.033e-05,0.0,0 STARLINK-5194,1 54186U 22141AF  23028.45785433  .00001033  00000-0  82998-4 0  9995,2 54186  53.2190  54.9909 0001538 101.6388 258.4777 15.08838683 14696,6917.884,95.438,540.813,538.685,0.0
54186.0,STARLINK-5194,PAYLOAD,2023-01-28 18:56:14,15.08839465,0.0001494,53.2197,53.5042,96.2071,263.9091,3.7506e-05,3.09e-06,0.0,0 STARLINK-5194,1 54186U 22141AF  23028.78905578  .00000309  00000-0  37506-4 0  9995,2 54186  53.2197  53.5042 0001494  96.2071 263.9091 15.08839465 14515,6917.882,95.438,540.781,538.713,0.0
54186.0,STARLINK-5194,PAYLOAD,2023-01-29 01:17:47,15.08831128,0.0001472,53.2194,52.3146,92.911,267.2051,0.0001276,1.743e-05,0.0,0 STARLINK-5194,1 54186U 22141AF  23029.05401940  .00001743  00000-0  12760-3 0  9997,2 54186  53.2194  52.3146 0001472  92.9110 267.2051 15.08831128 14787,6917.908,95.438,540.791,538.754,0.0
54186.0,STARLINK-5194,PAYLOAD,2023-01-29 10:50:04,15.08862424,0.0001248,53.219,50.5303,94.449,265.6645,-0.00017156,-3.019e-05,0.0,0 STARLINK-5194,1 54186U 22141AF  23029.45144653 -.00003019  00000-0 -17156-3 0  9990,2 54186  53.2190  50.5303 0001248  94.4490 265.6645 15.08862424 14848,6917.812,95.436,540.54,538.814,0.0
54186.0,STARLINK-5194,PAYLOAD,2023-01-29 18:47:01,15.08845586,0.0001531,53.2193,49.0434,92.8998,267.2169,0.00011677,1.571e-05,0.0,0 STARLINK-5194,1 54186U 22141AF  23029.78265051  .00001571  00000-0  11677-3 0  9993,2 54186  53.2193  49.0434 0001531  92.8998 267.2169 15.08845586 14893,6917.863,95.437,540.787,538.669,0.0
54186.0,STARLINK-5194,PAYLOAD,2023-01-30 04:19:25,15.08765349,0.0001341,53.2207,47.2603,20.1497,339.9548,-0.00047161,-7.77e-05,0.0,0 STARLINK-5194,1 54186U 22141AF  23030.18016085 -.00007770  00000-0 -47161-3 0  9996,2 54186  53.2207  47.2603 0001341  20.1497 339.9548 15.08765349 14957,6918.109,95.442,540.901,539.046,0.0
54186.0,STARLINK-5194,PAYLOAD,2023-01-30 07:30:20,15.08665352,0.0001618,53.219,46.6655,101.4044,258.713,-0.0014173,-0.00022666,0.0,0 STARLINK-5194,1 54186U 22141AF  23030.31273573 -.00022666  00000-0 -14173-2 0  9995,2 54186  53.2190  46.6655 0001618 101.4044 258.7130 15.08665352 14976,6918.414,95.449,541.399,539.16,0.0
54186.0,STARLINK-5194,PAYLOAD,2023-01-30 12:16:37,15.08589725,0.0001653,53.2191,45.7743,90.1304,269.9878,-0.0019778,-0.00031413,0.0,0 STARLINK-5194,1 54186U 22141AF  23030.51154251 -.00031413  00000-0 -19778-2 0  9994,2 54186  53.2191  45.7743 0001653  90.1304 269.9878 15.08589725 15004,6918.645,95.453,541.654,539.367,0.0
54186.0,STARLINK-5194,PAYLOAD,2023-01-31 01:00:07,15.08375808,0.0002837,53.2188,43.3966,121.1279,238.9992,-0.003407,-0.00053433,0.0,0 STARLINK-5194,1 54186U 22141AF  23031.04175717 -.00053433  00000-0 -34070-2 0  9991,2 54186  53.2188  43.3966 0002837 121.1279 238.9992 15.08375808 15088,6919.3,95.467,543.128,539.202,0.0
54186.0,STARLINK-5194,PAYLOAD,2023-01-31 12:08:34,15.07975135,0.0001463,53.2197,41.3167,92.2002,267.9158,-0.0062859,-0.00096679,0.0,0 STARLINK-5194,1 54186U 22141AF  23031.50595754 -.00096679  00000-0 -62859-2 0  9994,2 54186  53.2197  41.3167 0001463  92.2002 267.9158 15.07975135 15157,6920.525,95.492,543.403,541.378,0.0
54186.0,STARLINK-5194,PAYLOAD,2023-01-31 15:19:33,15.0789097,0.0001758,53.22,40.7222,78.1226,281.9963,-0.0067676,-0.00103727,0.0,0 STARLINK-5194,1 54186U 22141AF  23031.63857737 -.00103727  00000-0 -67676-2 0  9995,2 54186  53.2200  40.7222 0001758  78.1226 281.9963 15.07890970 15170,6920.783,95.498,543.864,541.431,0.0
54186.0,STARLINK-5194,PAYLOAD,2023-02-01 06:00:00,15.07222173,0.0001361,53.2183,37.9853,88.8778,352.2835,-0.0036558,-0.00055525,0.0,0 STARLINK-5194,1 54186U 22141AF  23032.25001157 -.00055525  00000-0 -36558-2 0  9998,2 54186  53.2183  37.9853 0001361  88.8778 352.2835 15.07222173 15262,6922.83,95.54,545.637,543.753,0.0
54186.0,STARLINK-5194,PAYLOAD,2023-02-01 14:00:01,15.07189619,0.0001301,53.2181,36.4927,89.4463,1.3383,0.00014914,1.987e-05,0.0,0 STARLINK-5194,1 54186U 22141AF  23032.58334491  .00001987  00000-0  14914-3 0  9998,2 54186  53.2181  36.4927 0001301  89.4463   1.3383 15.07189619  1305,6922.93,95.542,545.695,543.894,0.0
54186.0,STARLINK-5194,PAYLOAD,2023-02-01 22:00:00,15.07171781,0.0001317,53.2182,34.9987,102.0387,358.361,0.0036254,0.00055285,0.0,0 STARLINK-5194,1 54186U 22141AF  23032.91667824  .00055285  00000-0  36254-2 0  9994,2 54186  53.2182  34.9987 0001317 102.0387 358.3610 15.07171781 15369,6922.984,95.543,545.761,543.937,0.0
54186.0,STARLINK-5194,PAYLOAD,2023-02-02 14:00:01,15.07201817,0.0001191,53.2177,32.0149,95.9205,23.728,-0.00013936,-2.404e-05,0.0,0 STARLINK-5194,1 54186U 22141AF  23033.58334491 -.00002404  00000-0 -13936-3 0  9999,2 54186  53.2177  32.0149 0001191  95.9205  23.7280 15.07201817  1300,6922.892,95.541,545.582,543.933,0.0
54186.0,STARLINK-5194,PAYLOAD,2023-02-03 00:00:00,15.07208786,0.0001292,53.2179,30.1482,107.0975,114.5776,0.0016245,0.00024533,0.0,0 STARLINK-5194,1 54186U 22141AF  23034.00001157  .00024533  00000-0  16245-2 0  9997,2 54186  53.2179  30.1482 0001292 107.0975 114.5776 15.07208786 15533,6922.871,95.541,545.63,543.841,0.0
54186.0,STARLINK-5194,PAYLOAD,2023-02-03 14:00:01,15.07199912,0.0001193,53.2173,27.5371,89.1794,59.3687,-0.00051893,-8.172e-05,0.0,0 STARLINK-5194,1 54186U 22141AF  23034.58334491 -.00008172  00000-0 -51893-3 0  9992,2 54186  53.2173  27.5371 0001193  89.1794  59.3687 15.07199912 15619,6922.898,95.541,545.589,543.937,0.0
54186.0,STARLINK-5194,PAYLOAD,2023-02-04 00:00:00,15.07209595,0.0001276,53.2176,25.6704,99.1453,151.4229,0.00093707,0.00014011,0.0,0 STARLINK-5194,1 54186U 22141AF  23035.00001157  .00014011  00000-0  93707-3 0  9997,2 54186  53.2176  25.6704 0001276  99.1453 151.4229 15.07209595  1302,6922.868,95.541,545.617,543.85,0.0
54186.0,STARLINK-5194,PAYLOAD,2023-02-04 05:15:32,15.07207256,0.0001331,53.2203,24.69,100.3685,259.7457,9.4667e-05,1.158e-05,0.0,0 STARLINK-5194,1 54186U 22141AF  23035.21912367  .00001158  00000-0  94667-4 0  9999,2 54186  53.2203  24.6900 0001331 100.3685 259.7457 15.07207256 15711,6922.876,95.541,545.662,543.819,0.0
54186.0,STARLINK-5194,PAYLOAD,2023-02-04 06:51:01,15.07208461,0.0001332,53.2203,24.3931,100.3799,259.7343,0.00010489,1.314e-05,0.0,0 STARLINK-5194,1 54186U 22141AF  23035.28543453  .00001314  00000-0  10489-3 0  9995,2 54186  53.2203  24.3931 0001332 100.3799 259.7343 15.07208461 15497,6922.872,95.541,545.659,543.815,0.0
54186.0,STARLINK-5194,PAYLOAD,2023-02-05 03:32:20,15.07237763,0.0001803,53.2208,20.5338,81.0564,279.0632,0.00025871,3.66e-05,0.0,0 STARLINK-5194,1 54186U 22141AF  23036.14745652  .00003660  00000-0  25871-3 0  9993,2 54186  53.2208  20.5338 0001803  81.0564 279.0632 15.07237763 15852,6922.782,95.539,545.895,543.399,0.0
54186.0,STARLINK-5194,PAYLOAD,2023-02-05 11:29:25,15.07492691,0.0001302,53.2204,19.0464,84.1593,275.9547,0.0023971,0.00036681,0.0,0 STARLINK-5194,1 54186U 22141AF  23036.47876674  .00036681  00000-0  23971-2 0  9995,2 54186  53.2204  19.0464 0001302  84.1593 275.9547 15.07492691 15900,6922.002,95.523,544.768,542.965,0.0
54186.0,STARLINK-5194,PAYLOAD,2023-02-06 03:23:43,15.07772216,0.0002078,53.2202,16.0763,81.3533,278.7694,0.0042077,0.00065363,0.0,0 STARLINK-5194,1 54186U 22141AF  23037.14148006  .00065363  00000-0  42077-2 0  9998,2 54186  53.2202  16.0763 0002078  81.3533 278.7694 15.07772216 16001,6921.146,95.505,544.449,541.573,0.0
54186.0,STARLINK-5194,PAYLOAD,2023-02-06 08:09:46,15.08026541,0.0001121,53.2191,15.1852,101.3223,258.7895,0.0061604,0.00096926,0.0,0 STARLINK-5194,1 54186U 22141AF  23037.34012724  .00096926  00000-0  61604-2 0  9993,2 54186  53.2191  15.1852 0001121 101.3223 258.7895 15.08026541 16032,6920.368,95.489,543.009,541.457,0.0
54186.0,STARLINK-5194,PAYLOAD,2023-02-06 22:00:00,15.08822696,0.0001782,53.2186,12.5962,92.7931,159.1165,0.0020272,0.00032107,0.0,0 STARLINK-5194,1 54186U 22141AF  23037.91667824  .00032107  00000-0  20272-2 0  9990,2 54186  53.2186  12.5962 0001782  92.7931 159.1165 15.08822696 16120,6917.933,95.439,541.031,538.566,0.0
54186.0,STARLINK-5194,PAYLOAD,2023-02-07 14:00:01,15.08833307,0.0001744,53.2186,9.6045,99.5719,175.5209,0.00025364,3.75e-05,0.0,0 STARLINK-5194,1 54186U 22141AF  23038.58334491  .00003750  00000-0  25364-3 0  9995,2 54186  53.2186   9.6045 0001744  99.5719 175.5209 15.08833307 16229,6917.901,95.438,540.972,538.559,0.0
54186.0,STARLINK-5194,PAYLOAD,2023-02-07 22:00:00,15.08843895,0.0001778,53.2189,8.1074,107.8365,178.837,0.0031376,0.00050007,0.0,0 STARLINK-5194,1 54186U 22141AF  23038.91667824  .00050007  00000-0  31376-2 0  9997,2 54186  53.2189   8.1074 0001778 107.8365 178.8370 15.08843895  1306,6917.868,95.437,540.963,538.503,0.0
54186.0,STARLINK-5194,PAYLOAD,2023-02-08 14:00:01,15.08807882,0.0001321,53.2188,5.1156,115.9265,193.9678,0.00071469,0.00011095,0.0,0 STARLINK-5194,1 54186U 22141AF  23039.58334491  .00011095  00000-0  71469-3 0  9994,2 54186  53.2188   5.1156 0001321 115.9265 193.9678 15.08807882  1301,6917.979,95.44,540.757,538.93,0.0
54186.0,STARLINK-5194,PAYLOAD,2023-02-08 22:00:00,15.08825046,0.0001416,53.2188,3.6189,121.4058,200.0407,0.0033041,0.00052668,0.0,0 STARLINK-5194,1 54186U 22141AF  23039.91667824  .00052668  00000-0  33041-2 0  9994,2 54186  53.2188   3.6189 0001416 121.4058 200.0407 15.08825046 16428,6917.926,95.439,540.771,538.812,0.0
54186.0,STARLINK-5194,PAYLOAD,2023-02-09 06:00:00,15.0886532,0.0001229,53.2183,2.1244,104.2631,228.7901,-0.0057504,-0.00090716,0.0,0 STARLINK-5194,1 54186U 22141AF  23040.25001157 -.00090716  00000-0 -57504-2 0  9992,2 54186  53.2183   2.1244 0001229 104.2631 228.7901 15.08865320 16477,6917.803,95.436,540.518,538.818,0.0
54186.0,STARLINK-5194,PAYLOAD,2023-02-09 12:00:00,15.08802716,0.0001164,53.2175,1.0014,100.7448,151.0066,0.0011362,0.00017822,0.0,0 STARLINK-5194,1 54186U 22141AF  23040.50001157  .00017822  00000-0  11362-2 0  9997,2 54186  53.2175   1.0014 0001164 100.7448 151.0066 15.08802716  1302,6917.994,95.44,540.665,539.054,0.0
54186.0,STARLINK-5194,PAYLOAD,2023-02-09 22:00:00,15.088346,0.0001218,53.2178,359.1304,109.3942,246.8022,0.0027845,0.00044299,0.0,0 STARLINK-5194,1 54186U 22141AF  23040.91667824  .00044299  00000-0  27845-2 0  9992,2 54186  53.2178 359.1304 0001218 109.3942 246.8022 15.08834600 16575,6917.897,95.438,540.604,538.919,0.0
54186.0,STARLINK-5194,PAYLOAD,2023-02-10 00:00:00,15.08867492,0.0001189,53.2177,358.7569,104.7169,344.3715,-0.0013043,-0.00021001,0.0,0 STARLINK-5194,1 54186U 22141AF  23041.00001157 -.00021001  00000-0 -13043-2 0  9997,2 54186  53.2177 358.7569 0001189 104.7169 344.3715 15.08867492  1302,6917.796,95.436,540.484,538.839,0.0
54186.0,STARLINK-5194,PAYLOAD,2023-02-10 01:11:49,15.08840622,0.0001618,53.2197,358.5315,112.0757,248.0407,-0.00010004,-1.88e-05,0.0,0 STARLINK-5194,1 54186U 22141AF  23041.04987828 -.00001880  00000-0 -10004-3 0  9997,2 54186  53.2197 358.5315 0001618 112.0757 248.0407 15.08840622 16369,6917.878,95.438,540.863,538.624,0.0
54186.0,STARLINK-5194,PAYLOAD,2023-02-10 05:57:57,15.08857297,0.0001512,53.2195,357.6393,100.4519,259.6644,6.2818e-05,7.12e-06,0.0,0 STARLINK-5194,1 54186U 22141AF  23041.24858427  .00000712  00000-0  62818-4 0  9993,2 54186  53.2195 357.6393 0001512 100.4519 259.6644 15.08857297 16629,6917.828,95.436,540.738,538.647,0.0
54186.0,STARLINK-5194,PAYLOAD,2023-02-11 02:37:58,15.08851577,0.0001351,53.2197,353.7742,97.589,262.5256,8.5242e-05,1.069e-05,0.0,0 STARLINK-5194,1 54186U 22141AF  23042.10970790  .00001069  00000-0  85242-4 0  9999,2 54186  53.2197 353.7742 0001351  97.5890 262.5256 15.08851577 16756,6917.845,95.437,540.645,538.775,0.0
54186.0,STARLINK-5194,PAYLOAD,2023-02-11 04:13:20,15.08865155,0.0001172,53.2196,353.4768,98.9774,261.135,0.00020283,2.944e-05,0.0,0 STARLINK-5194,1 54186U 22141AF  23042.17593634  .00002944  00000-0  20283-3 0  9990,2 54186  53.2196 353.4768 0001172  98.9774 261.1350 15.08865155 16530,6917.804,95.436,540.479,538.858,0.0
54186.0,STARLINK-5194,PAYLOAD,2023-02-11 20:07:14,15.08836316,0.0001562,53.2193,350.5043,86.6554,273.4616,0.0001155,1.55e-05,0.0,0 STARLINK-5194,1 54186U 22141AF  23042.83835849  .00001550  00000-0  11550-3 0  9999,2 54186  53.2193 350.5043 0001562  86.6554 273.4616 15.08836316 16633,6917.892,95.438,540.837,538.676,0.0
54186.0,STARLINK-5194,PAYLOAD,2023-02-12 05:39:32,15.08850891,0.0001566,53.2179,348.7226,69.9733,290.1428,3.3692e-05,2.48e-06,0.0,0 STARLINK-5194,1 54186U 22141AF  23043.23579121  .00000248  00000-0  33692-4 0  9997,2 54186  53.2179 348.7226 0001566  69.9733 290.1428 15.08850891 16929,6917.847,95.437,540.795,538.629,0.0
54186.0,STARLINK-5194,PAYLOAD,2023-02-12 13:36:28,15.08837205,9.54e-05,53.2194,347.2331,85.7722,274.3379,-4.2404e-05,-9.62e-06,0.0,0 STARLINK-5194,1 54186U 22141AF  23043.56699940 -.00000962  00000-0 -42404-4 0  9991,2 54186  53.2194 347.2331 0000954  85.7722 274.3379 15.08837205 16979,6917.889,95.438,540.414,539.094,0.0
54186.0,STARLINK-5194,PAYLOAD,2023-02-12 19:58:02,15.08831833,0.0001235,53.2205,346.045,74.3206,285.7922,-0.00024511,-4.186e-05,0.0,0 STARLINK-5194,1 54186U 22141AF  23043.83197155 -.00004186  00000-0 -24511-3 0  9992,2 54186  53.2205 346.0450 0001235  74.3206 285.7922 15.08831833 17012,6917.905,95.438,540.625,538.916,0.0
54186.0,STARLINK-5194,PAYLOAD,2023-02-13 02:19:33,15.08846691,0.0001077,53.2189,344.8547,83.4349,276.6765,-0.00011439,-2.108e-05,0.0,0 STARLINK-5194,1 54186U 22141AF  23044.09691756 -.00002108  00000-0 -11439-3 0  9994,2 54186  53.2189 344.8547 0001077  83.4349 276.6765 15.08846691 17055,6917.86,95.437,540.47,538.98,0.0
54186.0,STARLINK-5194,PAYLOAD,2023-02-13 05:30:19,15.08856054,0.000122,53.218,344.2594,88.3963,271.7169,-3.4779e-05,-8.42e-06,0.0,0 STARLINK-5194,1 54186U 22141AF  23044.22938886 -.00000842  00000-0 -34779-4 0  9993,2 54186  53.2180 344.2594 0001220  88.3963 271.7169 15.08856054 17078,6917.831,95.437,540.54,538.852,0.0
54186.0,STARLINK-5194,PAYLOAD,2023-02-13 13:27:16,15.08837452,0.0001695,53.22,342.773,74.5982,285.5198,-0.00013076,-2.368e-05,0.0,0 STARLINK-5194,1 54186U 22141AF  23044.56060506 -.00002368  00000-0 -13076-3 0  9996,2 54186  53.2200 342.7730 0001695  74.5982 285.5198 15.08837452 16895,6917.888,95.438,540.926,538.581,0.0
54186.0,STARLINK-5194,PAYLOAD,2023-02-14 02:10:20,15.08845406,0.0001216,53.2207,340.3929,74.8924,285.2203,4.5526e-05,4.37e-06,0.0,0 STARLINK-5194,1 54186U 22141AF  23045.09051952  .00000437  00000-0  45526-4 0  9999,2 54186  53.2207 340.3929 0001216  74.8924 285.2203 15.08845406 17202,6917.864,95.437,540.57,538.888,0.0
54186.0,STARLINK-5194,PAYLOAD,2023-02-14 05:21:06,15.08848463,0.0001305,53.2182,339.799,68.2704,291.8427,0.0001468,2.05e-05,0.0,0 STARLINK-5194,1 54186U 22141AF  23045.22299463  .00002050  00000-0  14680-3 0  9994,2 54186  53.2182 339.7990 0001305  68.2704 291.8427 15.08848463 16998,6917.855,95.437,540.622,538.817,0.0
54186.0,STARLINK-5194,PAYLOAD,2023-02-15 02:01:07,15.08849025,9.92e-05,53.2185,335.9331,85.521,274.5895,0.00019268,2.781e-05,0.0,0 STARLINK-5194,1 54186U 22141AF  23046.08411694  .00002781  00000-0  19268-3 0  9999,2 54186  53.2185 335.9331 0000992  85.5210 274.5895 15.08849025 17121,6917.853,95.437,540.404,539.032,0.0
54186.0,STARLINK-5194,PAYLOAD,2023-02-16 00:16:31,15.08846069,0.0001241,53.2189,331.7715,73.1547,286.9582,0.00023153,3.399e-05,0.0,0 STARLINK-5194,1 54186U 22141AF  23047.01147730  .00003399  00000-0  23153-3 0  9994,2 54186  53.2189 331.7715 0001241  73.1547 286.9582 15.08846069 17494,6917.862,95.437,540.585,538.868,0.0
54186.0,STARLINK-5194,PAYLOAD,2023-02-16 11:24:13,15.08843436,0.0001494,53.2187,329.6883,82.7152,277.401,8.1467e-05,1.009e-05,0.0,0 STARLINK-5194,1 54186U 22141AF  23047.47516006  .00001009  00000-0  81467-4 0  9999,2 54186  53.2187 329.6883 0001494  82.7152 277.4010 15.08843436 17331,6917.87,95.437,540.768,538.701,0.0
54186.0,STARLINK-5194,PAYLOAD,2023-02-16 22:31:57,15.08822556,9.34e-05,53.2179,327.6086,94.4141,265.6958,-0.00018314,-3.2e-05,0.0,0 STARLINK-5194,1 54186U 22141AF  23047.93886327 -.00003200  00000-0 -18314-3 0  9993,2 54186  53.2179 327.6086 0000934  94.4141 265.6958 15.08822556 17634,6917.934,95.439,540.445,539.153,0.0
54186.0,STARLINK-5194,PAYLOAD,2023-02-17 03:18:05,15.08841341,9.09e-05,53.2181,326.7167,95.4369,264.6727,-1.6827e-05,-5.56e-06,0.0,0 STARLINK-5194,1 54186U 22141AF  23048.13756852 -.00000556  00000-0 -16827-4 0  9994,2 54186  53.2181 326.7167 0000909  95.4369 264.6727 15.08841341 17661,6917.876,95.437,540.37,539.112,0.0
54186.0,STARLINK-5194,PAYLOAD,2023-02-17 11:15:02,15.08825846,8.55e-05,53.2177,325.2298,102.1396,257.9692,-0.00012487,-2.274e-05,0.0,0 STARLINK-5194,1 54186U 22141AF  23048.46878260 -.00002274  00000-0 -12487-3 0  9994,2 54186  53.2177 325.2298 0000855 102.1396 257.9692 15.08825846 17715,6917.924,95.438,540.38,539.197,0.0
54186.0,STARLINK-5194,PAYLOAD,2023-02-17 20:47:22,15.0882135,0.000122,53.2175,323.4444,99.5782,260.5348,-0.00014452,-2.586e-05,0.0,0 STARLINK-5194,1 54186U 22141AF  23048.86622975 -.00002586  00000-0 -14452-3 0  9998,2 54186  53.2175 323.4444 0001220  99.5782 260.5348 15.08821350 17546,6917.937,95.439,540.646,538.958,0.0
54186.0,STARLINK-5194,PAYLOAD,2023-02-18 11:05:49,15.08838309,0.0001128,53.217,320.7708,110.9044,249.2069,0.00010939,1.453e-05,0.0,0 STARLINK-5194,1 54186U 22141AF  23049.46237593  .00001453  00000-0  10939-3 0  9999,2 54186  53.2170 320.7708 0001128 110.9044 249.2069 15.08838309 17861,6917.886,95.438,540.531,538.97,0.0
54186.0,STARLINK-5194,PAYLOAD,2023-02-18 22:13:30,15.08842224,7.12e-05,53.2187,318.6874,123.3239,236.7821,0.0003903,5.93e-05,0.0,0 STARLINK-5194,1 54186U 22141AF  23049.92604679  .00005930  00000-0  39030-3 0  9990,2 54186  53.2187 318.6874 0000712 123.3239 236.7821 15.08842224 17937,6917.874,95.437,540.231,539.246,0.0
54186.0,STARLINK-5194,PAYLOAD,2023-02-19 10:56:35,15.08850332,0.000136,53.2196,316.307,67.624,292.4896,0.00027061,4.023e-05,0.0,0 STARLINK-5194,1 54186U 22141AF  23050.45596526  .00004023  00000-0  27061-3 0  9994,2 54186  53.2196 316.3070 0001360  67.6240 292.4896 15.08850332 17785,6917.849,95.437,540.655,538.773,0.0
54186.0,STARLINK-5194,PAYLOAD,2023-02-19 22:04:19,15.08824197,9.77e-05,53.2172,314.227,91.9753,268.1351,0.00012135,1.643e-05,0.0,0 STARLINK-5194,1 54186U 22141AF  23050.91966617  .00001643  00000-0  12135-3 0  9998,2 54186  53.2172 314.2270 0000977  91.9753 268.1351 15.08824197 18080,6917.929,95.439,540.47,539.118,0.0
54186.0,STARLINK-5194,PAYLOAD,2023-02-20 10:47:25,15.08822855,8.63e-05,53.2174,311.8467,109.6429,250.4657,-0.00011477,-2.113e-05,0.0,0 STARLINK-5194,1 54186U 22141AF  23051.44959746 -.00002113  00000-0 -11477-3 0  9995,2 54186  53.2174 311.8467 0000863 109.6429 250.4657 15.08822855 18165,6917.933,95.439,540.395,539.201,0.0
54186.0,STARLINK-5194,PAYLOAD,2023-02-20 21:55:06,15.0883873,7.01e-05,53.2179,309.7666,94.7543,265.3529,-0.0001118,-2.066e-05,0.0,0 STARLINK-5194,1 54186U 22141AF  23051.91326785 -.00002066  00000-0 -11180-3 0  9996,2 54186  53.2179 309.7666 0000701  94.7543 265.3529 15.08838730 18239,6917.884,95.438,540.234,539.264,0.0
54186.0,STARLINK-5194,PAYLOAD,2023-02-20 23:30:29,15.08851664,0.000101,53.2169,309.4681,108.5079,251.6023,-0.00020437,-3.54e-05,0.0,0 STARLINK-5194,1 54186U 22141AF  23051.97950267 -.00003540  00000-0 -20437-3 0  9993,2 54186  53.2169 309.4681 0001010 108.5079 251.6023 15.08851664 18243,6917.845,95.437,540.408,539.011,0.0
54186.0,STARLINK-5194,PAYLOAD,2023-02-21 10:38:10,15.08852934,0.0001112,53.2173,307.3845,100.6927,259.419,3.5097e-05,2.71e-06,0.0,0 STARLINK-5194,1 54186U 22141AF  23052.44317241  .00000271  00000-0  35097-4 0  9990,2 54186  53.2173 307.3845 0001112 100.6927 259.4190 15.08852934 18315,6917.841,95.437,540.475,538.937,0.0
54186.0,STARLINK-5194,PAYLOAD,2023-02-21 21:45:50,15.08862354,0.0001294,53.216,305.3053,88.6281,271.4859,0.00035661,5.396e-05,0.0,0 STARLINK-5194,1 54186U 22141AF  23052.90683674  .00005396  00000-0  35661-3 0  9996,2 54186  53.2160 305.3053 0001294  88.6281 271.4859 15.08862354 18154,6917.812,95.436,540.572,538.782,0.0
54186.0,STARLINK-5194,PAYLOAD,2023-02-22 02:31:59,15.08867785,0.0001248,53.2166,304.4115,94.908,265.2055,0.00041795,6.375e-05,0.0,0 STARLINK-5194,1 54186U 22141AF  23053.10554930  .00006375  00000-0  41795-3 0  9994,2 54186  53.2166 304.4115 0001248  94.9080 265.2055 15.08867785 18416,6917.795,95.436,540.524,538.797,0.0
54186.0,STARLINK-5194,PAYLOAD,2023-02-22 21:36:40,15.08830018,0.000115,53.2159,300.8454,84.5048,275.6076,3.9561e-05,3.42e-06,0.0,0 STARLINK-5194,1 54186U 22141AF  23053.90046751  .00000342  00000-0  39561-4 0  9996,2 54186  53.2159 300.8454 0001150  84.5048 275.6076 15.08830018 18300,6917.911,95.438,540.571,538.98,0.0
54186.0,STARLINK-5194,PAYLOAD,2023-02-23 07:08:58,15.08840541,0.0001142,53.2151,299.0616,80.9205,279.1916,-7.6229e-05,-1.501e-05,0.0,0 STARLINK-5194,1 54186U 22141AF  23054.29789711 -.00001501  00000-0 -76229-4 0  9991,2 54186  53.2151 299.0616 0001142  80.9205 279.1916 15.08840541 18592,6917.879,95.438,540.534,538.954,0.0
54186.0,STARLINK-5194,PAYLOAD,2023-02-23 19:52:02,15.08852864,0.000141,53.2149,296.6819,72.8111,287.3035,0.0001533,2.153e-05,0.0,0 STARLINK-5194,1 54186U 22141AF  23054.82781059  .00002153  00000-0  15330-3 0  9994,2 54186  53.2149 296.6819 0001410  72.8111 287.3035 15.08852864 18449,6917.841,95.437,540.681,538.731,0.0
54186.0,STARLINK-5194,PAYLOAD,2023-02-23 23:02:48,15.08860362,0.0001363,53.2148,296.0881,67.9217,292.192,0.00034104,5.147e-05,0.0,0 STARLINK-5194,1 54186U 22141AF  23054.96028758  .00005147  00000-0  34104-3 0  9995,2 54186  53.2148 296.0881 0001363  67.9217 292.1920 15.08860362 18696,6917.818,95.436,540.626,538.74,0.0
54186.0,STARLINK-5194,PAYLOAD,2023-02-24 11:45:54,15.08842971,0.0001119,53.2146,293.7075,60.2956,299.8148,0.00025507,3.774e-05,0.0,0 STARLINK-5194,1 54186U 22141AF  23055.49021342  .00003774  00000-0  25507-3 0  9997,2 54186  53.2146 293.7075 0001119  60.2956 299.8148 15.08842971 18544,6917.871,95.437,540.51,538.962,0.0
54186.0,STARLINK-5194,PAYLOAD,2023-02-24 13:21:17,15.08842015,0.0001197,53.2144,293.41,67.3756,292.7363,0.00021961,3.209e-05,0.0,0 STARLINK-5194,1 54186U 22141AF  23055.55645395  .00003209  00000-0  21961-3 0  9997,2 54186  53.2144 293.4100 0001197  67.3756 292.7363 15.08842015 18786,6917.874,95.437,540.567,538.911,0.0
54186.0,STARLINK-5194,PAYLOAD,2023-02-24 19:42:50,15.08837451,0.0001291,53.2154,292.2194,87.9169,272.1971,5.4625e-05,5.82e-06,0.0,0 STARLINK-5194,1 54186U 22141AF  23055.82141456  .00000582  00000-0  54625-4 0  9991,2 54186  53.2154 292.2194 0001291  87.9169 272.1971 15.08837451 18592,6917.888,95.438,540.646,538.86,0.0
54186.0,STARLINK-5194,PAYLOAD,2023-02-25 11:36:41,15.08836862,0.0001242,53.2151,289.2478,77.9455,282.1677,1.4347e-05,-6e-07,0.0,0 STARLINK-5194,1 54186U 22141AF  23056.48381495 -.00000060  00000-0  14347-4 0  9992,2 54186  53.2151 289.2478 0001242  77.9455 282.1677 15.08836862 18929,6917.89,95.438,540.614,538.896,0.0
54186.0,STARLINK-5194,PAYLOAD,2023-02-25 14:47:27,15.08838741,0.0001272,53.2151,288.6532,76.0857,284.0277,4.3531e-05,4.05e-06,0.0,0 STARLINK-5194,1 54186U 22141AF  23056.61629556  .00000405  00000-0  43531-4 0  9999,2 54186  53.2151 288.6532 0001272  76.0857 284.0277 15.08838741 18714,6917.884,95.438,540.629,538.869,0.0
54186.0,STARLINK-5194,PAYLOAD,2023-02-25 21:09:00,15.08840781,0.0001224,53.2154,287.4637,76.7947,283.3182,0.00010821,1.435e-05,0.0,0 STARLINK-5194,1 54186U 22141AF  23056.88125538  .00001435  00000-0  10821-3 0  9998,2 54186  53.2154 287.4637 0001224  76.7947 283.3182 15.08840781 18752,6917.878,95.438,540.59,538.896,0.0
54186.0,STARLINK-5194,PAYLOAD,2023-02-26 00:19:46,15.0884817,0.0001241,53.2152,286.8689,78.0731,282.0401,0.00020265,2.939e-05,0.0,0 STARLINK-5194,1 54186U 22141AF  23057.01373281  .00002939  00000-0  20265-3 0  9997,2 54186  53.2152 286.8689 0001241  78.0731 282.0401 15.08848170 19004,6917.855,95.437,540.579,538.862,0.0
54186.0,STARLINK-5194,PAYLOAD,2023-02-26 14:38:14,15.0884902,0.000123,53.215,284.1926,81.6047,278.5084,0.00037452,5.679e-05,0.0,0 STARLINK-5194,1 54186U 22141AF  23057.60989319  .00005679  00000-0  37452-3 0  9997,2 54186  53.2150 284.1926 0001230  81.6047 278.5084 15.08849020 18860,6917.853,95.437,540.569,538.867,0.0
54186.0,STARLINK-5194,PAYLOAD,2023-02-26 17:49:00,15.08851078,0.0001234,53.2149,283.5978,80.9218,279.1914,0.00039471,6.001e-05,0.0,0 STARLINK-5194,1 54186U 22141AF  23057.74237221  .00006001  00000-0  39471-3 0  9993,2 54186  53.2149 283.5978 0001234  80.9218 279.1914 15.08851078 18881,6917.847,95.437,540.565,538.858,0.0
54186.0,STARLINK-5194,PAYLOAD,2023-02-27 11:18:14,15.08855497,0.0001058,53.2147,280.3258,107.7188,252.3919,0.00038846,5.902e-05,0.0,0 STARLINK-5194,1 54186U 22141AF  23058.47100677  .00005902  00000-0  38846-3 0  9992,2 54186  53.2147 280.3258 0001058 107.7188 252.3919 15.08855497 19229,6917.833,95.437,540.43,538.966,0.0
54186.0,STARLINK-5194,PAYLOAD,2023-02-27 20:50:33,15.08852465,0.0001181,53.2146,278.5417,99.3396,260.7729,0.0002286,3.353e-05,0.0,0 STARLINK-5194,1 54186U 22141AF  23058.86844575  .00003353  00000-0  22860-3 0  9994,2 54186  53.2146 278.5417 0001181  99.3396 260.7729 15.08852465 19053,6917.842,95.437,540.524,538.89,0.0
54186.0,STARLINK-5194,PAYLOAD,2023-02-28 12:44:26,15.08818316,0.0001211,53.2153,275.5685,79.5308,280.5821,-0.00049983,-8.229e-05,0.0,0 STARLINK-5194,1 54186U 22141AF  23059.53085767 -.00008229  00000-0 -49983-3 0  9993,2 54186  53.2153 275.5685 0001211  79.5308 280.5821 15.08818316 19388,6917.947,95.439,540.649,538.974,0.0
54186.0,STARLINK-5194,PAYLOAD,2023-02-28 20:41:22,15.08817355,0.0001194,53.2153,274.0815,71.4389,288.6733,-0.00036084,-6.022e-05,0.0,0 STARLINK-5194,1 54186U 22141AF  23059.86206269 -.00006022  00000-0 -36084-3 0  9998,2 54186  53.2153 274.0815 0001194  71.4389 288.6733 15.08817355 19201,6917.95,95.439,540.641,538.989,0.0
54186.0,STARLINK-5194,PAYLOAD,2023-03-01 10:59:50,15.08827246,0.0001223,53.2151,271.4051,71.2152,288.8973,0.00012839,1.755e-05,0.0,0 STARLINK-5194,1 54186U 22141AF  23060.45822843  .00001755  00000-0  12839-3 0  9995,2 54186  53.2151 271.4051 0001223  71.2152 288.8973 15.08827246 19524,6917.919,95.438,540.63,538.938,0.0
54186.0,STARLINK-5194,PAYLOAD,2023-03-01 20:32:10,15.08839901,0.0001332,53.215,269.6209,65.475,294.6381,0.0011119,0.00017452,0.0,0 STARLINK-5194,1 54186U 22141AF  23060.85567417  .00017452  00000-0  11119-2 0  9992,2 54186  53.2150 269.6209 0001332  65.4750 294.6381 15.08839901 19357,6917.881,95.438,540.667,538.824,0.0
54186.0,STARLINK-5194,PAYLOAD,2023-03-01 23:42:56,15.08844431,0.0001351,53.2151,269.0266,62.8519,297.261,0.00099103,0.00015521,0.0,0 STARLINK-5194,1 54186U 22141AF  23060.98815362  .00015521  00000-0  99103-3 0  9996,2 54186  53.2151 269.0266 0001351  62.8519 297.2610 15.08844431 19606,6917.867,95.437,540.666,538.797,0.0
54186.0,STARLINK-5194,PAYLOAD,2023-03-02 17:12:10,15.08865288,0.000134,53.2149,265.755,64.4464,295.6667,0.00094352,0.0001477,0.0,0 STARLINK-5194,1 54186U 22141AF  23061.71678616  .00014770  00000-0  94352-3 0  9993,2 54186  53.2149 265.7550 0001340  64.4464 295.6667 15.08865288 19480,6917.803,95.436,540.595,538.741,0.0
54186.0,STARLINK-5194,PAYLOAD,2023-03-03 13:52:10,15.08873392,0.0001391,53.2147,261.8891,67.1193,292.9946,0.00094123,0.00014737,0.0,0 STARLINK-5194,1 54186U 22141AF  23062.57789708  .00014737  00000-0  94123-3 0  9992,2 54186  53.2147 261.8891 0001391  67.1193 292.9946 15.08873392 19843,6917.778,95.435,540.606,538.681,0.0
54186.0,STARLINK-5194,PAYLOAD,2023-03-03 17:02:56,15.08861774,0.0001363,53.2147,261.2942,65.5887,294.5247,0.00039028,5.932e-05,0.0,0 STARLINK-5194,1 54186U 22141AF  23062.71037621  .00005932  00000-0  39028-3 0  9998,2 54186  53.2147 261.2942 0001363  65.5887 294.5247 15.08861774 19860,6917.814,95.436,540.622,538.736,0.0
54186.0,STARLINK-5194,PAYLOAD,2023-03-03 21:49:05,15.08864489,0.0001311,53.2149,260.4018,66.9745,293.1386,0.00037822,5.741e-05,0.0,0 STARLINK-5194,1 54186U 22141AF  23062.90909286  .00005741  00000-0  37822-3 0  9992,2 54186  53.2149 260.4018 0001311  66.9745 293.1386 15.08864489 19661,6917.806,95.436,540.577,538.764,0.0
54186.0,STARLINK-5194,PAYLOAD,2023-03-04 13:42:57,15.088399,0.0001224,53.2147,257.4282,84.1158,275.9973,-0.00015443,-2.745e-05,0.0,0 STARLINK-5194,1 54186U 22141AF  23063.57149765 -.00002745  00000-0 -15443-3 0  9992,2 54186  53.2147 257.4282 0001224  84.1158 275.9973 15.08839900 19997,6917.881,95.438,540.592,538.899,0.0
54186.0,STARLINK-5194,PAYLOAD,2023-03-04 20:04:29,15.08843178,0.0001141,53.2146,256.239,89.818,270.2943,-1.0595e-05,-4.56e-06,0.0,0 STARLINK-5194,1 54186U 22141AF  23063.83645625 -.00000456  00000-0 -10595-4 0  9998,2 54186  53.2146 256.2390 0001141  89.8180 270.2943 15.08843178 19805,6917.871,95.437,540.525,538.946,0.0
54186.0,STARLINK-5194,PAYLOAD,2023-03-05 05:36:48,15.08834392,0.0001443,53.2156,254.4546,82.4745,277.6411,-8.6599e-05,-1.666e-05,0.0,0 STARLINK-5194,1 54186U 22141AF  23064.23389941 -.00001666  00000-0 -86599-4 0  9990,2 54186  53.2156 254.4546 0001443  82.4745 277.6411 15.08834392 19865,6917.898,95.438,540.761,538.764,0.0
54186.0,STARLINK-5194,PAYLOAD,2023-03-05 19:55:17,15.08843592,0.0001221,53.216,251.7753,82.6962,277.4169,0.00050279,7.724e-05,0.0,0 STARLINK-5194,1 54186U 22141AF  23064.83006136  .00007724  00000-0  50279-3 0  9992,2 54186  53.2160 251.7753 0001221  82.6962 277.4169 15.08843592 20184,6917.869,95.437,540.579,538.89,0.0
54186.0,STARLINK-5194,PAYLOAD,2023-03-06 11:49:08,15.08831538,8.76e-05,53.2141,248.8038,70.6852,289.4234,0.00047246,7.238e-05,0.0,0 STARLINK-5194,1 54186U 22141AF  23065.49246135  .00007238  00000-0  47246-3 0  9990,2 54186  53.2141 248.8038 0000876  70.6852 289.4234 15.08831538 20280,6917.906,95.438,540.377,539.165,0.0
54186.0,STARLINK-5194,PAYLOAD,2023-03-06 19:46:04,15.08853852,0.0001074,53.215,247.3177,82.3581,277.7533,0.00083059,0.00012961,0.0,0 STARLINK-5194,1 54186U 22141AF  23065.82366044  .00012961  00000-0  83059-3 0  9990,2 54186  53.2150 247.3177 0001074  82.3581 277.7533 15.08853852 20104,6917.838,95.437,540.446,538.96,0.0
54186.0,STARLINK-5194,PAYLOAD,2023-03-07 18:01:28,15.08855683,0.0001516,53.2147,243.1538,83.5693,276.5472,0.0015883,0.00025091,0.0,0 STARLINK-5194,1 54186U 22141AF  23066.75102278  .00025091  00000-0  15883-2 0  9997,2 54186  53.2147 243.1538 0001516  83.5693 276.5472 15.08855683 20476,6917.832,95.437,540.746,538.649,0.0
54186.0,STARLINK-5194,PAYLOAD,2023-03-07 21:12:14,15.08851707,0.0001395,53.2149,242.5591,83.1815,276.9336,0.001226,0.00019284,0.0,0 STARLINK-5194,1 54186U 22141AF  23066.88350226  .00019284  00000-0  12260-2 0  9992,2 54186  53.2149 242.5591 0001395  83.1815 276.9336 15.08851707 20260,6917.845,95.437,540.675,538.745,0.0
54186.0,STARLINK-5194,PAYLOAD,2023-03-08 11:30:43,15.08849162,0.0002335,53.2153,239.8837,81.9235,278.2022,0.00090281,0.00014113,0.0,0 STARLINK-5194,1 54186U 22141AF  23067.47966632  .00014113  00000-0  90281-3 0  9998,2 54186  53.2153 239.8837 0002335  81.9235 278.2022 15.08849162 20588,6917.852,95.437,541.333,538.102,0.0
54186.0,STARLINK-5194,PAYLOAD,2023-03-08 21:03:01,15.08852855,0.0001686,53.2161,238.0998,92.2516,267.8669,0.00098468,0.00015423,0.0,0 STARLINK-5194,1 54186U 22141AF  23067.87710609  .00015423  00000-0  98468-3 0  9993,2 54186  53.2161 238.0998 0001686  92.2516 267.8669 15.08852855 20417,6917.841,95.437,540.872,538.54,0.0
54186.0,STARLINK-5194,PAYLOAD,2023-03-08 22:38:25,15.08853564,0.0001678,53.2157,237.8021,92.4795,267.6389,0.00098954,0.00015501,0.0,0 STARLINK-5194,1 54186U 22141AF  23067.94334574  .00015501  00000-0  98954-3 0  9991,2 54186  53.2157 237.8021 0001678  92.4795 267.6389 15.08853564 20659,6917.839,95.437,540.865,538.543,0.0
54186.0,STARLINK-5194,PAYLOAD,2023-03-09 17:43:02,15.08858816,0.0002836,53.21,234.2325,96.1758,263.9557,0.00063044,9.765e-05,0.0,0 STARLINK-5194,1 54186U 22141AF  23068.73822184  .00009765  00000-0  63044-3 0  9995,2 54186  53.2100 234.2325 0002836  96.1758 263.9557 15.08858816 20776,6917.823,95.436,541.65,537.726,0.0
54186.0,STARLINK-5194,PAYLOAD,2023-03-10 11:12:17,15.08844753,0.0001417,53.2155,230.9635,90.9513,269.1641,0.00018173,2.606e-05,0.0,0 STARLINK-5194,1 54186U 22141AF  23069.46686425  .00002606  00000-0  18173-3 0  9992,2 54186  53.2155 230.9635 0001417  90.9513 269.1641 15.08844753 20887,6917.866,95.437,540.711,538.751,0.0
54186.0,STARLINK-5194,PAYLOAD,2023-03-10 17:33:49,15.08845305,0.0001384,53.2157,229.7739,91.1881,268.9269,0.00016324,2.311e-05,0.0,0 STARLINK-5194,1 54186U 22141AF  23069.73182314  .00002311  00000-0  16324-3 0  9999,2 54186  53.2157 229.7739 0001384  91.1881 268.9269 15.08845305 20690,6917.864,95.437,540.687,538.772,0.0
54186.0,STARLINK-5194,PAYLOAD,2023-03-11 11:03:04,15.08833402,0.0001036,53.2148,226.5029,86.6281,273.4829,-4.6789e-05,-1.032e-05,0.0,0 STARLINK-5194,1 54186U 22141AF  23070.46046864 -.00001032  00000-0 -46789-4 0  9990,2 54186  53.2148 226.5029 0001036  86.6281 273.4829 15.08833402 21031,6917.901,95.438,540.482,539.049,0.0
54186.0,STARLINK-5194,PAYLOAD,2023-03-11 18:59:59,15.08850931,9.07e-05,53.2169,225.0157,98.4075,261.7019,0.00012364,1.681e-05,0.0,0 STARLINK-5194,1 54186U 22141AF  23070.79165907  .00001681  00000-0  12364-3 0  9995,2 54186  53.2169 225.0157 0000907  98.4075 261.7019 15.08850931 21080,6917.847,95.437,540.339,539.085,0.0
54186.0,STARLINK-5194,PAYLOAD,2023-03-11 20:35:22,15.08852648,9.78e-05,53.2174,224.7183,101.0208,259.0894,0.00014874,2.081e-05,0.0,0 STARLINK-5194,1 54186U 22141AF  23070.85789788  .00002081  00000-0  14874-3 0  9994,2 54186  53.2174 224.7183 0000978 101.0208 259.0894 15.08852648 20861,6917.842,95.437,540.383,539.03,0.0
54186.0,STARLINK-5194,PAYLOAD,2023-03-12 06:07:42,15.08833149,9.13e-05,53.2165,222.9353,94.5673,265.5423,-5.4362e-05,-1.153e-05,0.0,0 STARLINK-5194,1 54186U 22141AF  23071.25534895 -.00001153  00000-0 -54362-4 0  9994,2 54186  53.2165 222.9353 0000913  94.5673 265.5423 15.08833149 21159,6917.901,95.438,540.398,539.135,0.0
54186.0,STARLINK-5194,PAYLOAD,2023-03-12 12:29:14,15.08830727,4.68e-05,53.2156,221.7438,84.2911,275.8134,-6.9616e-05,-1.395e-05,0.0,0 STARLINK-5194,1 54186U 22141AF  23071.52031179 -.00001395  00000-0 -69616-4 0  9997,2 54186  53.2156 221.7438 0000468  84.2911 275.8134 15.08830727 20966,6917.909,95.438,540.097,539.45,0.0
54186.0,STARLINK-5194,PAYLOAD,2023-03-12 14:04:38,15.08833092,4.68e-05,53.2166,221.4464,62.4236,297.6804,-3.323e-05,-8.16e-06,0.0,0 STARLINK-5194,1 54186U 22141AF  23071.58655110 -.00000816  00000-0 -33230-4 0  9990,2 54186  53.2166 221.4464 0000468  62.4236 297.6804 15.08833092 20976,6917.902,95.438,540.09,539.443,0.0
54186.0,STARLINK-5194,PAYLOAD,2023-03-13 12:20:02,15.08837515,9.37e-05,53.2162,217.2842,71.1587,288.9506,0.000136,1.877e-05,0.0,0 STARLINK-5194,1 54186U 22141AF  23072.51391376  .00001877  00000-0  13600-3 0  9999,2 54186  53.2162 217.2842 0000937  71.1587 288.9506 15.08837515 21340,6917.888,95.438,540.401,539.105,0.0
54186.0,STARLINK-5194,PAYLOAD,2023-03-14 12:10:49,15.08840192,9.13e-05,53.2159,212.8226,84.2218,275.8878,0.00022564,3.305e-05,0.0,0 STARLINK-5194,1 54186U 22141AF  23073.50751392  .00003305  00000-0  22564-3 0  9994,2 54186  53.2159 212.8226 0000913  84.2218 275.8878 15.08840192 21266,6917.88,95.438,540.376,539.113,0.0
54186.0,STARLINK-5194,PAYLOAD,2023-03-14 15:21:35,15.08843007,9.21e-05,53.216,212.2272,104.5943,255.5152,0.00026321,3.904e-05,0.0,0 STARLINK-5194,1 54186U 22141AF  23073.63999203  .00003904  00000-0  26321-3 0  9993,2 54186  53.2160 212.2272 0000921 104.5943 255.5152 15.08843007 21519,6917.871,95.437,540.373,539.099,0.0
54186.0,STARLINK-5194,PAYLOAD,2023-03-15 10:26:12,15.08846727,0.0001098,53.2154,208.6591,100.7155,259.396,0.00017689,2.529e-05,0.0,0 STARLINK-5194,1 54186U 22141AF  23074.43486776  .00002529  00000-0  17689-3 0  9997,2 54186  53.2154 208.6591 0001098 100.7155 259.3960 15.08846727 21403,6917.86,95.437,540.484,538.965,0.0
54186.0,STARLINK-5194,PAYLOAD,2023-03-16 03:55:26,15.08846714,0.0001584,53.2133,205.3861,103.3766,256.7403,0.00016387,2.321e-05,0.0,0 STARLINK-5194,1 54186U 22141AF  23075.16350486  .00002321  00000-0  16387-3 0  9990,2 54186  53.2133 205.3861 0001584 103.3766 256.7403 15.08846714 21747,6917.86,95.437,540.821,538.629,0.0
54186.0,STARLINK-5194,PAYLOAD,2023-03-16 11:52:23,15.08819907,0.0001409,53.2155,203.9013,103.3364,256.7785,-0.00034782,-5.816e-05,0.0,0 STARLINK-5194,1 54186U 22141AF  23075.49471652 -.00005816  00000-0 -34782-3 0  9998,2 54186  53.2155 203.9013 0001409 103.3364 256.7785 15.08819907 21796,6917.942,95.439,540.782,538.832,0.0
54186.0,STARLINK-5194,PAYLOAD,2023-03-16 18:13:56,15.08828,0.0001405,53.2155,202.7115,102.3063,257.8087,-0.00013452,-2.427e-05,0.0,0 STARLINK-5194,1 54186U 22141AF  23075.75967629 -.00002427  00000-0 -13452-3 0  9997,2 54186  53.2155 202.7115 0001405 102.3063 257.8087 15.08828000 21833,6917.917,95.438,540.754,538.81,0.0
54186.0,STARLINK-5194,PAYLOAD,2023-03-17 14:53:57,15.08840097,0.0001621,53.2156,198.8483,89.2497,270.8681,0.00096699,0.00015135,0.0,0 STARLINK-5194,1 54186U 22141AF  23076.62080826  .00015135  00000-0  96699-3 0  9991,2 54186  53.2156 198.8483 0001621  89.2497 270.8681 15.08840097 21735,6917.88,95.438,540.866,538.624,0.0
54186.0,STARLINK-5194,PAYLOAD,2023-03-17 18:04:43,15.08851429,0.0001613,53.2157,198.2532,87.1384,272.9792,0.0012301,0.00019349,0.0,0 STARLINK-5194,1 54186U 22141AF  23076.75328654  .00019349  00000-0  12301-2 0  9997,2 54186  53.2157 198.2532 0001613  87.1384 272.9792 15.08851429 21982,6917.845,95.437,540.826,538.595,0.0
54186.0,STARLINK-5194,PAYLOAD,2023-03-18 14:44:43,15.08875699,0.000152,53.2161,194.3879,89.3577,270.7589,0.0012564,0.00019784,0.0,0 STARLINK-5194,1 54186U 22141AF  23077.61439720  .00019784  00000-0  12564-2 0  9994,2 54186  53.2161 194.3879 0001520  89.3577 270.7589 15.08875699 22114,6917.771,95.435,540.688,538.585,0.0
54186.0,STARLINK-5194,PAYLOAD,2023-03-18 17:55:29,15.08882201,0.000157,53.2159,193.7936,89.4959,270.6213,0.0014976,0.00023654,0.0,0 STARLINK-5194,1 54186U 22141AF  23077.74687391  .00023654  00000-0  14976-2 0  9997,2 54186  53.2159 193.7936 0001570  89.4959 270.6213 15.08882201 21904,6917.751,95.435,540.702,538.53,0.0
54186.0,STARLINK-5194,PAYLOAD,2023-03-19 00:17:02,15.08857397,0.0002212,53.2163,192.6045,82.3296,277.7947,0.00036352,5.505e-05,0.0,0 STARLINK-5194,1 54186U 22141AF  23078.01183789  .00005505  00000-0  36352-3 0  9998,2 54186  53.2163 192.6045 0002212  82.3296 277.7947 15.08857397 22178,6917.827,95.436,541.222,538.162,0.0
54186.0,STARLINK-5194,PAYLOAD,2023-03-19 14:35:30,15.08863631,0.0001181,53.2162,189.9279,94.5746,265.5381,0.00083544,0.00013042,0.0,0 STARLINK-5194,1 54186U 22141AF  23078.60798993  .00013042  00000-0  83544-3 0  9992,2 54186  53.2162 189.9279 0001181  94.5746 265.5381 15.08863631 22034,6917.808,95.436,540.49,538.856,0.0
54186.0,STARLINK-5194,PAYLOAD,2023-03-19 17:46:16,15.08858168,0.0001426,53.2161,189.3346,103.8668,256.2483,0.0013023,0.00020509,0.0,0 STARLINK-5194,1 54186U 22141AF  23078.74047053  .00020509  00000-0  13023-2 0  9991,2 54186  53.2161 189.3346 0001426 103.8668 256.2483 15.08858168 22052,6917.825,95.436,540.676,538.703,0.0
54186.0,STARLINK-5194,PAYLOAD,2023-03-20 00:07:49,15.08841764,0.00018,53.2159,188.1428,95.4981,264.6216,0.00028986,4.328e-05,0.0,0 STARLINK-5194,1 54186U 22141AF  23079.00543503  .00004328  00000-0  28986-3 0  9998,2 54186  53.2159 188.1428 0001800  95.4981 264.6216 15.08841764 22328,6917.875,95.437,540.985,538.495,0.0
54186.0,STARLINK-5194,PAYLOAD,2023-03-20 12:50:54,15.0884157,0.0001432,53.2159,185.7625,93.6864,266.4292,0.00020872,3.036e-05,0.0,0 STARLINK-5194,1 54186U 22141AF  23079.53535398  .00003036  00000-0  20872-3 0  9990,2 54186  53.2159 185.7625 0001432  93.6864 266.4292 15.08841570 22173,6917.876,95.437,540.731,538.75,0.0
54186.0,STARLINK-5194,PAYLOAD,2023-03-20 14:26:17,15.088459,0.0001302,53.2159,185.4662,95.5444,264.5696,0.00038027,5.77e-05,0.0,0 STARLINK-5194,1 54186U 22141AF  23079.60159270  .00005770  00000-0  38027-3 0  9997,2 54186  53.2159 185.4662 0001302  95.5444 264.5696 15.08845900 22181,6917.862,95.437,540.628,538.827,0.0
54186.0,STARLINK-5194,PAYLOAD,2023-03-21 12:41:41,15.08843884,0.0001013,53.2158,181.3042,93.851,266.2598,0.00033786,5.094e-05,0.0,0 STARLINK-5194,1 54186U 22141AF  23080.52895218  .00005094  00000-0  33786-3 0  9995,2 54186  53.2158 181.3042 0001013  93.8510 266.2598 15.08843884 22551,6917.869,95.437,540.434,539.033,0.0
54186.0,STARLINK-5194,PAYLOAD,2023-03-22 12:32:29,15.08842208,0.0001229,53.2157,176.8443,98.6236,261.4895,0.0016124,0.00025468,0.0,0 STARLINK-5194,1 54186U 22141AF  23081.52255823  .00025468  00000-0  16124-2 0  9991,2 54186  53.2157 176.8443 0001229  98.6236 261.4895 15.08842208 22704,6917.874,95.437,540.589,538.888,0.0
54186.0,STARLINK-5194,PAYLOAD,2023-03-22 14:07:52,15.08852969,0.0001221,53.216,176.547,98.5635,261.5495,0.0023756,0.00037736,0.0,0 STARLINK-5194,1 54186U 22141AF  23081.58879731  .00037736  00000-0  23756-2 0  9997,2 54186  53.2160 176.5470 0001221  98.5635 261.5495 15.08852969 22712,6917.841,95.437,540.55,538.861,0.0
54186.0,STARLINK-5194,PAYLOAD,2023-03-23 12:23:15,15.08853959,0.0001079,53.215,172.3847,85.8423,274.2693,0.00088602,0.00013847,0.0,0 STARLINK-5194,1 54186U 22141AF  23082.51615606  .00013847  00000-0  88602-3 0  9999,2 54186  53.2150 172.3847 0001079  85.8423 274.2693 15.08853959 22854,6917.838,95.437,540.449,538.956,0.0
54186.0,STARLINK-5194,PAYLOAD,2023-03-23 23:30:56,15.08880794,0.0001142,53.2155,170.301,100.7432,259.3689,0.0014062,0.00022188,0.0,0 STARLINK-5194,1 54186U 22141AF  23082.97982542  .00022188  00000-0  14062-2 0  9991,2 54186  53.2155 170.3010 0001142 100.7432 259.3689 15.08880794 22921,6917.756,95.435,540.411,538.831,0.0
54186.0,STARLINK-5194,PAYLOAD,2023-03-24 12:14:00,15.08917406,0.0001431,53.2168,167.9217,91.2116,268.904,0.0023634,0.00037606,0.0,0 STARLINK-5194,1 54186U 22141AF  23083.50972932  .00037606  00000-0  23634-2 0  9999,2 54186  53.2168 167.9217 0001431  91.2116 268.9040 15.08917406 22771,6917.644,95.433,540.499,538.519,0.0
54186.0,STARLINK-5194,PAYLOAD,2023-03-25 12:04:46,15.08861567,7.18e-05,53.2161,163.4602,90.1333,269.9742,-3.4095e-05,-8.31e-06,0.0,0 STARLINK-5194,1 54186U 22141AF  23084.50331418 -.00000831  00000-0 -34095-4 0  9995,2 54186  53.2161 163.4602 0000718  90.1333 269.9742 15.08861567 23158,6917.814,95.436,540.176,539.183,0.0
54186.0,STARLINK-5194,PAYLOAD,2023-03-25 21:37:05,15.08819969,9.78e-05,53.2166,161.6776,56.667,303.4416,-0.0005758,-9.435e-05,0.0,0 STARLINK-5194,1 54186U 22141AF  23084.90076291 -.00009435  00000-0 -57580-3 0  9996,2 54186  53.2166 161.6776 0000978  56.6670 303.4416 15.08819969 22985,6917.942,95.439,540.483,539.13,0.0
54186.0,STARLINK-5194,PAYLOAD,2023-03-26 11:55:37,15.08760159,0.0001171,53.2153,159.0028,90.5809,269.5318,-0.00077807,-0.00012622,0.0,0 STARLINK-5194,1 54186U 22141AF  23085.49696320 -.00012622  00000-0 -77807-3 0  9998,2 54186  53.2153 159.0028 0001171  90.5809 269.5318 15.08760159 23305,6918.124,95.443,540.8,539.179,0.0
54186.0,STARLINK-5194,PAYLOAD,2023-03-26 21:27:57,15.08777318,7.17e-05,53.2157,157.2187,74.8227,285.2845,0.00075036,0.00011654,0.0,0 STARLINK-5194,1 54186U 22141AF  23085.89441960  .00011654  00000-0  75036-3 0  9994,2 54186  53.2157 157.2187 0000717  74.8227 285.2845 15.08777318 23135,6918.072,95.442,540.433,539.441,0.0
54186.0,STARLINK-5194,PAYLOAD,2023-03-27 10:11:03,15.08819343,0.0001055,53.2149,154.8397,75.465,284.6459,0.0013379,0.00021057,0.0,0 STARLINK-5194,1 54186U 22141AF  23086.42434565  .00021057  00000-0  13379-2 0  9996,2 54186  53.2149 154.8397 0001055  75.4650 284.6459 15.08819343 23448,6917.944,95.439,540.538,539.079,0.0
54186.0,STARLINK-5194,PAYLOAD,2023-03-28 13:12:35,15.08875558,0.0001249,53.2152,149.7852,86.6133,273.5002,0.00096433,0.00015108,0.0,0 STARLINK-5194,1 54186U 22141AF  23087.55040968  .00015108  00000-0  96433-3 0  9994,2 54186  53.2152 149.7852 0001249  86.6133 273.5002 15.08875558 23616,6917.772,95.435,540.501,538.773,0.0
54186.0,STARLINK-5194,PAYLOAD,2023-03-28 22:44:53,15.08860562,0.0001199,53.2156,148.0027,100.4465,259.6662,0.00037818,5.739e-05,0.0,0 STARLINK-5194,1 54186U 22141AF  23087.94784702  .00005739  00000-0  37818-3 0  9999,2 54186  53.2156 148.0027 0001199 100.4465 259.6662 15.08860562 23675,6917.818,95.436,540.512,538.853,0.0
54186.0,STARLINK-5194,PAYLOAD,2023-03-29 11:27:58,15.08863026,0.0001263,53.2154,145.6229,97.9046,262.2089,0.00035873,5.429e-05,0.0,0 STARLINK-5194,1 54186U 22141AF  23088.47776291  .00005429  00000-0  35873-3 0  9997,2 54186  53.2154 145.6229 0001263  97.9046 262.2089 15.08863026 23522,6917.81,95.436,540.549,538.801,0.0
54186.0,STARLINK-5194,PAYLOAD,2023-03-29 21:00:17,15.0883433,7.19e-05,53.2157,143.8371,106.316,253.7911,-0.00039135,-6.509e-05,0.0,0 STARLINK-5194,1 54186U 22141AF  23088.87520415 -.00006509  00000-0 -39135-3 0  9993,2 54186  53.2157 143.8371 0000719 106.3160 253.7911 15.08834330 23817,6917.898,95.438,540.26,539.265,0.0
54186.0,STARLINK-5194,PAYLOAD,2023-03-30 09:43:23,15.08839214,0.000131,53.2153,141.4591,72.8341,287.2794,0.0017003,0.00026875,0.0,0 STARLINK-5194,1 54186U 22141AF  23089.40513102  .00026875  00000-0  17003-2 0  9993,2 54186  53.2153 141.4591 0001310  72.8341 287.2794 15.08839214 23892,6917.883,95.438,540.654,538.842,0.0
54186.0,STARLINK-5194,PAYLOAD,2023-03-31 03:12:37,15.08853058,0.0001429,53.2144,138.189,63.4141,296.6998,0.001185,0.00018628,0.0,0 STARLINK-5194,1 54186U 22141AF  23090.13377196  .00018628  00000-0  11850-2 0  9997,2 54186  53.2144 138.1890 0001429  63.4141 296.6998 15.08853058 24008,6917.84,95.437,540.694,538.717,0.0
54186.0,STARLINK-5194,PAYLOAD,2023-04-01 03:03:24,15.08850597,0.0001371,53.2147,133.7281,62.6476,297.4655,0.00057709,8.911e-05,0.0,0 STARLINK-5194,1 54186U 22141AF  23091.12737070  .00008911  00000-0  57709-3 0  9996,2 54186  53.2147 133.7281 0001371  62.6476 297.4655 15.08850597 24154,6917.848,95.437,540.661,538.765,0.0
54186.0,STARLINK-5194,PAYLOAD,2023-04-01 07:49:34,15.08844726,0.0001071,53.2149,132.8358,102.1242,257.987,0.00035462,5.361e-05,0.0,0 STARLINK-5194,1 54186U 22141AF  23091.32609043  .00005361  00000-0  35462-3 0  9994,2 54186  53.2149 132.8358 0001071 102.1242 257.9870 15.08844726 23953,6917.866,95.437,540.472,538.99,0.0
54186.0,STARLINK-5194,PAYLOAD,2023-04-02 06:04:58,15.08847571,0.0001054,53.2159,128.6716,83.9521,276.1592,0.00045781,7.007e-05,0.0,0 STARLINK-5194,1 54186U 22141AF  23092.25345188  .00007007  00000-0  45781-3 0  9998,2 54186  53.2159 128.6716 0001054  83.9521 276.1592 15.08847571 24329,6917.857,95.437,540.451,538.993,0.0
54186.0,STARLINK-5194,PAYLOAD,2023-04-02 07:40:21,15.08851357,0.000113,53.2156,128.3748,82.6375,277.4746,0.00040646,6.189e-05,0.0,0 STARLINK-5194,1 54186U 22141AF  23092.31969030  .00006189  00000-0  40646-3 0  9998,2 54186  53.2156 128.3748 0001130  82.6375 277.4746 15.08851357 24104,6917.846,95.437,540.492,538.929,0.0
54186.0,STARLINK-5194,PAYLOAD,2023-04-03 05:55:45,15.08840462,0.000118,53.2153,124.2076,103.7904,256.322,0.00015948,2.251e-05,0.0,0 STARLINK-5194,1 54186U 22141AF  23093.24705303  .00002251  00000-0  15948-3 0  9995,2 54186  53.2153 124.2076 0001180 103.7904 256.3220 15.08840462 24476,6917.879,95.438,540.56,538.928,0.0
54186.0,STARLINK-5194,PAYLOAD,2023-04-03 12:17:17,15.08841887,0.0001132,53.2159,123.0212,97.8805,262.2315,0.00015729,2.216e-05,0.0,0 STARLINK-5194,1 54186U 22141AF  23093.51201301  .00002216  00000-0  15729-3 0  9992,2 54186  53.2159 123.0212 0001132  97.8805 262.2315 15.08841887 24283,6917.875,95.437,540.523,538.957,0.0
54186.0,STARLINK-5194,PAYLOAD,2023-04-03 18:38:50,15.08841649,0.0001158,53.2154,121.8318,100.5792,259.533,0.00012558,1.711e-05,0.0,0 STARLINK-5194,1 54186U 22141AF  23093.77697322  .00001711  00000-0  12558-3 0  9998,2 54186  53.2154 121.8318 0001158 100.5792 259.5330 15.08841649 24323,6917.875,95.437,540.541,538.939,0.0
54186.0,STARLINK-5194,PAYLOAD,2023-04-04 10:32:41,15.08848521,0.0001203,53.2153,118.8582,102.0258,258.0869,0.00019117,2.757e-05,0.0,0 STARLINK-5194,1 54186U 22141AF  23094.43936876  .00002757  00000-0  19117-3 0  9991,2 54186  53.2153 118.8582 0001203 102.0258 258.0869 15.08848521 24659,6917.854,95.437,540.552,538.887,0.0
54186.0,STARLINK-5194,PAYLOAD,2023-04-05 05:37:19,15.08833202,0.0001191,53.2156,115.2896,99.4137,260.6989,3.2545e-05,2.3e-06,0.0,0 STARLINK-5194,1 54186U 22141AF  23095.23425717  .00000230  00000-0  32545-4 0  9992,2 54186  53.2156 115.2896 0001191  99.4137 260.6989 15.08833202 24777,6917.901,95.438,540.59,538.942,0.0
54186.0,STARLINK-5194,PAYLOAD,2023-04-05 08:48:05,15.08843376,0.0001155,53.2157,114.6947,101.8198,258.2923,-0.00026629,-4.524e-05,0.0,0 STARLINK-5194,1 54186U 22141AF  23095.36673149 -.00004524  00000-0 -26629-3 0  9997,2 54186  53.2157 114.6947 0001155 101.8198 258.2923 15.08843376 24799,6917.87,95.437,540.534,538.936,0.0
54186.0,STARLINK-5194,PAYLOAD,2023-04-05 18:20:24,15.08838604,0.0001085,53.2157,112.9103,92.6519,267.4597,6.4684e-05,7.42e-06,0.0,0 STARLINK-5194,1 54186U 22141AF  23095.76417561  .00000742  00000-0  64684-4 0  9995,2 54186  53.2157 112.9103 0001085  92.6519 267.4597 15.08838604 24629,6917.885,95.438,540.5,538.999,0.0
54186.0,STARLINK-5194,PAYLOAD,2023-04-06 10:14:15,15.08847294,0.0001232,53.2153,109.9377,87.3691,272.7442,0.00013218,1.817e-05,0.0,0 STARLINK-5194,1 54186U 22141AF  23096.42657181  .00001817  00000-0  13218-3 0  9993,2 54186  53.2153 109.9377 0001232  87.3691 272.7442 15.08847294 24959,6917.858,95.437,540.575,538.871,0.0
54186.0,STARLINK-5194,PAYLOAD,2023-04-06 18:11:11,15.08843485,0.0001178,53.2153,108.4508,88.1968,271.916,6.7246e-05,7.83e-06,0.0,0 STARLINK-5194,1 54186U 22141AF  23096.75777334  .00000783  00000-0  67246-4 0  9994,2 54186  53.2153 108.4508 0001178  88.1968 271.9160 15.08843485 24770,6917.87,95.437,540.55,538.92,0.0
54186.0,STARLINK-5194,PAYLOAD,2023-04-07 05:18:53,15.08841858,0.0001249,53.2153,106.3702,86.4419,273.6716,0.00017708,2.532e-05,0.0,0 STARLINK-5194,1 54186U 22141AF  23097.22145564  .00002532  00000-0  17708-3 0  9992,2 54186  53.2153 106.3702 0001249  86.4419 273.6716 15.08841858 25076,6917.875,95.437,540.604,538.876,0.0
54186.0,STARLINK-5194,PAYLOAD,2023-04-07 10:05:02,15.08846268,0.00012,53.2154,105.4775,89.0815,271.0315,0.00022587,3.309e-05,0.0,0 STARLINK-5194,1 54186U 22141AF  23097.42017308  .00003309  00000-0  22587-3 0  9992,2 54186  53.2154 105.4775 0001200  89.0815 271.0315 15.08846268 24877,6917.861,95.437,540.556,538.896,0.0
54186.0,STARLINK-5194,PAYLOAD,2023-04-08 11:31:13,15.08844252,0.0001196,53.2174,100.7181,96.2236,263.8892,1.9461e-05,2.2e-07,0.0,0 STARLINK-5194,1 54186U 22141AF  23098.48001472  .00000022  00000-0  19461-4 0  9991,2 54186  53.2174 100.7181 0001196  96.2236 263.8892 15.08844252 25263,6917.867,95.437,540.56,538.905,0.0
54186.0,STARLINK-5194,PAYLOAD,2023-04-09 11:22:00,15.08845289,0.000123,53.2175,96.2581,93.5189,266.5943,5.2214e-05,5.43e-06,0.0,0 STARLINK-5194,1 54186U 22141AF  23099.47361451  .00000543  00000-0  52214-4 0  9998,2 54186  53.2175  96.2581 0001230  93.5189 266.5943 15.08845289 25182,6917.864,95.437,540.58,538.878,0.0
54186.0,STARLINK-5194,PAYLOAD,2023-04-10 06:26:38,15.08843284,0.0001369,53.2167,92.6903,95.3226,264.7923,0.00014405,2.006e-05,0.0,0 STARLINK-5194,1 54186U 22141AF  23100.26849637  .00002006  00000-0  14405-3 0  9990,2 54186  53.2167  92.6903 0001369  95.3226 264.7923 15.08843284 25536,6917.87,95.437,540.682,538.788,0.0
54186.0,STARLINK-5194,PAYLOAD,2023-04-10 11:12:47,15.08847459,0.000127,53.2177,91.7979,92.4866,267.6272,0.00014312,1.991e-05,0.0,0 STARLINK-5194,1 54186U 22141AF  23100.46721314  .00001991  00000-0  14312-3 0  9992,2 54186  53.2177  91.7979 0001270  92.4866 267.6272 15.08847459 25334,6917.858,95.437,540.601,538.844,0.0
54186.0,STARLINK-5194,PAYLOAD,2023-04-10 15:58:57,15.08835106,0.0001266,53.2178,90.9057,94.1106,266.0031,3.6762e-05,2.97e-06,0.0,0 STARLINK-5194,1 54186U 22141AF  23100.66594329  .00000297  00000-0  36762-4 0  9990,2 54186  53.2178  90.9057 0001266  94.1106 266.0031 15.08835106 25594,6917.895,95.438,540.636,538.885,0.0
54186.0,STARLINK-5194,PAYLOAD,2023-04-11 06:17:25,15.08839669,0.000125,53.2177,88.2304,95.084,265.0295,6.605e-05,7.63e-06,0.0,0 STARLINK-5194,1 54186U 22141AF  23101.26210170  .00000763  00000-0  66050-4 0  9997,2 54186  53.2177  88.2304 0001250  95.0840 265.0295 15.08839669 25450,6917.881,95.438,540.611,538.882,0.0
54186.0,STARLINK-5194,PAYLOAD,2023-04-12 04:32:50,15.08835399,0.0001199,53.2173,84.0679,99.1086,261.0042,1.8029e-05,-1e-08,0.0,0 STARLINK-5194,1 54186U 22141AF  23102.18946847 -.00000001  00000-0  18029-4 0  9995,2 54186  53.2173  84.0679 0001199  99.1086 261.0042 15.08835399 25827,6917.894,95.438,540.589,538.93,0.0
54186.0,STARLINK-5194,PAYLOAD,2023-04-12 10:54:22,15.08841594,0.0001204,53.2164,82.8782,94.4587,265.6543,8.6898e-05,1.095e-05,0.0,0 STARLINK-5194,1 54186U 22141AF  23102.45442194  .00001095  00000-0  86898-4 0  9993,2 54186  53.2164  82.8782 0001204  94.4587 265.6543 15.08841594 25638,6917.876,95.437,540.573,538.908,0.0
54186.0,STARLINK-5194,PAYLOAD,2023-04-13 07:34:23,15.088416,0.0001194,53.2166,79.0118,89.8769,270.236,0.00014429,2.009e-05,0.0,0 STARLINK-5194,1 54186U 22141AF  23103.31554486  .00002009  00000-0  14429-3 0  9993,2 54186  53.2166  79.0118 0001194  89.8769 270.2360 15.08841600 25760,6917.875,95.437,540.566,538.915,0.0
54186.0,STARLINK-5194,PAYLOAD,2023-04-13 15:31:19,15.08837539,0.0001289,53.2168,77.5236,81.3927,278.7211,0.00011292,1.51e-05,0.0,0 STARLINK-5194,1 54186U 22141AF  23103.64674809  .00001510  00000-0  11292-3 0  9992,2 54186  53.2168  77.5236 0001289  81.3927 278.7211 15.08837539 26040,6917.888,95.438,540.645,538.861,0.0
54186.0,STARLINK-5194,PAYLOAD,2023-04-14 10:35:56,15.08845735,0.0001343,53.2167,73.9545,85.5332,274.5814,0.00017035,2.425e-05,0.0,0 STARLINK-5194,1 54186U 22141AF  23104.44162553  .00002425  00000-0  17035-3 0  9996,2 54186  53.2167  73.9545 0001343  85.5332 274.5814 15.08845735 25936,6917.863,95.437,540.657,538.799,0.0
54186.0,STARLINK-5194,PAYLOAD,2023-04-15 04:05:10,15.08852627,0.0001222,53.2166,70.6831,94.4401,265.673,0.00019203,2.771e-05,0.0,0 STARLINK-5194,1 54186U 22141AF  23105.17026079  .00002771  00000-0  19203-3 0  9992,2 54186  53.2166  70.6831 0001222  94.4401 265.6730 15.08852627 26048,6917.842,95.437,540.552,538.861,0.0
54186.0,STARLINK-5194,PAYLOAD,2023-04-15 21:34:25,15.08839972,0.0001676,53.2165,67.4143,77.7447,282.3732,9.6207e-05,1.243e-05,0.0,0 STARLINK-5194,1 54186U 22141AF  23105.89890864  .00001243  00000-0  96207-4 0  9995,2 54186  53.2165  67.4143 0001676  77.7447 282.3732 15.08839972 26152,6917.88,95.438,540.905,538.586,0.0
54186.0,STARLINK-5194,PAYLOAD,2023-04-16 03:55:58,15.08843782,0.0001305,53.2172,66.2256,79.7913,280.3226,2.9054e-05,1.75e-06,0.0,0 STARLINK-5194,1 54186U 22141AF  23106.16386583  .00000175  00000-0  29054-4 0  9993,2 54186  53.2172  66.2256 0001305  79.7913 280.3226 15.08843782 26195,6917.869,95.437,540.637,538.831,0.0
54186.0,STARLINK-5194,PAYLOAD,2023-04-17 06:57:31,15.08849577,0.0001153,53.2166,61.1702,87.7582,272.3542,0.00019612,2.836e-05,0.0,0 STARLINK-5194,1 54186U 22141AF  23107.28994296  .00002836  00000-0  19612-3 0  9997,2 54186  53.2166  61.1702 0001153  87.7582 272.3542 15.08849577 26369,6917.851,95.437,540.514,538.918,0.0
54186.0,STARLINK-5194,PAYLOAD,2023-04-18 03:37:32,15.08841547,0.0001149,53.2171,57.3071,94.9236,265.1888,0.00019812,2.867e-05,0.0,0 STARLINK-5194,1 54186U 22141AF  23108.15106817  .00002867  00000-0  19812-3 0  9994,2 54186  53.2171  57.3071 0001149  94.9236 265.1888 15.08841547 26724,6917.876,95.437,540.536,538.946,0.0
54186.0,STARLINK-5194,PAYLOAD,2023-04-18 21:06:46,15.08836546,0.0001169,53.2174,54.0331,97.2539,262.8586,-4.4624e-05,-9.98e-06,0.0,0 STARLINK-5194,1 54186U 22141AF  23108.87971025 -.00000998  00000-0 -44624-4 0  9999,2 54186  53.2174  54.0331 0001169  97.2539 262.8586 15.08836546 26838,6917.891,95.438,540.565,538.947,0.0
54186.0,STARLINK-5194,PAYLOAD,2023-04-19 06:39:05,15.08842195,0.0001167,53.2176,52.2492,95.3812,264.7313,6.8553e-05,8.03e-06,0.0,0 STARLINK-5194,1 54186U 22141AF  23109.27715024  .00000803  00000-0  68553-4 0  9999,2 54186  53.2176  52.2492 0001167  95.3812 264.7313 15.08842195 26666,6917.874,95.437,540.546,538.931,0.0
54186.0,STARLINK-5194,PAYLOAD,2023-04-20 06:29:52,15.08853685,0.000106,53.2183,47.7897,105.7683,254.3426,0.00022644,3.319e-05,0.0,0 STARLINK-5194,1 54186U 22141AF  23110.27074561  .00003319  00000-0  22644-3 0  9990,2 54186  53.2183  47.7897 0001060 105.7683 254.3426 15.08853685 27045,6917.839,95.437,540.437,538.97,0.0
54186.0,STARLINK-5194,PAYLOAD,2023-04-20 22:23:45,15.08827097,0.000106,53.2182,44.8157,80.0302,280.081,-4.0783e-05,-9.37e-06,0.0,0 STARLINK-5194,1 54186U 22141AF  23110.93316460 -.00000937  00000-0 -40783-4 0  9990,2 54186  53.2182  44.8157 0001060  80.0302 280.0810 15.08827097 27146,6917.92,95.438,540.518,539.052,0.0
54186.0,STARLINK-5194,PAYLOAD,2023-04-21 12:42:13,15.08841036,0.0001222,53.218,42.1405,82.4436,277.6695,0.00016736,2.377e-05,0.0,0 STARLINK-5194,1 54186U 22141AF  23111.52932071  .00002377  00000-0  16736-3 0  9996,2 54186  53.2180  42.1405 0001222  82.4436 277.6695 15.08841036 27237,6917.877,95.437,540.588,538.897,0.0
54186.0,STARLINK-5194,PAYLOAD,2023-04-22 04:36:03,15.08865846,0.0001282,53.2171,39.1665,80.6718,279.4419,0.00072486,0.00011275,0.0,0 STARLINK-5194,1 54186U 22141AF  23112.19171185  .00011275  00000-0  72486-3 0  9992,2 54186  53.2171  39.1665 0001282  80.6718 279.4419 15.08865846 27330,6917.801,95.436,540.553,538.78,0.0
54186.0,STARLINK-5194,PAYLOAD,2023-04-23 04:26:50,15.08863432,0.0001197,53.2172,34.7055,97.0519,263.0609,0.00047799,7.332e-05,0.0,0 STARLINK-5194,1 54186U 22141AF  23113.18530616  .00007332  00000-0  47799-3 0  9998,2 54186  53.2172  34.7055 0001197  97.0519 263.0609 15.08863432 27486,6917.809,95.436,540.502,538.846,0.0
54186.0,STARLINK-5194,PAYLOAD,2023-04-24 04:17:37,15.089112,0.0001368,53.2175,30.2451,92.0029,268.112,0.0042213,0.00067671,0.0,0 STARLINK-5194,1 54186U 22141AF  23114.17890656  .00067671  00000-0  42213-2 0  9998,2 54186  53.2175  30.2451 0001368  92.0029 268.1120 15.08911200 27404,6917.663,95.433,540.474,538.581,0.0
54186.0,STARLINK-5194,PAYLOAD,2023-04-25 00:57:36,15.08888753,0.0001182,53.2177,26.3765,87.7946,272.3181,0.00082782,0.00012929,0.0,0 STARLINK-5194,1 54186U 22141AF  23115.04000598  .00012929  00000-0  82782-3 0  9995,2 54186  53.2177  26.3765 0001182  87.7946 272.3181 15.08888753 27762,6917.731,95.434,540.414,538.779,0.0
54186.0,STARLINK-5194,PAYLOAD,2023-04-25 05:43:45,15.08896176,0.0001149,53.2175,25.4836,89.2983,270.8141,0.00088678,0.00013875,0.0,0 STARLINK-5194,1 54186U 22141AF  23115.23871805  .00013875  00000-0  88678-3 0  9994,2 54186  53.2175  25.4836 0001149  89.2983 270.8141 15.08896176 27565,6917.709,95.434,540.369,538.779,0.0
54186.0,STARLINK-5194,PAYLOAD,2023-04-26 05:34:36,15.0877169,0.0001144,53.2174,21.0265,85.9818,274.1305,-0.0010955,-0.00017647,0.0,0 STARLINK-5194,1 54186U 22141AF  23116.23237147 -.00017647  00000-0 -10955-2 0  9995,2 54186  53.2174  21.0265 0001144  85.9818 274.1305 15.08771690 27716,6918.089,95.442,540.746,539.163,0.0
54186.0,STARLINK-5194,PAYLOAD,2023-04-26 18:17:41,15.08811345,0.0001282,53.2169,18.6509,112.3317,247.7811,0.00080805,0.00012585,0.0,0 STARLINK-5194,1 54186U 22141AF  23116.76228843  .00012585  00000-0  80805-3 0  9992,2 54186  53.2169  18.6509 0001282 112.3317 247.7811 15.08811345 27793,6917.968,95.439,540.72,538.946,0.0
54186.0,STARLINK-5194,PAYLOAD,2023-04-27 03:50:00,15.0884411,0.0001383,53.2172,16.8658,110.8873,249.2267,0.0011663,0.00018324,0.0,0 STARLINK-5194,1 54186U 22141AF  23117.15972436  .00018324  00000-0  11663-2 0  9992,2 54186  53.2172  16.8658 0001383 110.8873 249.2267 15.08844110 27859,6917.868,95.437,540.69,538.776,0.0
54186.0,STARLINK-5194,PAYLOAD,2023-04-27 16:33:05,15.08853667,0.0001581,53.2161,14.4852,101.5133,258.6037,0.0007215,0.00011218,0.0,0 STARLINK-5194,1 54186U 22141AF  23117.68965018  .00011218  00000-0  72150-3 0  9992,2 54186  53.2161  14.4852 0001581 101.5133 258.6037 15.08853667 28164,6917.839,95.437,540.797,538.61,0.0
54186.0,STARLINK-5194,PAYLOAD,2023-04-28 10:02:19,15.08858272,0.0001345,53.217,11.2168,83.9916,276.1229,0.00017239,2.458e-05,0.0,0 STARLINK-5194,1 54186U 22141AF  23118.41828078  .00002458  00000-0  17239-3 0  9991,2 54186  53.2170  11.2168 0001345  83.9916 276.1229 15.08858272 28276,6917.825,95.436,540.62,538.759,0.0
54186.0,STARLINK-5194,PAYLOAD,2023-04-28 21:10:01,15.08841378,8.45e-05,53.2177,9.1333,107.3078,252.8007,-0.00017513,-3.074e-05,0.0,0 STARLINK-5194,1 54186U 22141AF  23118.88196131 -.00003074  00000-0 -17513-3 0  9992,2 54186  53.2177   9.1333 0000845 107.3078 252.8007 15.08841378 28349,6917.876,95.437,540.326,539.157,0.0
54186.0,STARLINK-5194,PAYLOAD,2023-04-29 00:20:47,15.08849811,0.0001089,53.2172,8.5397,93.8056,266.306,8.3282e-05,1.038e-05,0.0,0 STARLINK-5194,1 54186U 22141AF  23119.01444040  .00001038  00000-0  83282-4 0  9996,2 54186  53.2172   8.5397 0001089  93.8056 266.3060 15.08849811 28364,6917.85,95.437,540.469,538.962,0.0
54186.0,STARLINK-5194,PAYLOAD,2023-04-29 16:14:39,15.08843895,0.0001044,53.2177,5.5662,89.5033,270.6079,0.00022295,3.263e-05,0.0,0 STARLINK-5194,1 54186U 22141AF  23119.67684124  .00003263  00000-0  22295-3 0  9995,2 54186  53.2177   5.5662 0001044  89.5033 270.6079 15.08843895 28464,6917.868,95.437,540.456,539.011,0.0
54186.0,STARLINK-5194,PAYLOAD,2023-04-30 00:11:34,15.08850719,0.0001207,53.2172,4.0794,90.5613,269.5517,0.00029227,4.368e-05,0.0,0 STARLINK-5194,1 54186U 22141AF  23120.00803808  .00004368  00000-0  29227-3 0  9995,2 54186  53.2172   4.0794 0001207  90.5613 269.5517 15.08850719 28283,6917.848,95.437,540.548,538.878,0.0
54186.0,STARLINK-5194,PAYLOAD,2023-04-30 20:51:35,15.0883735,0.0001261,53.2173,0.2153,87.0521,273.0616,4.1163e-05,3.67e-06,0.0,0 STARLINK-5194,1 54186U 22141AF  23120.86916414  .00000367  00000-0  41163-4 0  9996,2 54186  53.2173   0.2153 0001261  87.0521 273.0616 15.08837350 28646,6917.888,95.438,540.626,538.881,0.0
54186.0,STARLINK-5194,PAYLOAD,2023-05-01 06:23:54,15.08844181,0.000127,53.2169,358.4294,95.8973,264.2163,0.00010995,1.463e-05,0.0,0 STARLINK-5194,1 54186U 22141AF  23121.26660197  .00001463  00000-0  10995-3 0  9991,2 54186  53.2169 358.4294 0001270  95.8973 264.2163 15.08844181 28473,6917.868,95.437,540.611,538.854,0.0
54186.0,STARLINK-5194,PAYLOAD,2023-05-01 20:42:23,15.08838048,0.0001446,53.2185,355.7545,94.0745,266.0413,1.5083e-05,-4.8e-07,0.0,0 STARLINK-5194,1 54186U 22141AF  23121.86276670 -.00000048  00000-0  15083-4 0  9999,2 54186  53.2185 355.7545 0001446  94.0745 266.0413 15.08838048 28566,6917.886,95.438,540.752,538.751,0.0
54186.0,STARLINK-5194,PAYLOAD,2023-05-02 01:28:32,15.08842656,0.0001409,53.218,354.8601,98.081,262.0342,6.8402e-05,8.01e-06,0.0,0 STARLINK-5194,1 54186U 22141AF  23122.06148388  .00000801  00000-0  68402-4 0  9995,2 54186  53.2180 354.8601 0001409  98.0810 262.0342 15.08842656 28826,6917.872,95.437,540.712,538.763,0.0
54186.0,STARLINK-5194,PAYLOAD,2023-05-02 20:33:09,15.08847137,0.000132,53.2172,351.291,104.1867,255.9271,0.00019907,2.882e-05,0.0,0 STARLINK-5194,1 54186U 22141AF  23122.85636036  .00002882  00000-0  19907-3 0  9990,2 54186  53.2172 351.2910 0001320 104.1867 255.9271 15.08847137 28713,6917.859,95.437,540.637,538.81,0.0
54186.0,STARLINK-5194,PAYLOAD,2023-05-03 01:19:18,15.08854052,0.0001293,53.2177,350.3992,89.6859,270.4281,0.00036042,5.455e-05,0.0,0 STARLINK-5194,1 54186U 22141AF  23123.05507901  .00005455  00000-0  36042-3 0  9999,2 54186  53.2177 350.3992 0001293  89.6859 270.4281 15.08854052 28970,6917.837,95.437,540.597,538.808,0.0
54186.0,STARLINK-5194,PAYLOAD,2023-05-03 20:23:56,15.08838194,0.0001138,53.2167,346.8293,112.8312,247.28,-1.0082e-05,-4.48e-06,0.0,0 STARLINK-5194,1 54186U 22141AF  23123.84996405 -.00000448  00000-0 -10082-4 0  9993,2 54186  53.2167 346.8293 0001138 112.8312 247.2800 15.08838194 29096,6917.886,95.438,540.538,538.964,0.0
54186.0,STARLINK-5194,PAYLOAD,2023-05-04 13:53:11,15.08842075,0.0001021,53.216,343.561,103.295,256.8156,0.00018398,2.642e-05,0.0,0 STARLINK-5194,1 54186U 22141AF  23124.57860534  .00002642  00000-0  18398-3 0  9990,2 54186  53.2160 343.5610 0001021 103.2950 256.8156 15.08842075 28978,6917.874,95.437,540.445,539.033,0.0
54186.0,STARLINK-5194,PAYLOAD,2023-05-04 21:50:07,15.08843143,0.0001028,53.2162,342.0742,109.1624,250.9479,0.00039058,5.934e-05,0.0,0 STARLINK-5194,1 54186U 22141AF  23124.90980619  .00005934  00000-0  39058-3 0  9997,2 54186  53.2162 342.0742 0001028 109.1624 250.9479 15.08843143 29252,6917.871,95.437,540.447,539.025,0.0
54186.0,STARLINK-5194,PAYLOAD,2023-05-05 20:05:31,15.08841638,0.0001501,53.2177,337.9104,123.8262,236.2873,0.00020031,2.902e-05,0.0,0 STARLINK-5194,1 54186U 22141AF  23125.83716847  .00002902  00000-0  20031-3 0  9993,2 54186  53.2177 337.9104 0001501 123.8262 236.2873 15.08841638 29397,6917.875,95.437,540.779,538.702,0.0
54186.0,STARLINK-5194,PAYLOAD,2023-05-05 23:16:17,15.08842594,0.0001026,53.2155,337.3159,90.612,269.4989,0.0003383,5.101e-05,0.0,0 STARLINK-5194,1 54186U 22141AF  23125.96964974  .00005101  00000-0  33830-3 0  9998,2 54186  53.2155 337.3159 0001026  90.6120 269.4989 15.08842594 29188,6917.872,95.437,540.447,539.028,0.0
54186.0,STARLINK-5194,PAYLOAD,2023-05-06 21:31:41,15.08846935,0.0001186,53.2155,333.1554,72.5964,287.5157,0.00046484,7.119e-05,0.0,0 STARLINK-5194,1 54186U 22141AF  23126.89701141  .00007119  00000-0  46484-3 0  9996,2 54186  53.2155 333.1554 0001186  72.5964 287.5157 15.08846935 29555,6917.859,95.437,540.545,538.904,0.0
54186.0,STARLINK-5194,PAYLOAD,2023-05-07 19:47:05,15.08843242,8.6e-05,53.2156,328.9886,95.7065,264.4025,0.00017115,2.437e-05,0.0,0 STARLINK-5194,1 54186U 22141AF  23127.82437163  .00002437  00000-0  17115-3 0  9997,2 54186  53.2156 328.9886 0000860  95.7065 264.4025 15.08843242 29694,6917.87,95.437,540.33,539.141,0.0
54186.0,STARLINK-5194,PAYLOAD,2023-05-08 19:37:52,15.08849931,0.0001042,53.2164,324.5258,103.1836,256.9272,0.00013558,1.871e-05,0.0,0 STARLINK-5194,1 54186U 22141AF  23128.81796831  .00001871  00000-0  13558-3 0  9995,2 54186  53.2164 324.5258 0001042 103.1836 256.9272 15.08849931 29614,6917.85,95.437,540.436,538.994,0.0
54186.0,STARLINK-5194,PAYLOAD,2023-05-10 00:14:49,15.08846273,8.2e-05,53.2158,319.1793,77.9911,282.1173,0.0002272,3.331e-05,0.0,0 STARLINK-5194,1 54186U 22141AF  23130.01028963  .00003331  00000-0  22720-3 0  9998,2 54186  53.2158 319.1793 0000820  77.9911 282.1173 15.08846273 29792,6917.861,95.437,540.293,539.159,0.0
54186.0,STARLINK-5194,PAYLOAD,2023-05-10 19:19:26,15.08845883,9.44e-05,53.2172,315.609,94.4229,265.6871,0.00010358,1.361e-05,0.0,0 STARLINK-5194,1 54186U 22141AF  23130.80516995  .00001361  00000-0  10358-3 0  9997,2 54186  53.2172 315.6090 0000944  94.4229 265.6871 15.08845883 30140,6917.862,95.437,540.38,539.074,0.0
54186.0,STARLINK-5194,PAYLOAD,2023-05-11 04:51:45,15.0884852,9.31e-05,53.217,313.8253,93.3633,266.7465,5.7743e-05,6.32e-06,0.0,0 STARLINK-5194,1 54186U 22141AF  23131.20260761  .00000632  00000-0  57743-4 0  9999,2 54186  53.2170 313.8253 0000931  93.3633 266.7465 15.08848520 29973,6917.854,95.437,540.363,539.075,0.0
54186.0,STARLINK-5194,PAYLOAD,2023-05-11 19:10:14,15.08831046,8.57e-05,53.2153,311.1508,67.8031,292.3052,0.00011379,1.523e-05,0.0,0 STARLINK-5194,1 54186U 22141AF  23131.79878016  .00001523  00000-0  11379-3 0  9995,2 54186  53.2153 311.1508 0000857  67.8031 292.3052 15.08831046 30292,6917.908,95.438,540.366,539.18,0.0
54186.0,STARLINK-5194,PAYLOAD,2023-05-12 04:42:33,15.08839255,9.31e-05,53.2161,309.3641,91.3878,268.7221,3.1618e-06,-2.37e-06,0.0,0 STARLINK-5194,1 54186U 22141AF  23132.19621680 -.00000237  00000-0  31618-5 0  9995,2 54186  53.2161 309.3641 0000931  91.3878 268.7221 15.08839255 30129,6917.883,95.438,540.392,539.104,0.0
54186.0,STARLINK-5194,PAYLOAD,2023-05-12 17:25:38,15.0883822,9.02e-05,53.2158,306.9853,94.2328,265.8767,3.2851e-05,2.35e-06,0.0,0 STARLINK-5194,1 54186U 22141AF  23132.72613971  .00000235  00000-0  32851-4 0  9994,2 54186  53.2158 306.9853 0000902  94.2328 265.8767 15.08838220 30206,6917.886,95.438,540.375,539.127,0.0
54186.0,STARLINK-5194,PAYLOAD,2023-05-13 04:33:19,15.08847882,9.22e-05,53.2165,304.9027,80.53,279.5796,5.7106e-05,6.21e-06,0.0,0 STARLINK-5194,1 54186U 22141AF  23133.18981270  .00000621  00000-0  57106-4 0  9994,2 54186  53.2165 304.9027 0000922  80.5300 279.5796 15.08847882 30506,6917.856,95.437,540.359,539.083,0.0
54186.0,STARLINK-5194,PAYLOAD,2023-05-13 18:51:48,15.08842238,0.0001186,53.2179,302.2253,71.0553,289.0567,0.00010319,1.355e-05,0.0,0 STARLINK-5194,1 54186U 22141AF  23133.78597691  .00001355  00000-0  10319-3 0  9999,2 54186  53.2179 302.2253 0001186  71.0553 289.0567 15.08842238 30592,6917.874,95.437,540.559,538.918,0.0
54186.0,STARLINK-5194,PAYLOAD,2023-05-14 04:24:07,15.08838357,0.000111,53.2176,300.4432,81.3511,278.7607,9.2172e-05,1.179e-05,0.0,0 STARLINK-5194,1 54186U 22141AF  23134.18341982  .00001179  00000-0  92172-4 0  9996,2 54186  53.2176 300.4432 0001110  81.3511 278.7607 15.08838357 30422,6917.885,95.438,540.518,538.983,0.0
54186.0,STARLINK-5194,PAYLOAD,2023-05-14 20:17:58,15.08841402,0.0001154,53.2177,297.4661,83.4523,276.66,3.137e-05,2.11e-06,0.0,0 STARLINK-5194,1 54186U 22141AF  23134.84581987  .00000211  00000-0  31370-4 0  9999,2 54186  53.2177 297.4661 0001154  83.4523 276.6600 15.08841402 30757,6917.876,95.437,540.539,538.943,0.0
54186.0,STARLINK-5194,PAYLOAD,2023-05-15 04:14:54,15.0884067,0.0001181,53.2175,295.9805,81.5454,278.5672,2.461e-05,1.04e-06,0.0,0 STARLINK-5194,1 54186U 22141AF  23135.17702069  .00000104  00000-0  24610-4 0  9992,2 54186  53.2175 295.9805 0001181  81.5454 278.5672 15.08840670 30576,6917.878,95.438,540.56,538.926,0.0
54186.0,STARLINK-5194,PAYLOAD,2023-05-15 16:57:59,15.08842645,0.0001066,53.2171,293.601,82.4214,277.6899,8.501e-05,1.065e-05,0.0,0 STARLINK-5194,1 54186U 22141AF  23135.70693688  .00001065  00000-0  85010-4 0  9995,2 54186  53.2171 293.6010 0001066  82.4214 277.6899 15.08842645 30655,6917.872,95.437,540.475,539.0,0.0
54186.0,STARLINK-5194,PAYLOAD,2023-05-16 13:38:00,15.08831188,0.0001155,53.2171,289.7338,94.5352,265.5772,0.00014235,1.978e-05,0.0,0 STARLINK-5194,1 54186U 22141AF  23136.56806335  .00001978  00000-0  14235-3 0  9998,2 54186  53.2171 289.7338 0001155  94.5352 265.5772 15.08831188 30780,6917.907,95.438,540.571,538.973,0.0
54186.0,STARLINK-5194,PAYLOAD,2023-05-16 16:48:46,15.08838326,9.69e-05,53.2162,289.1401,92.0097,268.1006,0.00010703,1.416e-05,0.0,0 STARLINK-5194,1 54186U 22141AF  23136.70053923  .00001416  00000-0  10703-3 0  9994,2 54186  53.2162 289.1401 0000969  92.0097 268.1006 15.08838326 31035,6917.886,95.438,540.421,539.08,0.0
54186.0,STARLINK-5194,PAYLOAD,2023-05-17 16:39:33,15.08837432,7.33e-05,53.2168,284.6829,81.9492,278.1584,3.5809e-05,2.82e-06,0.0,0 STARLINK-5194,1 54186U 22141AF  23137.69414260  .00000282  00000-0  35809-4 0  9993,2 54186  53.2168 284.6829 0000733  81.9492 278.1584 15.08837432 30959,6917.888,95.438,540.26,539.246,0.0
54186.0,STARLINK-5194,PAYLOAD,2023-05-18 02:11:52,15.08842661,8.74e-05,53.2163,282.8985,82.6152,277.494,-6.3379e-06,-3.89e-06,0.0,0 STARLINK-5194,1 54186U 22141AF  23138.09158041 -.00000389  00000-0 -63379-5 0  9994,2 54186  53.2163 282.8985 0000874  82.6152 277.4940 15.08842661 31245,6917.872,95.437,540.342,539.133,0.0
54186.0,STARLINK-5194,PAYLOAD,2023-05-18 13:19:34,15.08835326,9.88e-05,53.2172,280.8177,91.5434,268.5671,1.272e-05,-8.5e-07,0.0,0 STARLINK-5194,1 54186U 22141AF  23138.55526584 -.00000085  00000-0  12720-4 0  9991,2 54186  53.2172 280.8177 0000988  91.5434 268.5671 15.08835326 31088,6917.895,95.438,540.443,539.076,0.0
54186.0,STARLINK-5194,PAYLOAD,2023-05-18 21:16:29,15.08845135,9.14e-05,53.2157,279.3293,94.2515,265.8581,8.4387e-05,1.056e-05,0.0,0 STARLINK-5194,1 54186U 22141AF  23138.88645698  .00001056  00000-0  84387-4 0  9991,2 54186  53.2157 279.3293 0000914  94.2515 265.8581 15.08845135 31137,6917.865,95.437,540.362,539.097,0.0
54186.0,STARLINK-5194,PAYLOAD,2023-05-19 02:02:40,15.08827854,0.0001541,53.2151,278.4356,89.4101,270.7067,-1.4697e-05,-5.22e-06,0.0,0 STARLINK-5194,1 54186U 22141AF  23139.08519277 -.00000522  00000-0 -14697-4 0  9993,2 54186  53.2151 278.4356 0001541  89.4101 270.7067 15.08827854 31395,6917.918,95.438,540.849,538.716,0.0
54186.0,STARLINK-5194,PAYLOAD,2023-05-19 16:21:08,15.08836983,6.53e-05,53.2182,275.7604,89.5013,270.6054,1.7124e-05,-1.5e-07,0.0,0 STARLINK-5194,1 54186U 22141AF  23139.68134557 -.00000015  00000-0  17124-4 0  9997,2 54186  53.2182 275.7604 0000653  89.5013 270.6054 15.08836983 31489,6917.89,95.438,540.206,539.303,0.0
54186.0,STARLINK-5194,PAYLOAD,2023-05-20 01:53:26,15.08843066,8.67e-05,53.2175,273.9759,86.8057,273.3035,9.0427e-05,1.152e-05,0.0,0 STARLINK-5194,1 54186U 22141AF  23140.07877957  .00001152  00000-0  90427-4 0  9999,2 54186  53.2175 273.9759 0000867  86.8057 273.3035 15.08843066 31543,6917.871,95.437,540.336,539.136,0.0
54186.0,STARLINK-5194,PAYLOAD,2023-05-20 16:11:54,15.08856463,0.0001107,53.2168,271.2988,82.391,277.7208,0.00010752,1.425e-05,0.0,0 STARLINK-5194,1 54186U 22141AF  23140.67493252  .00001425  00000-0  10752-3 0  9992,2 54186  53.2168 271.2988 0001107  82.3910 277.7208 15.08856463 31632,6917.83,95.437,540.461,538.929,0.0
54186.0,STARLINK-5194,PAYLOAD,2023-05-21 01:44:13,15.08837846,0.0001413,53.2175,269.5111,87.7639,272.3515,8.6769e-05,1.093e-05,0.0,0 STARLINK-5194,1 54186U 22141AF  23141.07238358  .00001093  00000-0  86769-4 0  9994,2 54186  53.2175 269.5111 0001413  87.7639 272.3515 15.08837846 31697,6917.887,95.438,540.729,538.774,0.0
54186.0,STARLINK-5194,PAYLOAD,2023-05-21 11:16:33,15.08827254,0.0001153,53.2157,267.7326,96.1357,263.9767,-3.0732e-05,-7.77e-06,0.0,0 STARLINK-5194,1 54186U 22141AF  23141.46983507 -.00000777  00000-0 -30732-4 0  9999,2 54186  53.2157 267.7326 0001153  96.1357 263.9767 15.08827254 31526,6917.919,95.438,540.582,538.987,0.0
54186.0,STARLINK-5194,PAYLOAD,2023-05-21 16:02:42,15.08836277,0.0001031,53.2161,266.84,97.1479,262.963,-2.6059e-05,-7.02e-06,0.0,0 STARLINK-5194,1 54186U 22141AF  23141.66854970 -.00000702  00000-0 -26059-4 0  9997,2 54186  53.2161 266.8400 0001031  97.1479 262.9630 15.08836277 31551,6917.892,95.438,540.47,539.044,0.0
54186.0,STARLINK-5194,PAYLOAD,2023-05-22 01:35:01,15.08836156,0.0001027,53.2164,265.0554,94.1327,265.9782,-1.9605e-05,-6e-06,0.0,0 STARLINK-5194,1 54186U 22141AF  23142.06599048 -.00000600  00000-0 -19605-4 0  9990,2 54186  53.2164 265.0554 0001027  94.1327 265.9782 15.08836156 31848,6917.892,95.438,540.468,539.047,0.0
54186.0,STARLINK-5194,PAYLOAD,2023-05-22 07:56:34,15.08836883,9.62e-05,53.2165,263.8659,94.2984,265.8119,3.5838e-05,2.83e-06,0.0,0 STARLINK-5194,1 54186U 22141AF  23142.33094913  .00000283  00000-0  35838-4 0  9992,2 54186  53.2165 263.8659 0000962  94.2984 265.8119 15.08836883 31657,6917.89,95.438,540.42,539.089,0.0
54186.0,STARLINK-5194,PAYLOAD,2023-05-22 17:28:52,15.08851421,0.0001099,53.2161,262.0812,97.8997,262.212,3.0948e-05,2.05e-06,0.0,0 STARLINK-5194,1 54186U 22141AF  23142.72838074  .00000205  00000-0  30948-4 0  9990,2 54186  53.2161 262.0812 0001099  97.8997 262.2120 15.08851421 31940,6917.845,95.437,540.471,538.95,0.0
54186.0,STARLINK-5194,PAYLOAD,2023-05-23 10:58:07,15.08834734,0.0001408,53.2158,258.81,104.4921,255.6227,0.00013856,1.918e-05,0.0,0 STARLINK-5194,1 54186U 22141AF  23143.45702899  .00001918  00000-0  13856-3 0  9996,2 54186  53.2158 258.8100 0001408 104.4921 255.6227 15.08834734 32050,6917.896,95.438,540.736,538.787,0.0
54186.0,STARLINK-5194,PAYLOAD,2023-05-23 14:08:53,15.08839698,0.0001335,53.2165,258.2151,104.7214,255.3926,0.00011305,1.512e-05,0.0,0 STARLINK-5194,1 54186U 22141AF  23143.58950718  .00001512  00000-0  11305-3 0  9992,2 54186  53.2165 258.2151 0001335 104.7214 255.3926 15.08839698 31848,6917.881,95.438,540.67,538.823,0.0
54186.0,STARLINK-5194,PAYLOAD,2023-05-24 13:59:40,15.08844067,0.0001329,53.2182,253.7552,105.1325,254.9814,2.7419e-05,1.49e-06,0.0,0 STARLINK-5194,1 54186U 22141AF  23144.58310790  .00000149  00000-0  27419-4 0  9992,2 54186  53.2182 253.7552 0001329 105.1325 254.9814 15.08844067 32223,6917.868,95.437,540.652,538.814,0.0
54186.0,STARLINK-5194,PAYLOAD,2023-05-25 13:50:27,15.08838711,0.0001243,53.2178,249.2968,92.8392,267.2743,2.7545e-05,1.51e-06,0.0,0 STARLINK-5194,1 54186U 22141AF  23145.57671190  .00000151  00000-0  27545-4 0  9999,2 54186  53.2178 249.2968 0001243  92.8392 267.2743 15.08838711 32148,6917.884,95.438,540.609,538.889,0.0
54186.0,STARLINK-5194,PAYLOAD,2023-05-26 12:05:51,15.08840412,0.00011,53.2163,245.1318,87.8331,272.2787,4.711e-05,4.62e-06,0.0,0 STARLINK-5194,1 54186U 22141AF  23146.50407046  .00000462  00000-0  47110-4 0  9995,2 54186  53.2163 245.1318 0001100  87.8331 272.2787 15.08840412 32285,6917.879,95.438,540.505,538.983,0.0
54186.0,STARLINK-5194,PAYLOAD,2023-05-26 23:13:33,15.0883856,0.0001101,53.2165,243.0499,84.669,275.4428,5.0611e-05,5.18e-06,0.0,0 STARLINK-5194,1 54186U 22141AF  23146.96775153  .00000518  00000-0  50611-4 0  9994,2 54186  53.2165 243.0499 0001101  84.6690 275.4428 15.08838560 32589,6917.885,95.438,540.511,538.988,0.0
54186.0,STARLINK-5194,PAYLOAD,2023-05-27 16:42:48,15.08841526,0.0001068,53.216,239.7802,90.7254,269.386,7.0824e-05,8.4e-06,0.0,0 STARLINK-5194,1 54186U 22141AF  23147.69638981  .00000840  00000-0  70824-4 0  9998,2 54186  53.2160 239.7802 0001068  90.7254 269.3860 15.08841526 32465,6917.876,95.437,540.48,539.002,0.0
54186.0,STARLINK-5194,PAYLOAD,2023-05-28 05:25:53,15.08841571,9.97e-05,53.2158,237.4017,92.823,267.2876,2.8681e-05,1.69e-06,0.0,0 STARLINK-5194,1 54186U 22141AF  23148.22631205  .00000169  00000-0  28681-4 0  9998,2 54186  53.2158 237.4017 0000997  92.8230 267.2876 15.08841571 32545,6917.876,95.437,540.43,539.051,0.0
54186.0,STARLINK-5194,PAYLOAD,2023-05-28 10:12:02,15.08841718,9.78e-05,53.2158,236.5095,92.3047,267.8057,2.6033e-05,1.27e-06,0.0,0 STARLINK-5194,1 54186U 22141AF  23148.42503177  .00000127  00000-0  26033-4 0  9999,2 54186  53.2158 236.5095 0000978  92.3047 267.8057 15.08841718 32800,6917.875,95.437,540.417,539.064,0.0
54186.0,STARLINK-5194,PAYLOAD,2023-05-28 16:33:34,15.08848612,9.98e-05,53.2158,235.3199,90.8623,269.2483,8.2741e-05,1.03e-05,0.0,0 STARLINK-5194,1 54186U 22141AF  23148.68998504  .00001030  00000-0  82741-4 0  9991,2 54186  53.2158 235.3199 0000998  90.8623 269.2483 15.08848612 32840,6917.854,95.437,540.409,539.029,0.0
54186.0,STARLINK-5194,PAYLOAD,2023-05-29 10:02:49,15.08839861,9.69e-05,53.2158,232.0488,84.8695,275.2407,6.8519e-05,8.03e-06,0.0,0 STARLINK-5194,1 54186U 22141AF  23149.41863001  .00000803  00000-0  68519-4 0  9990,2 54186  53.2158 232.0488 0000969  84.8695 275.2407 15.08839861 32956,6917.881,95.438,540.416,539.075,0.0
54186.0,STARLINK-5194,PAYLOAD,2023-05-29 13:13:35,15.08845976,0.0001019,53.2158,231.4532,85.4967,274.6142,5.2387e-05,5.46e-06,0.0,0 STARLINK-5194,1 54186U 22141AF  23149.55110637  .00000546  00000-0  52387-4 0  9995,2 54186  53.2158 231.4532 0001019  85.4967 274.6142 15.08845976 32745,6917.862,95.437,540.432,539.022,0.0
54186.0,STARLINK-5194,PAYLOAD,2023-05-29 14:48:58,15.08848136,0.0001028,53.2157,231.1558,85.5791,274.5319,6.9529e-05,8.19e-06,0.0,0 STARLINK-5194,1 54186U 22141AF  23149.61734420  .00000819  00000-0  69529-4 0  9993,2 54186  53.2157 231.1558 0001028  85.5791 274.5319 15.08848136 32987,6917.856,95.437,540.432,539.009,0.0
54186.0,STARLINK-5194,PAYLOAD,2023-05-29 22:45:54,15.08839624,0.0001148,53.2155,229.6686,86.1074,274.0049,1.2557e-05,-8.8e-07,0.0,0 STARLINK-5194,1 54186U 22141AF  23149.94855073 -.00000088  00000-0  12557-4 0  9995,2 54186  53.2155 229.6686 0001148  86.1074 274.0049 15.08839624 33037,6917.882,95.438,540.541,538.952,0.0
54186.0,STARLINK-5194,PAYLOAD,2023-05-30 11:29:00,15.08836379,0.0001151,53.216,227.29,86.0641,274.0482,-4.8656e-05,-1.062e-05,0.0,0 STARLINK-5194,1 54186U 22141AF  23150.47847575 -.00001062  00000-0 -48656-4 0  9996,2 54186  53.2160 227.2900 0001151  86.0641 274.0482 15.08836379 32886,6917.891,95.438,540.553,538.96,0.0
54186.0,STARLINK-5194,PAYLOAD,2023-05-31 11:19:46,15.08843213,0.0001136,53.2158,222.8282,94.9956,265.1166,2.0802e-05,4.3e-07,0.0,0 STARLINK-5194,1 54186U 22141AF  23151.47206886  .00000043  00000-0  20802-4 0  9990,2 54186  53.2158 222.8282 0001136  94.9956 265.1166 15.08843213 33030,6917.871,95.437,540.521,538.95,0.0
54186.0,STARLINK-5194,PAYLOAD,2023-05-31 14:30:32,15.08843382,0.0001137,53.2157,222.2335,94.9982,265.114,2.2819e-05,7.5e-07,0.0,0 STARLINK-5194,1 54186U 22141AF  23151.60454844  .00000075  00000-0  22819-4 0  9999,2 54186  53.2157 222.2335 0001137  94.9982 265.1140 15.08843382 33288,6917.87,95.437,540.522,538.948,0.0
54186.0,STARLINK-5194,PAYLOAD,2023-06-01 11:10:33,15.08843063,0.0001144,53.2158,218.3688,85.8749,274.2374,0.00010382,1.365e-05,0.0,0 STARLINK-5194,1 54186U 22141AF  23152.46566620  .00001365  00000-0  10382-3 0  9994,2 54186  53.2158 218.3688 0001144  85.8749 274.2374 15.08843063 33189,6917.871,95.437,540.527,538.945,0.0
54186.0,STARLINK-5194,PAYLOAD,2023-06-02 09:25:58,15.08830966,0.0001079,53.2161,214.2069,83.5568,276.5547,9.8526e-06,-1.31e-06,0.0,0 STARLINK-5194,1 54186U 22141AF  23153.39303807 -.00000131  00000-0  98526-5 0  9992,2 54186  53.2161 214.2069 0001079  83.5568 276.5547 15.08830966 33558,6917.908,95.438,540.519,539.027,0.0
54186.0,STARLINK-5194,PAYLOAD,2023-06-02 11:01:21,15.08834173,0.0001181,53.216,213.9094,86.2553,273.8574,-2.5079e-05,-6.87e-06,0.0,0 STARLINK-5194,1 54186U 22141AF  23153.45927779 -.00000687  00000-0 -25079-4 0  9998,2 54186  53.2160 213.9094 0001181  86.2553 273.8574 15.08834173 33339,6917.898,95.438,540.58,538.946,0.0
54186.0,STARLINK-5194,PAYLOAD,2023-06-02 20:33:40,15.08834313,0.0001089,53.2155,212.1229,92.217,267.8947,-3.0263e-05,-7.69e-06,0.0,0 STARLINK-5194,1 54186U 22141AF  23153.85671831 -.00000769  00000-0 -30263-4 0  9999,2 54186  53.2155 212.1229 0001089  92.2170 267.8947 15.08834313 33392,6917.898,95.438,540.516,539.009,0.0
54186.0,STARLINK-5194,PAYLOAD,2023-06-03 14:02:55,15.08840658,0.0001422,53.2153,208.8533,106.5853,253.5295,-0.00012799,-2.324e-05,0.0,0 STARLINK-5194,1 54186U 22141AF  23154.58535988 -.00002324  00000-0 -12799-3 0  9994,2 54186  53.2153 208.8533 0001422 106.5853 253.5295 15.08840658 33508,6917.878,95.438,540.727,538.76,0.0
54186.0,STARLINK-5194,PAYLOAD,2023-06-03 20:24:27,15.08838289,0.0001108,53.2159,207.6646,96.5447,263.5671,-4.6587e-05,-1.029e-05,0.0,0 STARLINK-5194,1 54186U 22141AF  23154.85031993 -.00001029  00000-0 -46587-4 0  9995,2 54186  53.2159 207.6646 0001108  96.5447 263.5671 15.08838289 33544,6917.886,95.438,540.517,538.984,0.0
54186.0,STARLINK-5194,PAYLOAD,2023-06-04 10:42:55,15.08836365,0.0001,53.2152,204.9879,92.3224,267.7882,7.8654e-05,9.64e-06,0.0,0 STARLINK-5194,1 54186U 22141AF  23155.44647962  .00000964  00000-0  78654-4 0  9995,2 54186  53.2152 204.9879 0001000  92.3224 267.7882 15.08836365 33636,6917.891,95.438,540.448,539.065,0.0
54186.0,STARLINK-5194,PAYLOAD,2023-06-04 20:15:14,15.08837937,9.91e-05,53.2153,203.2038,87.8439,272.2667,9.2612e-05,1.186e-05,0.0,0 STARLINK-5194,1 54186U 22141AF  23155.84391895  .00001186  00000-0  92612-4 0  9997,2 54186  53.2153 203.2038 0000991  87.8439 272.2667 15.08837937 33695,6917.887,95.438,540.437,539.066,0.0
54186.0,STARLINK-5194,PAYLOAD,2023-06-05 02:36:47,15.08837247,9.86e-05,53.2153,202.0141,87.1355,272.975,0.0001119,1.493e-05,0.0,0 STARLINK-5194,1 54186U 22141AF  23156.10887927  .00001493  00000-0  11190-3 0  9995,2 54186  53.2153 202.0141 0000986  87.1355 272.9750 15.08837247 33965,6917.889,95.438,540.436,539.072,0.0
54186.0,STARLINK-5194,PAYLOAD,2023-06-05 10:33:42,15.08841334,9.78e-05,53.2154,200.5273,86.132,273.9784,9.0658e-05,1.155e-05,0.0,0 STARLINK-5194,1 54186U 22141AF  23156.44007791  .00001155  00000-0  90658-4 0  9997,2 54186  53.2154 200.5273 0000978  86.1320 273.9784 15.08841334 33787,6917.876,95.437,540.418,539.065,0.0
54186.0,STARLINK-5194,PAYLOAD,2023-06-06 08:49:06,15.08838804,9.98e-05,53.2153,196.3643,87.8507,272.2599,3.0898e-05,2.04e-06,0.0,0 STARLINK-5194,1 54186U 22141AF  23157.36744135  .00000204  00000-0  30898-4 0  9993,2 54186  53.2153 196.3643 0000998  87.8507 272.2599 15.08838804 34152,6917.884,95.438,540.439,539.059,0.0
54186.0,STARLINK-5194,PAYLOAD,2023-06-06 10:24:29,15.08839943,0.0001005,53.2152,196.0669,87.7047,272.406,3.9711e-05,3.44e-06,0.0,0 STARLINK-5194,1 54186U 22141AF  23157.43368036  .00000344  00000-0  39711-4 0  9991,2 54186  53.2152 196.0669 0001005  87.7047 272.4060 15.08839943 33939,6917.881,95.438,540.441,539.05,0.0
54186.0,STARLINK-5194,PAYLOAD,2023-06-07 10:15:16,15.08843208,9.79e-05,53.2152,191.6061,90.0748,270.0356,2.2459e-05,7e-07,0.0,0 STARLINK-5194,1 54186U 22141AF  23158.42727715  .00000070  00000-0  22459-4 0  9991,2 54186  53.2152 191.6061 0000979  90.0748 270.0356 15.08843208 34314,6917.871,95.437,540.413,539.058,0.0
54186.0,STARLINK-5194,PAYLOAD,2023-06-07 11:50:39,15.08844195,9.75e-05,53.2151,191.3086,90.3665,269.7438,3.0065e-05,1.91e-06,0.0,0 STARLINK-5194,1 54186U 22141AF  23158.49351615  .00000191  00000-0  30065-4 0  9996,2 54186  53.2151 191.3086 0000975  90.3665 269.7438 15.08844195 34091,6917.868,95.437,540.407,539.058,0.0
54186.0,STARLINK-5194,PAYLOAD,2023-06-07 19:47:35,15.08839718,9.66e-05,53.215,189.8213,90.9454,269.1649,1.306e-05,-8e-07,0.0,0 STARLINK-5194,1 54186U 22141AF  23158.82471890 -.00000080  00000-0  13060-4 0  9995,2 54186  53.2150 189.8213 0000966  90.9454 269.1649 15.08839718 34145,6917.881,95.438,540.415,539.078,0.0
54186.0,STARLINK-5194,PAYLOAD,2023-06-08 08:30:40,15.08838047,9.86e-05,53.215,187.4422,94.4301,265.6804,3.0379e-05,1.96e-06,0.0,0 STARLINK-5194,1 54186U 22141AF  23159.35463968  .00000196  00000-0  30379-4 0  9990,2 54186  53.2150 187.4422 0000986  94.4301 265.6804 15.08838047 34455,6917.886,95.438,540.433,539.069,0.0
54186.0,STARLINK-5194,PAYLOAD,2023-06-08 11:41:27,15.08838559,9.87e-05,53.2151,186.8474,94.2137,265.8968,2.5041e-05,1.11e-06,0.0,0 STARLINK-5194,1 54186U 22141AF  23159.48711962  .00000111  00000-0  25041-4 0  9991,2 54186  53.2151 186.8474 0000987  94.2137 265.8968 15.08838559 34240,6917.885,95.438,540.433,539.067,0.0
54186.0,STARLINK-5194,PAYLOAD,2023-06-09 08:21:27,15.08838865,0.0001052,53.2153,182.9817,89.5928,270.5185,2.2464e-05,7e-07,0.0,0 STARLINK-5194,1 54186U 22141AF  23160.34824056  .00000070  00000-0  22464-4 0  9997,2 54186  53.2153 182.9817 0001052  89.5928 270.5185 15.08838865 34377,6917.884,95.438,540.477,539.021,0.0
54186.0,STARLINK-5194,PAYLOAD,2023-06-09 17:53:46,15.08837956,9.9e-05,53.2152,181.1975,87.3221,272.7884,2.5708e-06,-2.47e-06,0.0,0 STARLINK-5194,1 54186U 22141AF  23160.74568204 -.00000247  00000-0  25708-5 0  9993,2 54186  53.2152 181.1975 0000990  87.3221 272.7884 15.08837956 34666,6917.887,95.438,540.437,539.067,0.0
54186.0,STARLINK-5194,PAYLOAD,2023-06-10 08:12:15,15.08836228,0.0001002,53.2153,178.522,88.391,271.7197,2.4964e-05,1.1e-06,0.0,0 STARLINK-5194,1 54186U 22141AF  23161.34184413  .00000110  00000-0  24964-4 0  9996,2 54186  53.2153 178.5220 0001002  88.3910 271.7197 15.08836228 34523,6917.892,95.438,540.45,539.064,0.0
54186.0,STARLINK-5194,PAYLOAD,2023-06-10 20:55:20,15.08835338,9.69e-05,53.2151,176.1436,88.0565,272.0538,3.5098e-05,2.71e-06,0.0,0 STARLINK-5194,1 54186U 22141AF  23161.87176569  .00000271  00000-0  35098-4 0  9995,2 54186  53.2151 176.1436 0000969  88.0565 272.0538 15.08835338 34601,6917.895,95.438,540.43,539.089,0.0
54186.0,STARLINK-5194,PAYLOAD,2023-06-11 09:38:25,15.08837165,9.83e-05,53.2151,173.7645,86.8462,273.2642,4.1289e-05,3.69e-06,0.0,0 STARLINK-5194,1 54186U 22141AF  23162.40168578  .00000369  00000-0  41289-4 0  9993,2 54186  53.2151 173.7645 0000983  86.8462 273.2642 15.08837165 34681,6917.889,95.438,540.434,539.074,0.0
54186.0,STARLINK-5194,PAYLOAD,2023-06-11 17:35:21,15.08836955,9.83e-05,53.2151,172.2777,86.2952,273.8153,3.4987e-05,2.69e-06,0.0,0 STARLINK-5194,1 54186U 22141AF  23162.73288676  .00000269  00000-0  34987-4 0  9997,2 54186  53.2151 172.2777 0000983  86.2952 273.8153 15.08836955 34734,6917.89,95.438,540.435,539.075,0.0
54186.0,STARLINK-5194,PAYLOAD,2023-06-11 22:21:30,15.08837167,9.76e-05,53.215,171.3853,85.7632,274.3471,5.7525e-05,6.28e-06,0.0,0 STARLINK-5194,1 54186U 22141AF  23162.93160623  .00000628  00000-0  57525-4 0  9992,2 54186  53.2150 171.3853 0000976  85.7632 274.3471 15.08837167 34992,6917.889,95.438,540.429,539.079,0.0
54186.0,STARLINK-5194,PAYLOAD,2023-06-12 17:26:08,15.08837919,9.79e-05,53.2151,167.8168,84.8546,275.2558,4.4053e-05,4.13e-06,0.0,0 STARLINK-5194,1 54186U 22141AF  23163.72648725  .00000413  00000-0  44053-4 0  9998,2 54186  53.2151 167.8168 0000979  84.8546 275.2558 15.08837919 34888,6917.887,95.438,540.429,539.074,0.0
54186.0,STARLINK-5194,PAYLOAD,2023-06-12 23:47:41,15.08837884,9.88e-05,53.2151,166.6273,85.0056,275.1049,3.9356e-05,3.39e-06,0.0,0 STARLINK-5194,1 54186U 22141AF  23163.99144792  .00000339  00000-0  39356-4 0  9999,2 54186  53.2151 166.6273 0000988  85.0056 275.1049 15.08837884 35157,6917.887,95.438,540.435,539.068,0.0
54186.0,STARLINK-5194,PAYLOAD,2023-06-13 17:16:55,15.0883887,9.94e-05,53.2152,163.3564,84.6459,275.4646,3.1828e-05,2.19e-06,0.0,0 STARLINK-5194,1 54186U 22141AF  23164.72008792  .00000219  00000-0  31828-4 0  9993,2 54186  53.2152 163.3564 0000994  84.6459 275.4646 15.08838870 35033,6917.884,95.438,540.436,539.061,0.0
54186.0,STARLINK-5194,PAYLOAD,2023-06-14 09:10:46,15.08841742,0.0001036,53.2154,160.3823,85.0349,275.0761,4.6505e-05,4.52e-06,0.0,0 STARLINK-5194,1 54186U 22141AF  23165.38248564  .00000452  00000-0  46505-4 0  9996,2 54186  53.2154 160.3823 0001036  85.0349 275.0761 15.08841742 35363,6917.875,95.437,540.457,539.023,0.0
54186.0,STARLINK-5194,PAYLOAD,2023-06-14 17:07:42,15.08840058,0.0001041,53.2155,158.8955,84.0998,276.0112,3.7297e-05,3.06e-06,0.0,0 STARLINK-5194,1 54186U 22141AF  23165.71368677  .00000306  00000-0  37297-4 0  9997,2 54186  53.2155 158.8955 0001041  84.0998 276.0112 15.08840058 35187,6917.88,95.438,540.465,539.025,0.0
54186.0,STARLINK-5194,PAYLOAD,2023-06-15 05:50:47,15.08839386,0.0001045,53.2155,156.5163,86.9004,273.2108,4.3458e-05,4.04e-06,0.0,0 STARLINK-5194,1 54186U 22141AF  23166.24360712  .00000404  00000-0  43458-4 0  9993,2 54186  53.2155 156.5163 0001045  86.9004 273.2108 15.08839386 35261,6917.882,95.438,540.47,539.024,0.0
54186.0,STARLINK-5194,PAYLOAD,2023-06-15 16:58:29,15.08838665,0.000104,53.2155,154.4347,86.899,273.2121,2.7733e-05,1.54e-06,0.0,0 STARLINK-5194,1 54186U 22141AF  23166.70728818  .00000154  00000-0  27733-4 0  9999,2 54186  53.2155 154.4347 0001040  86.8990 273.2121 15.08838665 35567,6917.884,95.438,540.469,539.03,0.0
54186.0,STARLINK-5194,PAYLOAD,2023-06-16 08:52:20,15.08842309,0.0001103,53.2154,151.461,88.7857,271.3262,4.1385e-05,3.71e-06,0.0,0 STARLINK-5194,1 54186U 22141AF  23167.36968552  .00000371  00000-0  41385-4 0  9993,2 54186  53.2154 151.4610 0001103  88.7857 271.3262 15.08842309 35430,6917.873,95.437,540.501,538.975,0.0
54186.0,STARLINK-5194,PAYLOAD,2023-06-16 23:10:49,15.08837398,0.0001104,53.2154,148.7844,88.9271,271.1847,2.22e-05,6.6e-07,0.0,0 STARLINK-5194,1 54186U 22141AF  23167.96584907  .00000066  00000-0  22200-4 0  9993,2 54186  53.2154 148.7844 0001104  88.9271 271.1847 15.08837398 35755,6917.888,95.438,540.517,538.99,0.0
54186.0,STARLINK-5194,PAYLOAD,2023-06-17 05:32:21,15.08839942,0.0001085,53.2155,147.5959,85.3109,274.8007,4.1924e-05,3.79e-06,0.0,0 STARLINK-5194,1 54186U 22141AF  23168.23080721  .00000379  00000-0  41924-4 0  9990,2 54186  53.2155 147.5959 0001085  85.3109 274.8007 15.08839942 35563,6917.881,95.438,540.496,538.995,0.0
54186.0,STARLINK-5194,PAYLOAD,2023-06-17 15:04:41,15.08834199,0.0001119,53.2152,145.8121,84.8338,275.2782,-2.2155e-06,-3.23e-06,0.0,0 STARLINK-5194,1 54186U 22141AF  23168.62825277 -.00000323  00000-0 -22155-5 0  9993,2 54186  53.2152 145.8121 0001119  84.8338 275.2782 15.08834199 35629,6917.898,95.438,540.537,538.989,0.0
54186.0,STARLINK-5194,PAYLOAD,2023-06-17 23:01:37,15.08831476,0.0001135,53.2153,144.3253,85.0353,275.0768,-1.4375e-05,-5.17e-06,0.0,0 STARLINK-5194,1 54186U 22141AF  23168.95945614 -.00000517  00000-0 -14375-4 0  9996,2 54186  53.2153 144.3253 0001135  85.0353 275.0768 15.08831476 35906,6917.906,95.438,540.557,538.986,0.0
54186.0,STARLINK-5194,PAYLOAD,2023-06-18 08:33:55,15.08836502,0.0001154,53.2153,142.5408,83.7748,276.3375,-3.3528e-06,-3.41e-06,0.0,0 STARLINK-5194,1 54186U 22141AF  23169.35689395 -.00000341  00000-0 -33528-5 0  9999,2 54186  53.2153 142.5408 0001154  83.7748 276.3375 15.08836502 35736,6917.891,95.438,540.554,538.958,0.0
54186.0,STARLINK-5194,PAYLOAD,2023-06-18 14:55:28,15.08836086,0.0001153,53.2156,141.3513,82.0152,278.0971,7.1144e-06,-1.75e-06,0.0,0 STARLINK-5194,1 54186U 22141AF  23169.62185441 -.00000175  00000-0  71144-5 0  9992,2 54186  53.2156 141.3513 0001153  82.0152 278.0971 15.08836086 35775,6917.892,95.438,540.555,538.96,0.0
54186.0,STARLINK-5194,PAYLOAD,2023-06-19 06:49:19,15.08839855,0.0001176,53.2156,138.3777,81.7711,278.3415,3.6014e-05,2.85e-06,0.0,0 STARLINK-5194,1 54186U 22141AF  23170.28425194  .00000285  00000-0  36014-4 0  9995,2 54186  53.2156 138.3777 0001176  81.7711 278.3415 15.08839855 35879,6917.881,95.438,540.559,538.932,0.0
54186.0,STARLINK-5194,PAYLOAD,2023-06-19 14:46:15,15.08837187,0.000117,53.2161,136.892,92.7913,267.3213,7.9879e-06,-1.61e-06,0.0,0 STARLINK-5194,1 54186U 22141AF  23170.61545479 -.00000161  00000-0  79879-5 0  9992,2 54186  53.2161 136.8920 0001170  92.7913 267.3213 15.08837187 35924,6917.889,95.438,540.563,538.945,0.0
54186.0,STARLINK-5194,PAYLOAD,2023-06-20 06:40:06,15.08835017,0.00011,53.2157,133.9175,91.8861,268.2257,3.3674e-05,2.48e-06,0.0,0 STARLINK-5194,1 54186U 22141AF  23171.27785747  .00000248  00000-0  33674-4 0  9996,2 54186  53.2157 133.9175 0001100  91.8861 268.2257 15.08835017 36259,6917.896,95.438,540.522,539.0,0.0
54186.0,STARLINK-5194,PAYLOAD,2023-06-20 20:58:35,15.08829861,0.0001034,53.2158,131.2418,93.1114,266.9997,0.00015736,2.217e-05,0.0,0 STARLINK-5194,1 54186U 22141AF  23171.87401850  .00002217  00000-0  15736-3 0  9998,2 54186  53.2158 131.2418 0001034  93.1114 266.9997 15.08829861 36114,6917.911,95.438,540.492,539.061,0.0
54186.0,STARLINK-5194,PAYLOAD,2023-06-21 06:30:53,15.08845272,0.0001121,53.216,129.4572,90.3207,269.7913,5.9733e-05,6.63e-06,0.0,0 STARLINK-5194,1 54186U 22141AF  23172.27145103  .00000663  00000-0  59733-4 0  9998,2 54186  53.2160 129.4572 0001121  90.3207 269.7913 15.08845272 36401,6917.864,95.437,540.505,538.954,0.0
54186.0,STARLINK-5194,PAYLOAD,2023-06-21 14:27:49,15.08838243,0.0001084,53.2155,127.9693,88.4728,271.6388,-4.7619e-06,-3.64e-06,0.0,0 STARLINK-5194,1 54186U 22141AF  23172.60265701 -.00000364  00000-0 -47619-5 0  9993,2 54186  53.2155 127.9693 0001084  88.4728 271.6388 15.08838243 36459,6917.886,95.438,540.501,539.001,0.0
54186.0,STARLINK-5194,PAYLOAD,2023-06-23 01:26:18,15.08840455,0.0001175,53.2153,121.4269,91.4512,268.6615,5.1382e-05,5.3e-06,0.0,0 STARLINK-5194,1 54186U 22141AF  23174.05993630  .00000530  00000-0  51382-4 0  9997,2 54186  53.2153 121.4269 0001175  91.4512 268.6615 15.08840455 36672,6917.879,95.438,540.557,538.931,0.0
54186.0,STARLINK-5194,PAYLOAD,2023-06-24 02:52:28,15.08841909,0.0001395,53.2167,116.6671,95.2772,264.8379,3.2498e-05,2.29e-06,0.0,0 STARLINK-5194,1 54186U 22141AF  23175.11977648  .00000229  00000-0  32498-4 0  9998,2 54186  53.2167 116.6671 0001395  95.2772 264.8379 15.08841909 36832,6917.875,95.437,540.705,538.775,0.0
54186.0,STARLINK-5194,PAYLOAD,2023-06-24 06:03:15,15.08833862,0.0001393,53.2169,116.0723,101.0403,259.0746,0.00010807,1.432e-05,0.0,0 STARLINK-5194,1 54186U 22141AF  23175.25225912  .00001432  00000-0  10807-3 0  9999,2 54186  53.2169 116.0723 0001393 101.0403 259.0746 15.08833862 36856,6917.899,95.438,540.728,538.8,0.0
54186.0,STARLINK-5194,PAYLOAD,2023-06-25 05:54:01,15.08847853,0.0001135,53.2163,111.6142,90.8166,269.2956,5.4963e-05,5.87e-06,0.0,0 STARLINK-5194,1 54186U 22141AF  23176.24585297  .00000587  00000-0  54963-4 0  9996,2 54186  53.2163 111.6142 0001135  90.8166 269.2956 15.08847853 37000,6917.856,95.437,540.507,538.936,0.0
54186.0,STARLINK-5194,PAYLOAD,2023-06-26 02:34:03,15.08841697,9.93e-05,53.2153,107.7482,88.9259,271.1847,1.4522e-05,-5.7e-07,0.0,0 STARLINK-5194,1 54186U 22141AF  23177.10697960 -.00000057  00000-0  14522-4 0  9993,2 54186  53.2153 107.7482 0000993  88.9259 271.1847 15.08841697 37139,6917.875,95.437,540.427,539.053,0.0
54186.0,STARLINK-5194,PAYLOAD,2023-06-27 04:00:13,15.08840802,0.000102,53.2169,102.9921,96.9632,263.1476,3.192e-05,2.2e-06,0.0,0 STARLINK-5194,1 54186U 22141AF  23178.16682332  .00000220  00000-0  31920-4 0  9999,2 54186  53.2169 102.9921 0001020  96.9632 263.1476 15.08840802 37290,6917.878,95.438,540.449,539.037,0.0
54186.0,STARLINK-5194,PAYLOAD,2023-06-29 02:06:25,15.08837724,9.53e-05,53.2162,94.3675,97.2655,262.8445,4.2975e-05,3.96e-06,0.0,0 STARLINK-5194,1 54186U 22141AF  23180.08778976  .00000396  00000-0  42975-4 0  9999,2 54186  53.2162  94.3675 0000953  97.2655 262.8445 15.08837724 37589,6917.887,95.438,540.412,539.093,0.0
54186.0,STARLINK-5194,PAYLOAD,2023-06-30 13:04:53,15.08837605,0.0001137,53.2164,87.8266,85.9352,274.177,8.0016e-05,9.86e-06,0.0,0 STARLINK-5194,1 54186U 22141AF  23181.54506909  .00000986  00000-0  80016-4 0  9999,2 54186  53.2164  87.8266 0001137  85.9352 274.1770 15.08837605 37807,6917.888,95.438,540.539,538.966,0.0
54186.0,STARLINK-5194,PAYLOAD,2023-07-02 00:03:23,15.08839536,0.0001172,53.2166,81.2852,80.2621,279.8504,4.279e-06,-2.2e-06,0.0,0 STARLINK-5194,1 54186U 22141AF  23183.00235121 -.00000220  00000-0  42790-5 0  9997,2 54186  53.2166  81.2852 0001172  80.2621 279.8504 15.08839536 38021,6917.882,95.438,540.558,538.936,0.0
54186.0,STARLINK-5194,PAYLOAD,2023-07-02 12:46:28,15.08828748,0.0001169,53.2164,78.9052,83.863,276.2495,-1.8352e-05,-5.8e-06,0.0,0 STARLINK-5194,1 54186U 22141AF  23183.53227936 -.00000580  00000-0 -18352-4 0  9996,2 54186  53.2164  78.9052 0001169  83.8630 276.2495 15.08828748 38101,6917.915,95.438,540.588,538.971,0.0
54186.0,STARLINK-5194,PAYLOAD,2023-07-03 09:26:29,15.08837878,0.0001134,53.2165,75.0396,81.7843,278.3277,1.4447e-05,-5.8e-07,0.0,0 STARLINK-5194,1 54186U 22141AF  23184.39339679 -.00000058  00000-0  14447-4 0  9999,2 54186  53.2165  75.0396 0001134  81.7843 278.3277 15.08837878 38235,6917.887,95.438,540.536,538.967,0.0
54186.0,STARLINK-5194,PAYLOAD,2023-07-04 02:55:43,15.08849258,0.0001114,53.2168,71.7682,83.2137,276.8982,0.00012464,1.697e-05,0.0,0 STARLINK-5194,1 54186U 22141AF  23185.12202588  .00001697  00000-0  12464-3 0  9994,2 54186  53.2168  71.7682 0001114  83.2137 276.8982 15.08849258 38343,6917.852,95.437,540.488,538.946,0.0
54186.0,STARLINK-5194,PAYLOAD,2023-07-04 17:14:12,15.08832657,0.0001119,53.2168,69.0918,94.5208,265.5912,7.9967e-05,9.85e-06,0.0,0 STARLINK-5194,1 54186U 22141AF  23185.71819888  .00000985  00000-0  79967-4 0  9997,2 54186  53.2168  69.0918 0001119  94.5208 265.5912 15.08832657 38437,6917.903,95.438,540.542,538.994,0.0
54186.0,STARLINK-5194,PAYLOAD,2023-07-05 01:11:07,15.0884075,0.0001112,53.2172,67.6046,90.9466,269.1654,9.8208e-05,1.276e-05,0.0,0 STARLINK-5194,1 54186U 22141AF  23186.04939456  .00001276  00000-0  98208-4 0  9991,2 54186  53.2172  67.6046 0001112  90.9466 269.1654 15.08840750 38488,6917.878,95.438,540.512,538.974,0.0
54186.0,STARLINK-5194,PAYLOAD,2023-07-06 15:20:23,15.0884045,0.0001186,53.2178,60.4676,87.7266,272.3862,8.3888e-05,1.048e-05,0.0,0 STARLINK-5194,1 54186U 22141AF  23187.63915512  .00001048  00000-0  83888-4 0  9999,2 54186  53.2178  60.4676 0001186  87.7266 272.3862 15.08840450 38728,6917.879,95.438,540.564,538.924,0.0
54186.0,STARLINK-5194,PAYLOAD,2023-07-07 00:52:41,15.08849422,0.0001152,53.2174,58.6836,88.3234,271.789,9.2547e-05,1.186e-05,0.0,0 STARLINK-5194,1 54186U 22141AF  23188.03658775  .00001186  00000-0  92547-4 0  9994,2 54186  53.2174  58.6836 0001152  88.3234 271.7890 15.08849422 38784,6917.852,95.437,540.514,538.92,0.0
54186.0,STARLINK-5194,PAYLOAD,2023-07-07 15:11:10,15.08836971,0.0001154,53.216,56.0107,75.882,284.23,6.8019e-05,7.95e-06,0.0,0 STARLINK-5194,1 54186U 22141AF  23188.63275629  .00000795  00000-0  68019-4 0  9995,2 54186  53.2160  56.0107 0001154  75.8820 284.2300 15.08836971 38876,6917.89,95.438,540.553,538.956,0.0
54186.0,STARLINK-5194,PAYLOAD,2023-07-08 21:23:29,15.0884315,0.000126,53.2168,50.358,88.1052,272.0085,2.0928e-05,4.5e-07,0.0,0 STARLINK-5194,1 54186U 22141AF  23189.89131446  .00000045  00000-0  20928-4 0  9997,2 54186  53.2168  50.3580 0001260  88.1052 272.0085 15.08843150 39062,6917.871,95.437,540.607,538.864,0.0
54186.0,STARLINK-5194,PAYLOAD,2023-07-09 22:49:39,15.08841403,0.0001176,53.2178,45.5997,87.9308,272.1819,7.8664e-05,9.64e-06,0.0,0 STARLINK-5194,1 54186U 22141AF  23190.95115416  .00000964  00000-0  78664-4 0  9995,2 54186  53.2178  45.5997 0001176  87.9308 272.1819 15.08841403 39221,6917.876,95.437,540.555,538.928,0.0
54186.0,STARLINK-5194,PAYLOAD,2023-07-10 06:46:35,15.08838089,0.0001124,53.2174,44.1128,84.4693,275.6427,1.7472e-05,-1e-07,0.0,0 STARLINK-5194,1 54186U 22141AF  23191.28235807 -.00000010  00000-0  17472-4 0  9992,2 54186  53.2174  44.1128 0001124  84.4693 275.6427 15.08838089 39274,6917.886,95.438,540.529,538.974,0.0
54186.0,STARLINK-5194,PAYLOAD,2023-07-12 00:06:37,15.0883902,0.000106,53.2173,36.3809,84.7591,275.3522,4.8513e-06,-2.11e-06,0.0,0 STARLINK-5194,1 54186U 22141AF  23193.00460044 -.00000211  00000-0  48513-5 0  9991,2 54186  53.2173  36.3809 0001060  84.7591 275.3522 15.08839020 39539,6917.883,95.438,540.482,539.015,0.0
54186.0,STARLINK-5194,PAYLOAD,2023-07-12 23:57:24,15.08846226,0.0001027,53.217,31.9201,84.463,275.648,8.1849e-05,1.015e-05,0.0,0 STARLINK-5194,1 54186U 22141AF  23193.99819524  .00001015  00000-0  81849-4 0  9990,2 54186  53.2170  31.9201 0001027  84.4630 275.6480 15.08846226 39685,6917.861,95.437,540.437,539.016,0.0
54186.0,STARLINK-5194,PAYLOAD,2023-07-13 17:26:39,15.08836463,0.0001024,53.2172,28.6485,82.139,277.9718,2.0676e-06,-2.55e-06,0.0,0 STARLINK-5194,1 54186U 22141AF  23194.72684576 -.00000255  00000-0  20676-5 0  9997,2 54186  53.2172  28.6485 0001024  82.1390 277.9718 15.08836463 39792,6917.891,95.438,540.465,539.048,0.0
54186.0,STARLINK-5194,PAYLOAD,2023-07-14 06:09:43,15.08856166,8.79e-05,53.2175,26.2676,74.2683,285.8407,-0.00024995,-4.265e-05,0.0,0 STARLINK-5194,1 54186U 22141AF  23195.25675820 -.00004265  00000-0 -24995-3 0  9990,2 54186  53.2175  26.2676 0000879  74.2683 285.8407 15.08856166 39879,6917.831,95.437,540.304,539.088,0.0
54186.0,STARLINK-5194,PAYLOAD,2023-07-14 18:52:49,15.08843042,9.46e-05,53.2173,23.893,71.189,288.9205,5.7731e-05,6.31e-06,0.0,0 STARLINK-5194,1 54186U 22141AF  23195.78668120  .00000631  00000-0  57731-4 0  9999,2 54186  53.2173  23.8930 0000946  71.1890 288.9205 15.08843042 39952,6917.871,95.437,540.391,539.082,0.0
54186.0,STARLINK-5194,PAYLOAD,2023-07-16 18:34:23,15.08835595,9.14e-05,53.2179,14.971,92.0983,268.0114,0.000104,1.368e-05,0.0,0 STARLINK-5194,1 54186U 22141AF  23197.77388542  .00001368  00000-0  10400-3 0  9996,2 54186  53.2179  14.9710 0000914  92.0983 268.0114 15.08835595 40252,6917.894,95.438,540.391,539.127,0.0
54186.0,STARLINK-5194,PAYLOAD,2023-07-18 10:19:02,15.0883866,0.0001212,53.2187,7.541,89.3471,270.766,3.294e-05,2.36e-06,0.0,0 STARLINK-5194,1 54186U 22141AF  23199.42988715  .00000236  00000-0  32940-4 0  9995,2 54186  53.2187   7.5410 0001212  89.3471 270.7660 15.08838660 40509,6917.884,95.438,540.588,538.911,0.0
54186.0,STARLINK-5194,PAYLOAD,2023-07-19 16:31:22,15.08835491,0.0001156,53.2186,1.8896,84.5621,275.5503,-3.1049e-05,-7.82e-06,0.0,0 STARLINK-5194,1 54186U 22141AF  23200.68845500 -.00000782  00000-0 -31049-4 0  9997,2 54186  53.2186   1.8896 0001156  84.5621 275.5503 15.08835491 40692,6917.894,95.438,540.559,538.959,0.0
54186.0,STARLINK-5194,PAYLOAD,2023-07-20 16:22:09,15.0884179,0.0001114,53.2184,357.4265,93.5264,266.5856,3.1127e-05,2.08e-06,0.0,0 STARLINK-5194,1 54186U 22141AF  23201.68205142  .00000208  00000-0  31127-4 0  9998,2 54186  53.2184 357.4265 0001114  93.5264 266.5856 15.08841790 40844,6917.875,95.437,540.511,538.969,0.0
54186.0,STARLINK-5194,PAYLOAD,2023-07-21 17:48:18,15.08845564,0.0001043,53.2182,352.6685,94.2309,265.8802,0.00010664,1.41e-05,0.0,0 STARLINK-5194,1 54186U 22141AF  23202.74188588  .00001410  00000-0  10664-3 0  9998,2 54186  53.2182 352.6685 0001043  94.2309 265.8802 15.08845564 41009,6917.863,95.437,540.45,539.007,0.0
54186.0,STARLINK-5194,PAYLOAD,2023-07-24 09:23:44,15.08840229,0.0001219,53.2186,340.7738,80.5089,279.604,5.7246e-05,6.23e-06,0.0,0 STARLINK-5194,1 54186U 22141AF  23205.39149245  .00000623  00000-0  57246-4 0  9992,2 54186  53.2186 340.7738 0001219  80.5089 279.6040 15.08840229 41176,6917.88,95.438,540.588,538.901,0.0
54186.0,STARLINK-5194,PAYLOAD,2023-07-25 12:25:19,15.08831963,7.13e-05,53.2174,335.7201,96.4374,263.6699,-6.7469e-05,-1.361e-05,0.0,0 STARLINK-5194,1 54186U 22141AF  23206.51758119 -.00001361  00000-0 -67469-4 0  9993,2 54186  53.2174 335.7201 0000713  96.4374 263.6699 15.08831963 41340,6917.905,95.438,540.263,539.277,0.0
54186.0,STARLINK-5194,PAYLOAD,2023-07-26 09:05:19,15.08841484,8.56e-05,53.218,331.8552,79.7545,280.3544,-3.3371e-05,-8.19e-06,0.0,0 STARLINK-5194,1 54186U 22141AF  23207.37869627 -.00000819  00000-0 -33371-4 0  9997,2 54186  53.2180 331.8552 0000856  79.7545 280.3544 15.08841484 41473,6917.876,95.437,540.333,539.149,0.0
54186.0,STARLINK-5194,PAYLOAD,2023-07-27 00:59:09,15.08848454,8.65e-05,53.2182,328.8808,73.39,286.7187,7.2526e-05,8.67e-06,0.0,0 STARLINK-5194,1 54186U 22141AF  23208.04108647  .00000867  00000-0  72526-4 0  9996,2 54186  53.2182 328.8808 0000865  73.3900 286.7187 15.08848454 41804,6917.855,95.437,540.318,539.121,0.0
54186.0,STARLINK-5194,PAYLOAD,2023-07-27 08:56:06,15.08838598,0.0001207,53.2188,327.396,94.915,265.198,-7.7534e-05,-1.522e-05,0.0,0 STARLINK-5194,1 54186U 22141AF  23208.37230074 -.00001522  00000-0 -77534-4 0  9997,2 54186  53.2188 327.3960 0001207  94.9150 265.1980 15.08838598 41855,6917.885,95.438,540.585,538.915,0.0
54186.0,STARLINK-5194,PAYLOAD,2023-07-28 00:49:58,15.08837488,0.0001202,53.2181,324.4209,86.5769,273.5361,2.3675e-05,8.9e-07,0.0,0 STARLINK-5194,1 54186U 22141AF  23209.03469947  .00000089  00000-0  23675-4 0  9996,2 54186  53.2181 324.4209 0001202  86.5769 273.5361 15.08837488 41729,6917.888,95.438,540.585,538.922,0.0
54186.0,STARLINK-5194,PAYLOAD,2023-07-28 15:08:26,15.08838666,0.0001225,53.2177,321.7442,88.2231,271.8901,-3.5738e-05,-8.57e-06,0.0,0 STARLINK-5194,1 54186U 22141AF  23209.63086214 -.00000857  00000-0 -35738-4 0  9992,2 54186  53.2177 321.7442 0001225  88.2231 271.8901 15.08838666 42047,6917.884,95.438,540.597,538.902,0.0
54186.0,STARLINK-5194,PAYLOAD,2023-07-29 00:40:46,15.0880661,0.0001409,53.2168,319.9595,105.4854,254.6294,0.00044996,6.874e-05,0.0,0 STARLINK-5194,1 54186U 22141AF  23210.02831207  .00006874  00000-0  44996-3 0  9995,2 54186  53.2168 319.9595 0001409 105.4854 254.6294 15.08806610 42107,6917.982,95.44,540.822,538.873,0.0
54186.0,STARLINK-5194,PAYLOAD,2023-07-29 07:02:17,15.08835057,0.0001405,53.217,318.7696,83.1661,276.949,0.00011046,1.47e-05,0.0,0 STARLINK-5194,1 54186U 22141AF  23210.29326174  .00001470  00000-0  11046-3 0  9993,2 54186  53.2170 318.7696 0001405  83.1661 276.9490 15.08835057 42149,6917.895,95.438,540.732,538.789,0.0
54186.0,STARLINK-5194,PAYLOAD,2023-07-29 14:59:12,15.08844492,0.000115,53.2166,317.2832,84.4896,275.6227,0.00012952,1.774e-05,0.0,0 STARLINK-5194,1 54186U 22141AF  23210.62445530  .00001774  00000-0  12952-3 0  9992,2 54186  53.2166 317.2832 0001150  84.4896 275.6227 15.08844492 42193,6917.867,95.437,540.527,538.936,0.0
54186.0,STARLINK-5194,PAYLOAD,2023-07-30 06:53:04,15.08838164,0.0001657,53.215,314.3089,93.0734,267.0448,7.7982e-05,9.53e-06,0.0,0 STARLINK-5194,1 54186U 22141AF  23211.28686243  .00000953  00000-0  77982-4 0  9996,2 54186  53.2150 314.3089 0001657  93.0734 267.0448 15.08838164 42297,6917.886,95.438,540.897,538.605,0.0
54186.0,STARLINK-5194,PAYLOAD,2023-07-31 09:54:37,15.08845029,0.0001282,53.2173,309.2549,93.2081,266.9058,5.6595e-05,6.13e-06,0.0,0 STARLINK-5194,1 54186U 22141AF  23212.41293763  .00000613  00000-0  56595-4 0  9993,2 54186  53.2173 309.2549 0001282  93.2081 266.9058 15.08845029 42469,6917.865,95.437,540.617,538.843,0.0
54186.0,STARLINK-5194,PAYLOAD,2023-08-01 16:06:57,15.08839807,0.0001176,53.2182,303.6037,107.4544,252.6576,2.6224e-05,1.3e-06,0.0,0 STARLINK-5194,1 54186U 22141AF  23213.67149980  .00000130  00000-0  26224-4 0  9993,2 54186  53.2182 303.6037 0001176 107.4544 252.6576 15.08839807 42658,6917.881,95.438,540.56,538.932,0.0
54186.0,STARLINK-5194,PAYLOAD,2023-08-03 09:26:59,15.08841174,0.0001062,53.2172,295.8746,95.4466,264.6647,5.829e-05,6.4e-06,0.0,0 STARLINK-5194,1 54186U 22141AF  23215.39374037  .00000640  00000-0  58290-4 0  9991,2 54186  53.2172 295.8746 0001062  95.4466 264.6647 15.08841174 42910,6917.877,95.437,540.476,539.007,0.0
54186.0,STARLINK-5194,PAYLOAD,2023-08-03 14:13:08,15.08846976,0.0001072,53.2173,294.982,95.235,264.8765,0.00010542,1.391e-05,0.0,0 STARLINK-5194,1 54186U 22141AF  23215.59245533  .00001391  00000-0  10542-3 0  9992,2 54186  53.2173 294.9820 0001072  95.2350 264.8765 15.08846976 42946,6917.859,95.437,540.466,538.982,0.0
54186.0,STARLINK-5194,PAYLOAD,2023-08-04 10:53:09,15.08833991,0.0001633,53.218,291.1109,129.4695,230.6442,5.9113e-06,-1.94e-06,0.0,0 STARLINK-5194,1 54186U 22141AF  23216.45358766 -.00000194  00000-0  59113-5 0  9991,2 54186  53.2180 291.1109 0001633 129.4695 230.6442 15.08833991 43079,6917.899,95.438,540.893,538.634,0.0
54186.0,STARLINK-5194,PAYLOAD,2023-08-05 10:43:56,15.08848997,0.0001145,53.2168,286.6557,79.3784,280.7337,0.0001031,1.354e-05,0.0,0 STARLINK-5194,1 54186U 22141AF  23217.44717966  .00001354  00000-0  10310-3 0  9994,2 54186  53.2168 286.6557 0001145  79.3784 280.7337 15.08848997 43229,6917.853,95.437,540.51,538.926,0.0
54186.0,STARLINK-5194,PAYLOAD,2023-08-05 12:19:19,15.08855807,0.0001174,53.2173,286.3573,84.029,276.0836,0.00014996,2.101e-05,0.0,0 STARLINK-5194,1 54186U 22141AF  23217.51341467  .00002101  00000-0  14996-3 0  9996,2 54186  53.2173 286.3573 0001174  84.0290 276.0836 15.08855807 43238,6917.832,95.437,540.509,538.885,0.0
54186.0,STARLINK-5194,PAYLOAD,2023-08-05 21:51:38,15.08839456,0.000132,53.2186,284.5678,121.7715,238.3406,0.00011498,1.542e-05,0.0,0 STARLINK-5194,1 54186U 22141AF  23217.91086350  .00001542  00000-0  11498-3 0  9999,2 54186  53.2186 284.5678 0001320 121.7715 238.3406 15.08839456 43294,6917.882,95.438,540.66,538.834,0.0
54186.0,STARLINK-5194,PAYLOAD,2023-08-06 10:34:44,15.08827812,0.0001082,53.2159,282.1941,84.0881,276.0235,-6.163e-06,-3.86e-06,0.0,0 STARLINK-5194,1 54186U 22141AF  23218.44079482 -.00000386  00000-0 -61630-5 0  9998,2 54186  53.2159 282.1941 0001082  84.0881 276.0235 15.08827812 43372,6917.918,95.438,540.531,539.034,0.0
54186.0,STARLINK-5194,PAYLOAD,2023-08-07 10:25:31,15.088457,0.0001033,53.215,277.7343,87.9012,272.2098,0.00020299,2.945e-05,0.0,0 STARLINK-5194,1 54186U 22141AF  23219.43439046  .00002945  00000-0  20299-3 0  9999,2 54186  53.2150 277.7343 0001033  87.9012 272.2098 15.08845700 43521,6917.863,95.437,540.443,539.013,0.0
54186.0,STARLINK-5194,PAYLOAD,2023-08-08 13:27:04,15.08863404,0.0001107,53.2149,272.6794,79.4571,280.6546,0.00061952,9.592e-05,0.0,0 STARLINK-5194,1 54186U 22141AF  23220.56046494  .00009592  00000-0  61952-3 0  9992,2 54186  53.2149 272.6794 0001107  79.4571 280.6546 15.08863404 43691,6917.809,95.436,540.44,538.908,0.0
54186.0,STARLINK-5194,PAYLOAD,2023-08-09 10:07:05,15.08837617,0.0001075,53.2153,268.8132,88.0562,272.0554,-2.7451e-05,-7.25e-06,0.0,0 STARLINK-5194,1 54186U 22141AF  23221.42159058 -.00000725  00000-0 -27451-4 0  9997,2 54186  53.2153 268.8132 0001075  88.0562 272.0554 15.08837617 43825,6917.888,95.438,540.496,539.009,0.0
54186.0,STARLINK-5194,PAYLOAD,2023-08-10 09:57:52,15.08847384,0.0001085,53.2155,264.353,88.6409,271.4708,0.00033185,4.999e-05,0.0,0 STARLINK-5194,1 54186U 22141AF  23222.41519035  .00004999  00000-0  33185-3 0  9997,2 54186  53.2155 264.3530 0001085  88.6409 271.4708 15.08847384 43979,6917.858,95.437,540.473,538.972,0.0
54186.0,STARLINK-5194,PAYLOAD,2023-08-10 19:30:11,15.08842498,0.0001097,53.2151,262.569,89.887,270.2247,0.0002285,3.351e-05,0.0,0 STARLINK-5194,1 54186U 22141AF  23222.81263207  .00003351  00000-0  22850-3 0  9996,2 54186  53.2151 262.5690 0001097  89.8870 270.2247 15.08842498 44034,6917.873,95.437,540.497,538.979,0.0
54186.0,STARLINK-5194,PAYLOAD,2023-08-11 19:20:58,15.08841162,0.0001152,53.2147,258.1085,90.4745,269.6379,0.00011445,1.534e-05,0.0,0 STARLINK-5194,1 54186U 22141AF  23223.80623300  .00001534  00000-0  11445-3 0  9999,2 54186  53.2147 258.1085 0001152  90.4745 269.6379 15.08841162 44180,6917.877,95.437,540.539,538.945,0.0
54186.0,STARLINK-5194,PAYLOAD,2023-08-14 01:24:05,15.08840094,0.0001488,53.2162,247.9973,83.6924,276.4238,7.0359e-05,8.32e-06,0.0,0 STARLINK-5194,1 54186U 22141AF  23226.05839704  .00000832  00000-0  70359-4 0  9996,2 54186  53.2162 247.9973 0001488  83.6924 276.4238 15.08840094 44525,6917.88,95.438,540.774,538.716,0.0
54186.0,STARLINK-5194,PAYLOAD,2023-08-15 07:36:24,15.08845786,0.0001261,53.2158,242.3464,87.0163,273.0974,0.00015253,2.141e-05,0.0,0 STARLINK-5194,1 54186U 22141AF  23227.31695224  .00002141  00000-0  15253-3 0  9999,2 54186  53.2158 242.3464 0001261  87.0163 273.0974 15.08845786 44710,6917.863,95.437,540.6,538.855,0.0
54186.0,STARLINK-5194,PAYLOAD,2023-08-16 01:05:41,15.088139,0.0001049,53.2158,239.0755,83.222,276.8891,-0.00011907,-2.181e-05,0.0,0 STARLINK-5194,1 54186U 22141AF  23228.04562485 -.00002181  00000-0 -11907-3 0  9990,2 54186  53.2158 239.0755 0001049  83.2220 276.8891 15.08813900 44826,6917.96,95.439,540.551,539.099,0.0
54186.0,STARLINK-5194,PAYLOAD,2023-08-16 10:37:59,15.08830572,0.0001287,53.2145,237.2913,90.3665,269.7475,4.251e-05,3.89e-06,0.0,0 STARLINK-5194,1 54186U 22141AF  23228.44305173  .00000389  00000-0  42510-4 0  9994,2 54186  53.2145 237.2913 0001287  90.3665 269.7475 15.08830572 44883,6917.909,95.438,540.665,538.884,0.0
54186.0,STARLINK-5194,PAYLOAD,2023-08-17 04:07:14,15.08841038,0.0001236,53.2145,234.0206,86.6341,273.4792,0.00019608,2.834e-05,0.0,0 STARLINK-5194,1 54186U 22141AF  23229.17169074  .00002834  00000-0  19608-3 0  9991,2 54186  53.2145 234.0206 0001236  86.6341 273.4792 15.08841038 44991,6917.877,95.437,540.597,538.887,0.0
54186.0,STARLINK-5194,PAYLOAD,2023-08-18 07:08:46,15.08868179,0.0001301,53.2146,228.9655,86.2547,273.8594,0.00050274,7.728e-05,0.0,0 STARLINK-5194,1 54186U 22141AF  23230.29776112  .00007728  00000-0  50274-3 0  9994,2 54186  53.2146 228.9655 0001301  86.2547 273.8594 15.08868179 45168,6917.794,95.436,540.559,538.759,0.0
54186.0,STARLINK-5194,PAYLOAD,2023-08-18 16:41:05,15.08859094,0.0001286,53.2142,227.1812,81.3727,278.741,0.00011139,1.486e-05,0.0,0 STARLINK-5194,1 54186U 22141AF  23230.69519840  .00001486  00000-0  11139-3 0  9993,2 54186  53.2142 227.1812 0001286  81.3727 278.7410 15.08859094 45222,6917.822,95.436,540.577,538.797,0.0
54186.0,STARLINK-5194,PAYLOAD,2023-08-19 00:38:00,15.08845586,0.0001431,53.2152,225.6941,93.2393,266.8763,-0.00018349,-3.207e-05,0.0,0 STARLINK-5194,1 54186U 22141AF  23231.02639971 -.00003207  00000-0 -18349-3 0  9994,2 54186  53.2152 225.6941 0001431  93.2393 266.8763 15.08845586 45277,6917.863,95.437,540.718,538.738,0.0
54186.0,STARLINK-5194,PAYLOAD,2023-08-20 03:39:34,15.08846422,0.0001503,53.217,220.6395,94.4143,265.7021,-7.4044e-05,-1.466e-05,0.0,0 STARLINK-5194,1 54186U 22141AF  23232.15248394 -.00001466  00000-0 -74044-4 0  9994,2 54186  53.2170 220.6395 0001503  94.4143 265.7021 15.08846422 45445,6917.861,95.437,540.766,538.686,0.0
54186.0,STARLINK-5194,PAYLOAD,2023-08-21 08:16:30,15.08843372,0.0001443,53.216,215.2857,91.7174,268.3983,7.6742e-05,9.34e-06,0.0,0 STARLINK-5194,1 54186U 22141AF  23233.34479994  .00000934  00000-0  76742-4 0  9992,2 54186  53.2160 215.2857 0001443  91.7174 268.3983 15.08843372 45621,6917.87,95.437,540.733,538.737,0.0
54186.0,STARLINK-5194,PAYLOAD,2023-08-22 03:21:08,15.08838325,0.0001517,53.2164,211.7175,88.4681,271.6484,4.2552e-05,3.89e-06,0.0,0 STARLINK-5194,1 54186U 22141AF  23234.13968520  .00000389  00000-0  42552-4 0  9994,2 54186  53.2164 211.7175 0001517  88.4681 271.6484 15.08838325 45745,6917.886,95.438,540.8,538.701,0.0
54186.0,STARLINK-5194,PAYLOAD,2023-08-23 07:58:05,15.08840769,0.0001436,53.2158,206.3641,94.0555,266.0601,1.4529e-05,-5.7e-07,0.0,0 STARLINK-5194,1 54186U 22141AF  23235.33200485 -.00000057  00000-0  14529-4 0  9992,2 54186  53.2158 206.3641 0001436  94.0555 266.0601 15.08840769 45923,6917.878,95.438,540.736,538.75,0.0
54186.0,STARLINK-5194,PAYLOAD,2023-08-24 22:07:20,15.08836524,0.0001368,53.2158,199.2274,94.8351,265.2798,2.2118e-05,6.4e-07,0.0,0 STARLINK-5194,1 54186U 22141AF  23236.92176933  .00000064  00000-0  22118-4 0  9998,2 54186  53.2158 199.2274 0001368  94.8351 265.2798 15.08836524 45934,6917.891,95.438,540.702,538.81,0.0
54186.0,STARLINK-5194,PAYLOAD,2023-08-25 02:53:30,15.08838382,0.0001366,53.2159,198.3353,97.5483,262.5664,3.5549e-05,2.78e-06,0.0,0 STARLINK-5194,1 54186U 22141AF  23237.12048774  .00000278  00000-0  35549-4 0  9991,2 54186  53.2159 198.3353 0001366  97.5483 262.5664 15.08838382 46192,6917.885,95.438,540.695,538.805,0.0
54186.0,STARLINK-5194,PAYLOAD,2023-08-25 06:04:16,15.08840587,0.0001322,53.2161,197.741,90.3317,269.7826,5.2913e-05,5.54e-06,0.0,0 STARLINK-5194,1 54186U 22141AF  23237.25296611  .00000554  00000-0  52913-4 0  9991,2 54186  53.2161 197.7410 0001322  90.3317 269.7826 15.08840587 45986,6917.879,95.438,540.658,538.829,0.0
54186.0,STARLINK-5194,PAYLOAD,2023-08-26 07:30:26,15.08842775,0.0001393,53.2168,192.9843,105.7879,254.3267,1.7724e-05,-6e-08,0.0,0 STARLINK-5194,1 54186U 22141AF  23238.31280783 -.00000006  00000-0  17724-4 0  9996,2 54186  53.2168 192.9843 0001393 105.7879 254.3267 15.08842775 46376,6917.872,95.437,540.701,538.773,0.0
54186.0,STARLINK-5194,PAYLOAD,2023-08-27 05:45:50,15.08844472,0.0001405,53.2176,188.8203,88.255,271.8603,2.2746e-05,7.4e-07,0.0,0 STARLINK-5194,1 54186U 22141AF  23239.24016873  .00000074  00000-0  22746-4 0  9990,2 54186  53.2176 188.8203 0001405  88.2550 271.8603 15.08844472 46288,6917.867,95.437,540.704,538.76,0.0
54186.0,STARLINK-5194,PAYLOAD,2023-08-28 00:50:28,15.08837527,0.000149,53.2172,185.2518,87.3788,272.7375,2.5248e-05,1.14e-06,0.0,0 STARLINK-5194,1 54186U 22141AF  23240.03505428  .00000114  00000-0  25248-4 0  9993,2 54186  53.2172 185.2518 0001490  87.3788 272.7375 15.08837527 46639,6917.888,95.438,540.784,538.722,0.0
54186.0,STARLINK-5194,PAYLOAD,2023-08-28 13:33:33,15.08839685,0.0001445,53.2169,182.8732,87.514,272.6018,3.4583e-05,2.62e-06,0.0,0 STARLINK-5194,1 54186U 22141AF  23240.56497256  .00000262  00000-0  34583-4 0  9996,2 54186  53.2169 182.8732 0001445  87.5140 272.6018 15.08839685 46483,6917.881,95.438,540.746,538.747,0.0
54186.0,STARLINK-5194,PAYLOAD,2023-08-29 02:16:38,15.08843717,0.0001225,53.2155,180.4934,96.1202,263.993,2.4043e-05,9.5e-07,0.0,0 STARLINK-5194,1 54186U 22141AF  23241.09488960  .00000095  00000-0  24043-4 0  9991,2 54186  53.2155 180.4934 0001225  96.1202 263.9930 15.08843717 46798,6917.869,95.437,540.581,538.887,0.0
54186.0,STARLINK-5194,PAYLOAD,2023-08-29 13:24:20,15.08840272,0.0001217,53.2154,178.412,95.735,264.3781,-1.0634e-05,-4.57e-06,0.0,0 STARLINK-5194,1 54186U 22141AF  23241.55857256 -.00000457  00000-0 -10634-4 0  9995,2 54186  53.2154 178.4120 0001217  95.7350 264.3781 15.08840272 46636,6917.88,95.438,540.586,538.903,0.0
54186.0,STARLINK-5194,PAYLOAD,2023-08-30 00:32:03,15.0883557,0.0001222,53.2155,176.3305,94.1798,265.9334,-1.6857e-05,-5.56e-06,0.0,0 STARLINK-5194,1 54186U 22141AF  23242.02225709 -.00000556  00000-0 -16857-4 0  9993,2 54186  53.2155 176.3305 0001222  94.1798 265.9334 15.08835570 46933,6917.894,95.438,540.604,538.914,0.0
54186.0,STARLINK-5194,PAYLOAD,2023-08-30 13:15:06,15.0885555,0.000161,53.2172,173.9523,89.5896,270.5281,0.00014237,1.979e-05,0.0,0 STARLINK-5194,1 54186U 22141AF  23242.55216216  .00001979  00000-0  14237-3 0  9991,2 54186  53.2172 173.9523 0001610  89.5896 270.5281 15.08855550 47018,6917.833,95.437,540.812,538.584,0.0
54186.0,STARLINK-5194,PAYLOAD,2023-08-31 01:58:12,15.08843394,0.0001294,53.2172,171.5726,92.4834,267.6306,5.9193e-05,6.54e-06,0.0,0 STARLINK-5194,1 54186U 22141AF  23243.08208999  .00000654  00000-0  59193-4 0  9999,2 54186  53.2172 171.5726 0001294  92.4834 267.6306 15.08843394 47096,6917.87,95.437,540.63,538.84,0.0
54186.0,STARLINK-5194,PAYLOAD,2023-08-31 05:08:58,15.08842684,0.0001309,53.2169,170.9778,95.4977,264.6164,8.4699e-05,1.06e-05,0.0,0 STARLINK-5194,1 54186U 22141AF  23243.21456946  .00001060  00000-0  84699-4 0  9992,2 54186  53.2169 170.9778 0001309  95.4977 264.6164 15.08842684 46886,6917.872,95.437,540.643,538.832,0.0
54186.0,STARLINK-5194,PAYLOAD,2023-09-01 01:49:00,15.08834891,0.0001139,53.2169,167.1138,81.7968,278.3154,4.871e-05,4.87e-06,0.0,0 STARLINK-5194,1 54186U 22141AF  23244.07569652  .00000487  00000-0  48710-4 0  9992,2 54186  53.2169 167.1138 0001139  81.7968 278.3154 15.08834891 47246,6917.896,95.438,540.549,538.973,0.0
54186.0,STARLINK-5194,PAYLOAD,2023-09-01 11:21:18,15.08837748,0.0001455,53.216,165.329,87.2112,272.9047,2.2661e-05,7.3e-07,0.0,0 STARLINK-5194,1 54186U 22141AF  23244.47313602  .00000073  00000-0  22661-4 0  9996,2 54186  53.2160 165.3290 0001455  87.2112 272.9047 15.08837748 47075,6917.887,95.438,540.759,538.746,0.0
54186.0,STARLINK-5194,PAYLOAD,2023-09-02 03:15:09,15.08842605,0.0001558,53.2161,162.3547,88.6043,271.5128,6.2147e-05,7.01e-06,0.0,0 STARLINK-5194,1 54186U 22141AF  23245.13553091  .00000701  00000-0  62147-4 0  9999,2 54186  53.2161 162.3547 0001558  88.6043 271.5128 15.08842605 47400,6917.872,95.437,540.815,538.66,0.0
54186.0,STARLINK-5194,PAYLOAD,2023-09-02 11:12:05,15.08841849,0.0001419,53.2182,160.8672,86.279,273.8365,9.4854e-06,-1.37e-06,0.0,0 STARLINK-5194,1 54186U 22141AF  23245.46673262 -.00000137  00000-0  94854-5 0  9993,2 54186  53.2182 160.8672 0001419  86.2790 273.8365 15.08841849 47221,6917.875,95.437,540.721,538.758,0.0
54186.0,STARLINK-5194,PAYLOAD,2023-09-03 01:30:34,15.08849174,0.0001209,53.2174,158.1956,103.3667,256.746,-0.00023895,-4.09e-05,0.0,0 STARLINK-5194,1 54186U 22141AF  23246.06290008 -.00004090  00000-0 -23895-3 0  9991,2 54186  53.2174 158.1956 0001209 103.3667 256.7460 15.08849174 47548,6917.852,95.437,540.554,538.881,0.0
54186.0,STARLINK-5194,PAYLOAD,2023-09-03 03:05:57,15.08841831,0.0001346,53.217,157.8962,90.2301,269.8845,-9.847e-05,-1.855e-05,0.0,0 STARLINK-5194,1 54186U 22141AF  23246.12913958 -.00001855  00000-0 -98470-4 0  9992,2 54186  53.2170 157.8962 0001346  90.2301 269.8845 15.08841831 47328,6917.875,95.437,540.671,538.809,0.0
54186.0,STARLINK-5194,PAYLOAD,2023-09-03 23:45:59,15.08833666,0.0001501,53.2174,154.0305,93.2998,266.8165,-5.7631e-05,-1.205e-05,0.0,0 STARLINK-5194,1 54186U 22141AF  23246.99026682 -.00001205  00000-0 -57631-4 0  9999,2 54186  53.2174 154.0305 0001501  93.2998 266.8165 15.08833666 47688,6917.9,95.438,540.803,538.726,0.0
54186.0,STARLINK-5194,PAYLOAD,2023-09-04 04:32:08,15.08833383,0.0001579,53.2184,153.1371,85.056,275.0612,2.3997e-05,9.4e-07,0.0,0 STARLINK-5194,1 54186U 22141AF  23247.18898516  .00000094  00000-0  23997-4 0  9995,2 54186  53.2184 153.1371 0001579  85.0560 275.0612 15.08833383 47484,6917.901,95.438,540.858,538.673,0.0
54186.0,STARLINK-5194,PAYLOAD,2023-09-05 02:47:31,15.08843545,0.0001542,53.2183,148.9738,82.5836,277.5331,7.0558e-05,8.35e-06,0.0,0 STARLINK-5194,1 54186U 22141AF  23248.11634000  .00000835  00000-0  70558-4 0  9993,2 54186  53.2183 148.9738 0001542  82.5836 277.5331 15.08843545 47857,6917.87,95.437,540.801,538.668,0.0
54186.0,STARLINK-5194,PAYLOAD,2023-09-06 02:38:18,15.08844395,0.0001309,53.2175,144.5132,83.2127,276.9014,8.6206e-05,1.084e-05,0.0,0 STARLINK-5194,1 54186U 22141AF  23249.10993736  .00001084  00000-0  86206-4 0  9991,2 54186  53.2175 144.5132 0001309  83.2127 276.9014 15.08844395 47776,6917.867,95.437,540.638,538.826,0.0
54186.0,STARLINK-5194,PAYLOAD,2023-09-06 23:18:19,15.08842732,0.0001211,53.2187,140.6486,81.8191,278.2938,3.9868e-05,3.47e-06,0.0,0 STARLINK-5194,1 54186U 22141AF  23249.97105779  .00000347  00000-0  39868-4 0  9991,2 54186  53.2187 140.6486 0001211  81.8191 278.2938 15.08842732 48139,6917.872,95.437,540.575,538.899,0.0
54186.0,STARLINK-5194,PAYLOAD,2023-09-07 02:29:05,15.08838534,0.0001299,53.2177,140.0529,84.5957,275.5184,0.00012072,1.634e-05,0.0,0 STARLINK-5194,1 54186U 22141AF  23250.10353676  .00001634  00000-0  12072-3 0  9996,2 54186  53.2177 140.0529 0001299  84.5957 275.5184 15.08838534 47920,6917.885,95.438,540.649,538.851,0.0
54186.0,STARLINK-5194,PAYLOAD,2023-09-08 02:19:53,15.08835118,0.0001914,53.2154,135.5927,85.9485,274.1726,1.3735e-06,-2.66e-06,0.0,0 STARLINK-5194,1 54186U 22141AF  23251.09714294 -.00000266  00000-0  13735-5 0  9992,2 54186  53.2154 135.5927 0001914  85.9485 274.1726 15.08835118 48306,6917.895,95.438,541.084,538.436,0.0
54186.0,STARLINK-5194,PAYLOAD,2023-09-08 21:24:31,15.08794598,0.0001662,53.217,132.0225,85.0605,275.0577,0.0005145,7.9e-05,0.0,0 STARLINK-5194,1 54186U 22141AF  23251.89202662  .00007900  00000-0  51450-3 0  9996,2 54186  53.2170 132.0225 0001662  85.0605 275.0577 15.08794598 48199,6918.019,95.44,541.034,538.734,0.0
54186.0,STARLINK-5194,PAYLOAD,2023-09-09 00:35:16,15.0885223,0.0001309,53.2173,131.4298,88.6647,271.4495,-0.00015284,-2.72e-05,0.0,0 STARLINK-5194,1 54186U 22141AF  23252.02449989 -.00002720  00000-0 -15284-3 0  9999,2 54186  53.2173 131.4298 0001309  88.6647 271.4495 15.08852230 48443,6917.843,95.437,540.614,538.802,0.0
54186.0,STARLINK-5194,PAYLOAD,2023-09-09 08:32:12,15.08844241,0.0001424,53.2172,129.9431,88.0195,272.0961,-8.945e-05,-1.711e-05,0.0,0 STARLINK-5194,1 54186U 22141AF  23252.35570163 -.00001711  00000-0 -89450-4 0  9990,2 54186  53.2172 129.9431 0001424  88.0195 272.0961 15.08844241 48261,6917.867,95.437,540.718,538.747,0.0
54186.0,STARLINK-5194,PAYLOAD,2023-09-10 02:01:27,15.08815334,0.000137,53.2172,126.6726,93.7224,266.3925,0.00043688,6.667e-05,0.0,0 STARLINK-5194,1 54186U 22141AF  23253.08434247  .00006667  00000-0  43688-3 0  9998,2 54186  53.2172 126.6726 0001370  93.7224 266.3925 15.08815334 48603,6917.956,95.439,540.769,538.873,0.0
54186.0,STARLINK-5194,PAYLOAD,2023-09-11 08:13:47,15.08838205,0.0001174,53.2169,121.0203,85.4712,274.6415,3.4008e-05,2.53e-06,0.0,0 STARLINK-5194,1 54186U 22141AF  23254.34290863  .00000253  00000-0  34008-4 0  9994,2 54186  53.2169 121.0203 0001174  85.4712 274.6415 15.08838205 48798,6917.886,95.438,540.563,538.939,0.0
54186.0,STARLINK-5194,PAYLOAD,2023-09-12 01:43:01,15.08849333,0.0001153,53.2166,117.7486,83.1496,276.9627,6.1264e-05,6.88e-06,0.0,0 STARLINK-5194,1 54186U 22141AF  23255.07154089  .00000688  00000-0  61264-4 0  9990,2 54186  53.2166 117.7486 0001153  83.1496 276.9627 15.08849333 48908,6917.852,95.437,540.514,538.919,0.0
54186.0,STARLINK-5194,PAYLOAD,2023-09-12 20:47:39,15.08840796,0.0001402,53.2175,114.1782,116.4458,243.6679,3.7334e-05,3.06e-06,0.0,0 STARLINK-5194,1 54186U 22141AF  23255.86642789  .00000306  00000-0  37334-4 0  9994,2 54186  53.2175 114.1782 0001402 116.4458 243.6679 15.08840796 48792,6917.878,95.438,540.713,538.773,0.0
54186.0,STARLINK-5194,PAYLOAD,2023-09-12 22:23:02,15.08841867,0.0001247,53.2168,113.8824,84.5442,275.5693,7.9249e-05,9.74e-06,0.0,0 STARLINK-5194,1 54186U 22141AF  23255.93266708  .00000974  00000-0  79249-4 0  9997,2 54186  53.2168 113.8824 0001247  84.5442 275.5693 15.08841867 49030,6917.875,95.437,540.602,538.877,0.0
54186.0,STARLINK-5194,PAYLOAD,2023-09-13 20:38:25,15.08855122,0.0001231,53.2165,109.7199,99.4768,260.6363,7.9656e-05,9.81e-06,0.0,0 STARLINK-5194,1 54186U 22141AF  23256.86001472  .00000981  00000-0  79656-4 0  9995,2 54186  53.2165 109.7199 0001231  99.4768 260.6363 15.08855122 48942,6917.834,95.437,540.551,538.848,0.0
54186.0,STARLINK-5194,PAYLOAD,2023-09-13 23:49:11,15.08857224,0.0001462,53.2168,109.1249,118.6347,241.4792,0.00010979,1.461e-05,0.0,0 STARLINK-5194,1 54186U 22141AF  23256.99249143  .00001461  00000-0  10979-3 0  9994,2 54186  53.2168 109.1249 0001462 118.6347 241.4792 15.08857224 49194,6917.828,95.436,540.704,538.681,0.0
54186.0,STARLINK-5194,PAYLOAD,2023-09-14 17:18:27,15.08834157,0.0001252,53.2169,105.8556,90.9963,269.1172,-4.3589e-05,-9.81e-06,0.0,0 STARLINK-5194,1 54186U 22141AF  23257.72115407 -.00000981  00000-0 -43589-4 0  9993,2 54186  53.2169 105.8556 0001252  90.9963 269.1172 15.08834157 49304,6917.898,95.438,540.629,538.897,0.0
54186.0,STARLINK-5194,PAYLOAD,2023-09-14 20:29:14,15.08832102,0.00013,53.2173,105.2633,74.3032,285.8103,-7.0507e-05,-1.41e-05,0.0,0 STARLINK-5194,1 54186U 22141AF  23257.85363707 -.00001410  00000-0 -70507-4 0  9993,2 54186  53.2173 105.2633 0001300  74.3032 285.8103 15.08832102 49099,6917.905,95.438,540.669,538.87,0.0
54186.0,STARLINK-5194,PAYLOAD,2023-09-14 23:40:00,15.08832832,0.000126,53.2168,104.6673,82.3128,277.8007,-6.591e-05,-1.336e-05,0.0,0 STARLINK-5194,1 54186U 22141AF  23257.98611641 -.00001336  00000-0 -65910-4 0  9999,2 54186  53.2168 104.6673 0001260  82.3128 277.8007 15.08832832 49117,6917.902,95.438,540.639,538.896,0.0
54186.0,STARLINK-5194,PAYLOAD,2023-09-15 17:09:14,15.08846172,0.0001203,53.2168,101.3963,74.7028,285.4097,-1.9442e-05,-5.97e-06,0.0,0 STARLINK-5194,1 54186U 22141AF  23258.71474795 -.00000597  00000-0 -19442-4 0  9995,2 54186  53.2168 101.3963 0001203  74.7028 285.4097 15.08846172 49457,6917.862,95.437,540.559,538.894,0.0
54186.0,STARLINK-5194,PAYLOAD,2023-09-15 20:20:00,15.08850149,0.0001256,53.2172,100.8008,79.7234,280.3899,1.267e-05,-8.6e-07,0.0,0 STARLINK-5194,1 54186U 22141AF  23258.84722390 -.00000086  00000-0  12670-4 0  9994,2 54186  53.2172 100.8008 0001256  79.7234 280.3899 15.08850149 49248,6917.849,95.437,540.583,538.845,0.0
54186.0,STARLINK-5194,PAYLOAD,2023-09-16 17:00:01,15.08834539,0.000127,53.217,96.9346,72.3587,287.7544,0.00016215,2.293e-05,0.0,0 STARLINK-5194,1 54186U 22141AF  23259.70835242  .00002293  00000-0  16215-3 0  9990,2 54186  53.2170  96.9346 0001270  72.3587 287.7544 15.08834539 49605,6917.897,95.438,540.641,538.884,0.0
54186.0,STARLINK-5194,PAYLOAD,2023-09-16 23:21:33,15.08839749,0.0001263,53.2172,95.7446,72.3982,287.7148,0.00020294,2.943e-05,0.0,0 STARLINK-5194,1 54186U 22141AF  23259.97331010  .00002943  00000-0  20294-3 0  9997,2 54186  53.2172  95.7446 0001263  72.3982 287.7148 15.08839749 49413,6917.881,95.438,540.62,538.872,0.0
54186.0,STARLINK-5194,PAYLOAD,2023-09-17 18:26:11,15.08846543,0.0001266,53.2172,92.1748,83.0033,277.1103,8.6671e-05,1.092e-05,0.0,0 STARLINK-5194,1 54186U 22141AF  23260.76818892  .00001092  00000-0  86671-4 0  9990,2 54186  53.2172  92.1748 0001266  83.0033 277.1103 15.08846543 49760,6917.86,95.437,540.601,538.85,0.0
54186.0,STARLINK-5194,PAYLOAD,2023-09-18 05:33:54,15.08838248,0.000114,53.2165,90.096,75.8036,284.3082,5.1043e-05,5.25e-06,0.0,0 STARLINK-5194,1 54186U 22141AF  23261.23187554  .00000525  00000-0  51043-4 0  9992,2 54186  53.2165  90.0960 0001140  75.8036 284.3082 15.08838248 49835,6917.886,95.438,540.539,538.962,0.0
54186.0,STARLINK-5194,PAYLOAD,2023-09-18 11:55:26,15.08835816,0.0001255,53.2175,88.9081,87.2808,272.8328,2.4183e-05,9.7e-07,0.0,0 STARLINK-5194,1 54186U 22141AF  23261.49683688  .00000097  00000-0  24183-4 0  9998,2 54186  53.2175  88.9081 0001255  87.2808 272.8328 15.08835816 49649,6917.893,95.438,540.626,538.89,0.0
54186.0,STARLINK-5194,PAYLOAD,2023-09-18 16:41:36,15.08831812,0.0001265,53.218,88.0157,87.1374,272.9763,-1.8992e-05,-5.9e-06,0.0,0 STARLINK-5194,1 54186U 22141AF  23261.69556256 -.00000590  00000-0 -18992-4 0  9991,2 54186  53.2180  88.0157 0001265  87.1374 272.9763 15.08831812 49903,6917.905,95.438,540.646,538.895,0.0
54186.0,STARLINK-5194,PAYLOAD,2023-09-18 19:52:22,15.08839271,0.0001435,53.2183,87.4207,87.7519,272.3637,2.5015e-05,1.1e-06,0.0,0 STARLINK-5194,1 54186U 22141AF  23261.82803725  .00000110  00000-0  25015-4 0  9992,2 54186  53.2183  87.4207 0001435  87.7519 272.3637 15.08839271 49698,6917.883,95.438,540.74,538.755,0.0
54186.0,STARLINK-5194,PAYLOAD,2023-09-19 18:07:45,15.08853423,0.0001421,53.2173,83.2572,91.6646,268.4509,0.00023502,3.456e-05,0.0,0 STARLINK-5194,1 54186U 22141AF  23262.75538685  .00003456  00000-0  23502-3 0  9999,2 54186  53.2173  83.2572 0001421  91.6646 268.4509 15.08853423 50068,6917.839,95.437,540.687,538.721,0.0
54186.0,STARLINK-5194,PAYLOAD,2023-09-20 11:37:01,15.08828751,0.0001227,53.2168,79.9837,95.8959,264.2173,0.00012938,1.771e-05,0.0,0 STARLINK-5194,1 54186U 22141AF  23263.48404133  .00001771  00000-0  12938-3 0  9999,2 54186  53.2168  79.9837 0001227  95.8959 264.2173 15.08828751 49947,6917.915,95.438,540.629,538.931,0.0
54186.0,STARLINK-5194,PAYLOAD,2023-09-20 17:58:33,15.0883101,0.0001391,53.217,78.7954,93.9688,266.1464,-2.1991e-05,-6.38e-06,0.0,0 STARLINK-5194,1 54186U 22141AF  23263.74900274 -.00000638  00000-0 -21991-4 0  9998,2 54186  53.2170  78.7954 0001391  93.9688 266.1464 15.08831010 50215,6917.908,95.438,540.735,538.811,0.0
54186.0,STARLINK-5194,PAYLOAD,2023-09-20 21:09:20,15.08829186,0.0001277,53.2162,78.2,94.1837,265.9301,-8.5126e-05,-1.642e-05,0.0,0 STARLINK-5194,1 54186U 22141AF  23263.88148211 -.00001642  00000-0 -85126-4 0  9994,2 54186  53.2162  78.2000 0001277  94.1837 265.9301 15.08829186 50000,6917.913,95.438,540.662,538.895,0.0
54186.0,STARLINK-5194,PAYLOAD,2023-09-21 11:27:48,15.08835659,0.0001139,53.2175,75.5239,82.4489,277.6632,0.00013924,1.929e-05,0.0,0 STARLINK-5194,1 54186U 22141AF  23264.47764320  .00001929  00000-0  13924-3 0  9997,2 54186  53.2175  75.5239 0001139  82.4489 277.6632 15.08835659 50096,6917.894,95.438,540.547,538.971,0.0
54186.0,STARLINK-5194,PAYLOAD,2023-09-21 17:49:20,15.08844314,0.0001259,53.2167,74.3352,80.4205,279.693,0.00028943,4.322e-05,0.0,0 STARLINK-5194,1 54186U 22141AF  23264.74260054  .00004322  00000-0  28943-3 0  9999,2 54186  53.2167  74.3352 0001259  80.4205 279.6930 15.08844314 50368,6917.867,95.437,540.603,538.861,0.0
54186.0,STARLINK-5194,PAYLOAD,2023-09-22 04:57:02,15.08848719,0.0001351,53.2165,72.2536,70.096,290.0178,0.00035589,5.382e-05,0.0,0 STARLINK-5194,1 54186U 22141AF  23265.20627954  .00005382  00000-0  35589-3 0  9998,2 54186  53.2165  72.2536 0001351  70.0960 290.0178 15.08848719 50200,6917.854,95.437,540.653,538.784,0.0
54186.0,STARLINK-5194,PAYLOAD,2023-09-22 20:50:53,15.0885746,0.0001407,53.2172,69.2789,76.5752,283.5397,0.000473,7.251e-05,0.0,0 STARLINK-5194,1 54186U 22141AF  23265.86867568  .00007251  00000-0  47300-3 0  9998,2 54186  53.2172  69.2789 0001407  76.5752 283.5397 15.08857460 50300,6917.827,95.436,540.665,538.719,0.0
54186.0,STARLINK-5194,PAYLOAD,2023-09-23 17:30:54,15.08844456,0.0001285,53.2173,65.4112,80.918,279.1957,0.00010106,1.321e-05,0.0,0 STARLINK-5194,1 54186U 22141AF  23266.72979740  .00001321  00000-0  10106-3 0  9996,2 54186  53.2173  65.4112 0001285  80.9180 279.1957 15.08844456 50660,6917.867,95.437,540.621,538.843,0.0
54186.0,STARLINK-5194,PAYLOAD,2023-09-24 09:24:46,15.08837691,0.0001349,53.2172,62.4383,79.5391,280.5753,-2.9567e-05,-7.58e-06,0.0,0 STARLINK-5194,1 54186U 22141AF  23267.39219936 -.00000758  00000-0 -29567-4 0  9991,2 54186  53.2172  62.4383 0001349  79.5391 280.5753 15.08837691 50769,6917.887,95.438,540.686,538.819,0.0
54186.0,STARLINK-5194,PAYLOAD,2023-09-24 14:10:55,15.08840408,0.0001318,53.2169,61.5471,79.6034,280.5107,1.1735e-05,-1.01e-06,0.0,0 STARLINK-5194,1 54186U 22141AF  23267.59091760 -.00000101  00000-0  11735-4 0  9995,2 54186  53.2169  61.5471 0001318  79.6034 280.5107 15.08840408 50565,6917.879,95.438,540.656,538.832,0.0
54186.0,STARLINK-5194,PAYLOAD,2023-09-24 17:21:41,15.08847654,0.0001369,53.2174,60.9527,84.3669,275.748,5.381e-05,5.69e-06,0.0,0 STARLINK-5194,1 54186U 22141AF  23267.72339272  .00000569  00000-0  53810-4 0  9990,2 54186  53.2174  60.9527 0001369  84.3669 275.7480 15.08847654 50817,6917.857,95.437,540.669,538.775,0.0
54186.0,STARLINK-5194,PAYLOAD,2023-09-25 10:50:55,15.08839368,0.0001341,53.2173,57.6809,90.5129,269.6017,3.4811e-05,2.66e-06,0.0,0 STARLINK-5194,1 54186U 22141AF  23268.45203693  .00000266  00000-0  34811-4 0  9992,2 54186  53.2173  57.6809 0001341  90.5129 269.6017 15.08839368 50699,6917.882,95.438,540.675,538.82,0.0
54186.0,STARLINK-5194,PAYLOAD,2023-09-25 18:47:50,15.08854059,0.000124,53.2171,56.1944,86.6795,273.4339,0.00023565,3.466e-05,0.0,0 STARLINK-5194,1 54186U 22141AF  23268.78322823  .00003466  00000-0  23565-3 0  9993,2 54186  53.2171  56.1944 0001240  86.6795 273.4339 15.08854059 50744,6917.837,95.437,540.56,538.845,0.0
54186.0,STARLINK-5194,PAYLOAD,2023-09-26 09:06:20,15.08833438,0.0001755,53.2176,53.5191,92.3389,267.7804,-3.6757e-06,-3.47e-06,0.0,0 STARLINK-5194,1 54186U 22141AF  23269.37940138 -.00000347  00000-0 -36757-5 0  9990,2 54186  53.2176  53.5191 0001755  92.3389 267.7804 15.08833438 51065,6917.9,95.438,540.98,538.551,0.0
54186.0,STARLINK-5194,PAYLOAD,2023-09-26 13:52:29,15.08833916,0.0001382,53.2176,52.6248,110.9765,249.1376,-0.00012169,-2.224e-05,0.0,0 STARLINK-5194,1 54186U 22141AF  23269.57812046 -.00002224  00000-0 -12169-3 0  9993,2 54186  53.2176  52.6248 0001382 110.9765 249.1376 15.08833916 50865,6917.899,95.438,540.72,538.808,0.0
54186.0,STARLINK-5194,PAYLOAD,2023-09-26 17:03:16,15.08833813,0.0001393,53.2173,52.0296,70.4644,289.6499,-9.3263e-05,-1.772e-05,0.0,0 STARLINK-5194,1 54186U 22141AF  23269.71060306 -.00001772  00000-0 -93263-4 0  9995,2 54186  53.2173  52.0296 0001393  70.4644 289.6499 15.08833813 50880,6917.899,95.438,540.728,538.801,0.0
54186.0,STARLINK-5194,PAYLOAD,2023-09-27 02:35:35,15.08825964,9.45e-05,53.2175,50.2515,92.7929,267.3171,-9.6762e-05,-1.827e-05,0.0,0 STARLINK-5194,1 54186U 22141AF  23270.10804735 -.00001827  00000-0 -96762-4 0  9990,2 54186  53.2175  50.2515 0000945  92.7929 267.3171 15.08825964 51172,6917.923,95.438,540.442,539.135,0.0
54186.0,STARLINK-5194,PAYLOAD,2023-09-27 16:54:03,15.08839798,0.0001425,53.2179,47.5716,80.3868,279.7285,2.8036e-05,1.58e-06,0.0,0 STARLINK-5194,1 54186U 22141AF  23270.70420463  .00000158  00000-0  28036-4 0  9991,2 54186  53.2179  47.5716 0001425  80.3868 279.7285 15.08839798 51260,6917.881,95.438,540.732,538.76,0.0
54186.0,STARLINK-5194,PAYLOAD,2023-09-28 15:09:27,15.08843661,0.0001432,53.2178,43.4062,74.0711,286.0438,0.00024941,3.684e-05,0.0,0 STARLINK-5194,1 54186U 22141AF  23271.63156696  .00003684  00000-0  24941-3 0  9995,2 54186  53.2178  43.4062 0001432  74.0711 286.0438 15.08843661 51178,6917.869,95.437,540.725,538.744,0.0
54186.0,STARLINK-5194,PAYLOAD,2023-09-28 18:20:13,15.08848975,0.0001445,53.2188,42.8111,83.4411,276.6746,0.00033125,4.989e-05,0.0,0 STARLINK-5194,1 54186U 22141AF  23271.76404454  .00004989  00000-0  33125-3 0  9990,2 54186  53.2188  42.8111 0001445  83.4411 276.6746 15.08848975 51420,6917.853,95.437,540.718,538.718,0.0
54186.0,STARLINK-5194,PAYLOAD,2023-09-29 13:24:51,15.08842746,0.0001555,53.2196,39.238,90.0345,270.0825,0.00014996,2.1e-05,0.0,0 STARLINK-5194,1 54186U 22141AF  23272.55892668  .00002100  00000-0  14996-3 0  9994,2 54186  53.2196  39.2380 0001555  90.0345 270.0825 15.08842746 51313,6917.872,95.437,540.813,538.661,0.0
54186.0,STARLINK-5194,PAYLOAD,2023-09-29 16:35:37,15.08847716,0.0001499,53.2199,38.642,101.4543,258.6618,9.873e-05,1.284e-05,0.0,0 STARLINK-5194,1 54186U 22141AF  23272.69140273  .00001284  00000-0  98730-4 0  9998,2 54186  53.2199  38.6420 0001499 101.4543 258.6618 15.08847716 51569,6917.857,95.437,540.759,538.685,0.0
54186.0,STARLINK-5194,PAYLOAD,2023-09-30 18:01:47,15.08847527,0.0001578,53.2196,33.8899,90.2608,269.8565,7.3332e-05,8.79e-06,0.0,0 STARLINK-5194,1 54186U 22141AF  23273.75124286  .00000879  00000-0  73332-4 0  9992,2 54186  53.2196  33.8899 0001578  90.2608 269.8565 15.08847527 51721,6917.857,95.437,540.814,538.631,0.0
54186.0,STARLINK-5194,PAYLOAD,2023-10-01 13:06:24,15.08850796,0.0001484,53.2187,30.3229,90.9215,269.1948,0.00010907,1.449e-05,0.0,0 STARLINK-5194,1 54186U 22141AF  23274.54612067  .00001449  00000-0  10907-3 0  9991,2 54186  53.2187  30.3229 0001484  90.9215 269.1948 15.08850796 51615,6917.847,95.437,540.739,538.686,0.0
54186.0,STARLINK-5194,PAYLOAD,2023-10-01 17:52:33,15.08859974,0.000148,53.2183,29.4319,95.313,264.8031,0.0003297,4.966e-05,0.0,0 STARLINK-5194,1 54186U 22141AF  23274.74483632  .00004966  00000-0  32970-3 0  9998,2 54186  53.2183  29.4319 0001480  95.3130 264.8031 15.08859974 51646,6917.819,95.436,540.708,538.66,0.0
54186.0,STARLINK-5194,PAYLOAD,2023-10-02 00:14:06,15.08848679,0.0001459,53.2188,28.2438,88.5477,271.5682,0.00013979,1.938e-05,0.0,0 STARLINK-5194,1 54186U 22141AF  23275.00979812  .00001938  00000-0  13979-3 0  9992,2 54186  53.2188  28.2438 0001459  88.5477 271.5682 15.08848679 51911,6917.854,95.437,540.728,538.71,0.0
54186.0,STARLINK-5194,PAYLOAD,2023-10-02 08:11:02,15.08837551,0.0002241,53.2186,26.7563,100.8705,259.2539,-9.8019e-05,-1.848e-05,0.0,0 STARLINK-5194,1 54186U 22141AF  23275.34100583 -.00001848  00000-0 -98019-4 0  9991,2 54186  53.2186  26.7563 0002241 100.8705 259.2539 15.08837551 51969,6917.888,95.438,541.303,538.203,0.0
54186.0,STARLINK-5194,PAYLOAD,2023-10-02 14:32:35,15.08836136,0.0001734,53.2195,25.5727,87.4272,272.6919,-7.3538e-05,-1.458e-05,0.0,0 STARLINK-5194,1 54186U 22141AF  23275.60596697 -.00001458  00000-0 -73538-4 0  9991,2 54186  53.2195  25.5727 0001734  87.4272 272.6919 15.08836136 51771,6917.892,95.438,540.957,538.558,0.0
54186.0,STARLINK-5194,PAYLOAD,2023-10-03 11:12:36,15.08842319,0.0001546,53.2179,21.7042,81.8818,278.2349,0.0001262,1.721e-05,0.0,0 STARLINK-5194,1 54186U 22141AF  23276.46708857  .00001721  00000-0  12620-3 0  9994,2 54186  53.2179  21.7042 0001546  81.8818 278.2349 15.08842319 52136,6917.873,95.437,540.808,538.669,0.0
54186.0,STARLINK-5194,PAYLOAD,2023-10-03 14:23:22,15.08847804,0.0001531,53.2182,21.1107,84.8463,275.2704,0.00037669,5.713e-05,0.0,0 STARLINK-5194,1 54186U 22141AF  23276.59956724  .00005713  00000-0  37669-3 0  9991,2 54186  53.2182  21.1107 0001531  84.8463 275.2704 15.08847804 51921,6917.857,95.437,540.781,538.662,0.0
54186.0,STARLINK-5194,PAYLOAD,2023-10-03 15:58:45,15.08850149,0.0001553,53.2183,20.8133,84.8749,275.242,0.0004259,6.499e-05,0.0,0 STARLINK-5194,1 54186U 22141AF  23276.66580675  .00006499  00000-0  42590-3 0  9998,2 54186  53.2183  20.8133 0001553  84.8749 275.2420 15.08850149 51930,6917.849,95.437,540.789,538.64,0.0
54186.0,STARLINK-5194,PAYLOAD,2023-10-04 11:03:23,15.08845133,0.0001639,53.2183,17.2464,97.3968,262.7211,0.00012388,1.684e-05,0.0,0 STARLINK-5194,1 54186U 22141AF  23277.46068733  .00001684  00000-0  12388-3 0  9996,2 54186  53.2183  17.2464 0001639  97.3968 262.7211 15.08845133 52289,6917.865,95.437,540.864,538.596,0.0
54186.0,STARLINK-5194,PAYLOAD,2023-10-04 14:14:09,15.08852815,0.0001775,53.2187,16.6466,71.8258,288.2928,0.000414,6.309e-05,0.0,0 STARLINK-5194,1 54186U 22141AF  23277.59316626  .00006309  00000-0  41400-3 0  9993,2 54186  53.2187  16.6466 0001775  71.8258 288.2928 15.08852815 52078,6917.841,95.437,540.934,538.478,0.0
54186.0,STARLINK-5194,PAYLOAD,2023-10-05 10:54:10,15.08839055,0.000162,53.2178,12.7859,70.8269,289.2899,-2.6987e-05,-7.18e-06,0.0,0 STARLINK-5194,1 54186U 22141AF  23278.45429009 -.00000718  00000-0 -26987-4 0  9993,2 54186  53.2178  12.7859 0001620  70.8269 289.2899 15.08839055 52430,6917.883,95.438,540.869,538.628,0.0
54186.0,STARLINK-5194,PAYLOAD,2023-10-05 14:04:56,15.08848103,0.0001488,53.2174,12.1865,72.9794,287.1361,0.00045655,6.987e-05,0.0,0 STARLINK-5194,1 54186U 22141AF  23278.58676401  .00006987  00000-0  45655-3 0  9991,2 54186  53.2174  12.1865 0001488  72.9794 287.1361 15.08848103 52227,6917.856,95.437,540.75,538.691,0.0
54186.0,STARLINK-5194,PAYLOAD,2023-10-06 10:44:58,15.08832251,0.0001634,53.2175,8.3232,70.04,290.0768,0.0001485,2.076e-05,0.0,0 STARLINK-5194,1 54186U 22141AF  23279.44789497  .00002076  00000-0  14850-3 0  9995,2 54186  53.2175   8.3232 0001634  70.0400 290.0768 15.08832251 52589,6917.904,95.438,540.899,538.639,0.0
54186.0,STARLINK-5194,PAYLOAD,2023-10-06 12:20:21,15.0883794,0.0001617,53.2175,8.0249,76.0776,284.0396,0.000148,2.068e-05,0.0,0 STARLINK-5194,1 54186U 22141AF  23279.51413353  .00002068  00000-0  14800-3 0  9994,2 54186  53.2175   8.0249 0001617  76.0776 284.0396 15.08837940 52363,6917.887,95.438,540.87,538.633,0.0
54186.0,STARLINK-5194,PAYLOAD,2023-10-07 12:11:08,15.08851231,0.000172,53.2181,3.564,91.218,268.901,0.00063064,9.766e-05,0.0,0 STARLINK-5194,1 54186U 22141AF  23280.50773400  .00009766  00000-0  63064-3 0  9995,2 54186  53.2181   3.5640 0001720  91.2180 268.9010 15.08851231 52518,6917.846,95.437,540.901,538.521,0.0
54186.0,STARLINK-5194,PAYLOAD,2023-10-08 10:26:32,15.08844401,0.0001613,53.2185,359.4018,86.9288,273.1889,0.00024579,3.626e-05,0.0,0 STARLINK-5194,1 54186U 22141AF  23281.43509601  .00003626  00000-0  24579-3 0  9995,2 54186  53.2185 359.4018 0001613  86.9288 273.1889 15.08844401 52888,6917.867,95.437,540.848,538.616,0.0
54186.0,STARLINK-5194,PAYLOAD,2023-10-08 12:01:55,15.08849122,0.0001622,53.2191,359.1011,92.556,267.5618,0.000291,4.347e-05,0.0,0 STARLINK-5194,1 54186U 22141AF  23281.50133403  .00004347  00000-0  29100-3 0  9992,2 54186  53.2191 359.1011 0001622  92.5560 267.5618 15.08849122 52669,6917.853,95.437,540.84,538.595,0.0
54186.0,STARLINK-5194,PAYLOAD,2023-10-08 16:48:04,15.08858433,0.000165,53.2191,358.2108,93.1314,266.9867,0.00059553,9.207e-05,0.0,0 STARLINK-5194,1 54186U 22141AF  23281.70005112  .00009207  00000-0  59553-3 0  9994,2 54186  53.2191 358.2108 0001650  93.1314 266.9867 15.08858433 52924,6917.824,95.436,540.83,538.548,0.0
54186.0,STARLINK-5194,PAYLOAD,2023-10-09 08:41:56,15.08844059,0.0001619,53.2188,355.2387,97.6016,262.516,0.00036742,5.565e-05,0.0,0 STARLINK-5194,1 54186U 22141AF  23282.36245519  .00005565  00000-0  36742-3 0  9992,2 54186  53.2188 355.2387 0001619  97.6016 262.5160 15.08844059 53028,6917.868,95.437,540.853,538.613,0.0
54186.0,STARLINK-5194,PAYLOAD,2023-10-09 11:52:42,15.08851704,0.0001522,53.2192,354.6455,89.7945,270.3221,0.001084,0.00017011,0.0,0 STARLINK-5194,1 54186U 22141AF  23282.49493514  .00017011  00000-0  10840-2 0  9995,2 54186  53.2192 354.6455 0001522  89.7945 270.3221 15.08851704 52814,6917.845,95.437,540.763,538.657,0.0
54186.0,STARLINK-5194,PAYLOAD,2023-10-09 16:38:51,15.08871921,0.0001439,53.2193,353.7533,91.254,268.8617,0.001501,0.00023702,0.0,0 STARLINK-5194,1 54186U 22141AF  23282.69365050  .00023702  00000-0  15010-2 0  9998,2 54186  53.2193 353.7533 0001439  91.2540 268.8617 15.08871921 53071,6917.783,95.436,540.643,538.652,0.0
54186.0,STARLINK-5194,PAYLOAD,2023-10-10 11:43:28,15.08871018,0.0001261,53.2184,350.1835,95.709,264.4046,0.0024127,0.00038352,0.0,0 STARLINK-5194,1 54186U 22141AF  23283.48852984  .00038352  00000-0  24127-2 0  9999,2 54186  53.2184 350.1835 0001261  95.7090 264.4046 15.08871018 53197,6917.786,95.436,540.523,538.778,0.0
54186.0,STARLINK-5194,PAYLOAD,2023-10-11 09:58:53,15.08828403,0.0001403,53.2175,346.0206,79.8595,280.2555,0.0013364,0.00021038,0.0,0 STARLINK-5194,1 54186U 22141AF  23284.41589737  .00021038  00000-0  13364-2 0  9990,2 54186  53.2175 346.0206 0001403  79.8595 280.2555 15.08828403 53331,6917.916,95.438,540.751,538.81,0.0
54186.0,STARLINK-5194,PAYLOAD,2023-10-11 13:09:40,15.08832729,0.0001527,53.2178,345.4258,70.0837,290.032,0.0019295,0.00030547,0.0,0 STARLINK-5194,1 54186U 22141AF  23284.54838019  .00030547  00000-0  19295-2 0  9998,2 54186  53.2178 345.4258 0001527  70.0837 290.0320 15.08832729 53125,6917.903,95.438,540.824,538.711,0.0
54186.0,STARLINK-5194,PAYLOAD,2023-10-12 05:03:31,15.08839529,0.0001494,53.2177,342.4533,79.1873,280.9287,0.00085945,0.00013416,0.0,0 STARLINK-5194,1 54186U 22141AF  23285.21078416  .00013416  00000-0  85945-3 0  9992,2 54186  53.2177 342.4533 0001494  79.1873 280.9287 15.08839529 53451,6917.882,95.438,540.78,538.713,0.0
54186.0,STARLINK-5194,PAYLOAD,2023-10-12 11:25:04,15.0885349,0.0001629,53.2174,341.2644,77.0791,283.0383,0.0013973,0.00022028,0.0,0 STARLINK-5194,1 54186U 22141AF  23285.47574284  .00022028  00000-0  13973-2 0  9994,2 54186  53.2174 341.2644 0001629  77.0791 283.0383 15.08853490 53267,6917.839,95.437,540.831,538.577,0.0
54186.0,STARLINK-5194,PAYLOAD,2023-10-13 03:18:55,15.08852687,0.0001553,53.217,338.2904,97.4053,262.7116,0.0012492,0.00019656,0.0,0 STARLINK-5194,1 54186U 22141AF  23286.13814283  .00019656  00000-0  12492-2 0  9992,2 54186  53.2170 338.2904 0001553  97.4053 262.7116 15.08852687 53592,6917.842,95.437,540.781,538.632,0.0
54186.0,STARLINK-5194,PAYLOAD,2023-10-13 11:15:51,15.08858664,0.0001567,53.2173,336.803,91.514,268.6032,0.00090037,0.00014078,0.0,0 STARLINK-5194,1 54186U 22141AF  23286.46934035  .00014078  00000-0  90037-3 0  9991,2 54186  53.2173 336.8030 0001567  91.5140 268.6032 15.08858664 53410,6917.823,95.436,540.772,538.604,0.0
54186.0,STARLINK-5194,PAYLOAD,2023-10-13 20:48:09,15.08855054,0.0001719,53.217,335.0195,82.8061,277.3126,0.00086812,0.00013561,0.0,0 STARLINK-5194,1 54186U 22141AF  23286.86678143  .00013561  00000-0  86812-3 0  9992,2 54186  53.2170 335.0195 0001719  82.8061 277.3126 15.08855054 53471,6917.834,95.437,540.889,538.51,0.0
54186.0,STARLINK-5194,PAYLOAD,2023-10-14 03:09:42,15.08851967,0.0001684,53.2173,333.8302,82.8522,277.2662,0.0006229,9.643e-05,0.0,0 STARLINK-5194,1 54186U 22141AF  23287.13174044  .00009643  00000-0  62290-3 0  9994,2 54186  53.2173 333.8302 0001684  82.8522 277.2662 15.08851967 53746,6917.844,95.437,540.874,538.544,0.0
54186.0,STARLINK-5194,PAYLOAD,2023-10-14 12:42:00,15.08862342,0.0001778,53.2171,332.0449,84.7825,275.337,0.00081069,0.00012646,0.0,0 STARLINK-5194,1 54186U 22141AF  23287.52917570  .00012646  00000-0  81069-3 0  9998,2 54186  53.2171 332.0449 0001778  84.7825 275.3370 15.08862342 53573,6917.812,95.436,540.907,538.447,0.0
54186.0,STARLINK-5194,PAYLOAD,2023-10-14 20:38:56,15.08838706,0.0001792,53.2171,330.5589,82.4869,277.6327,1.0085e-05,-1.28e-06,0.0,0 STARLINK-5194,1 54186U 22141AF  23287.86038010 -.00000128  00000-0  10085-4 0  9992,2 54186  53.2171 330.5589 0001792  82.4869 277.6327 15.08838706 53620,6917.884,95.438,540.989,538.51,0.0
54186.0,STARLINK-5194,PAYLOAD,2023-10-15 03:00:29,15.08834948,0.0002338,53.2164,329.37,81.7062,278.4195,-6.5658e-06,-3.93e-06,0.0,0 STARLINK-5194,1 54186U 22141AF  23288.12534407 -.00000393  00000-0 -65658-5 0  9995,2 54186  53.2164 329.3700 0002338  81.7062 278.4195 15.08834948 53892,6917.896,95.438,541.378,538.143,0.0
54186.0,STARLINK-5194,PAYLOAD,2023-10-15 09:22:02,15.0882864,0.0001825,53.2184,328.1794,92.2682,267.8519,-8.9322e-05,-1.709e-05,0.0,0 STARLINK-5194,1 54186U 22141AF  23288.39030685 -.00001709  00000-0 -89322-4 0  9998,2 54186  53.2184 328.1794 0001825  92.2682 267.8519 15.08828640 53703,6917.915,95.438,541.043,538.518,0.0
54186.0,STARLINK-5194,PAYLOAD,2023-10-16 07:37:26,15.08847201,0.0001808,53.2188,324.0178,88.8119,271.3081,0.00042212,6.438e-05,0.0,0 STARLINK-5194,1 54186U 22141AF  23289.31766641  .00006438  00000-0  42212-3 0  9997,2 54186  53.2188 324.0178 0001808  88.8119 271.3081 15.08847201 54074,6917.858,95.437,540.974,538.473,0.0
54186.0,STARLINK-5194,PAYLOAD,2023-10-16 12:23:35,15.08857945,0.0001794,53.2187,323.125,91.733,268.3868,0.00068869,0.00010695,0.0,0 STARLINK-5194,1 54186U 22141AF  23289.51638320  .00010695  00000-0  68869-3 0  9997,2 54186  53.2187 323.1250 0001794  91.7330 268.3868 15.08857945 53878,6917.826,95.436,540.932,538.449,0.0
54186.0,STARLINK-5194,PAYLOAD,2023-10-17 09:03:35,15.08859588,0.0001753,53.2176,319.2581,93.6402,266.4791,0.00060379,9.339e-05,0.0,0 STARLINK-5194,1 54186U 22141AF  23290.37749962  .00009339  00000-0  60379-3 0  9999,2 54186  53.2176 319.2581 0001753  93.6402 266.4791 15.08859588 54235,6917.821,95.436,540.898,538.473,0.0
54186.0,STARLINK-5194,PAYLOAD,2023-10-17 18:35:54,15.0885673,0.00014,53.2175,317.4733,86.6631,273.4521,0.00092269,0.00014434,0.0,0 STARLINK-5194,1 54186U 22141AF  23290.77494035  .00014434  00000-0  92269-3 0  9996,2 54186  53.2175 317.4733 0001400  86.6631 273.4521 15.08856730 54299,6917.829,95.436,540.663,538.726,0.0
54186.0,STARLINK-5194,PAYLOAD,2023-10-18 02:32:50,15.08838057,0.00015,53.2175,315.9869,91.7943,268.3221,0.00049648,7.622e-05,0.0,0 STARLINK-5194,1 54186U 22141AF  23291.10614562  .00007622  00000-0  49648-3 0  9997,2 54186  53.2175 315.9869 0001500  91.7943 268.3221 15.08838057 54119,6917.886,95.438,540.789,538.714,0.0
54186.0,STARLINK-5194,PAYLOAD,2023-10-18 10:29:46,15.08847705,0.0001482,53.2172,314.5002,90.7739,269.3423,0.00074353,0.00011568,0.0,0 STARLINK-5194,1 54186U 22141AF  23291.43734559  .00011568  00000-0  74353-3 0  9997,2 54186  53.2172 314.5002 0001482  90.7739 269.3423 15.08847705 54396,6917.857,95.437,540.747,538.697,0.0
54186.0,STARLINK-5194,PAYLOAD,2023-10-19 10:20:33,15.08860865,0.0001694,53.2176,310.0402,93.1216,266.997,0.001038,0.0001628,0.0,0 STARLINK-5194,1 54186U 22141AF  23292.43094482  .00016280  00000-0  10380-2 0  9997,2 54186  53.2176 310.0402 0001694  93.1216 266.9970 15.08860865 54546,6917.817,95.436,540.853,538.51,0.0
54186.0,STARLINK-5194,PAYLOAD,2023-10-20 00:39:02,15.08837602,0.0002184,53.2163,307.3637,86.9349,273.1893,0.00033502,5.047e-05,0.0,0 STARLINK-5194,1 54186U 22141AF  23293.02711392  .00005047  00000-0  33502-3 0  9990,2 54186  53.2163 307.3637 0002184  86.9349 273.1893 15.08837602 54630,6917.888,95.438,541.264,538.242,0.0
54186.0,STARLINK-5194,PAYLOAD,2023-10-20 10:11:21,15.08824548,0.000159,53.2163,305.5785,92.3257,267.7918,-1.6035e-05,-5.43e-06,0.0,0 STARLINK-5194,1 54186U 22141AF  23293.42456013 -.00000543  00000-0 -16035-4 0  9991,2 54186  53.2163 305.5785 0001590  92.3257 267.7918 15.08824548 54691,6917.928,95.439,540.893,538.693,0.0
54186.0,STARLINK-5194,PAYLOAD,2023-10-21 00:29:50,15.08836027,0.0001472,53.2187,302.9009,98.7531,261.3628,0.00049187,7.548e-05,0.0,0 STARLINK-5194,1 54186U 22141AF  23294.02072320  .00007548  00000-0  49187-3 0  9996,2 54186  53.2187 302.9009 0001472  98.7531 261.3628 15.08836027 54784,6917.893,95.438,540.776,538.739,0.0
54186.0,STARLINK-5194,PAYLOAD,2023-10-21 08:26:45,15.08864971,0.0001711,53.2169,301.4157,88.194,271.9248,0.0015403,0.00024328,0.0,0 STARLINK-5194,1 54186U 22141AF  23294.35191972  .00024328  00000-0  15403-2 0  9995,2 54186  53.2169 301.4157 0001711  88.1940 271.9248 15.08864971 54835,6917.804,95.436,540.853,538.485,0.0
54186.0,STARLINK-5194,PAYLOAD,2023-10-22 00:20:36,15.08859096,0.0001965,53.2179,298.443,85.8085,274.3131,0.00067996,0.00010556,0.0,0 STARLINK-5194,1 54186U 22141AF  23295.01431533  .00010556  00000-0  67996-3 0  9992,2 54186  53.2179 298.4430 0001965  85.8085 274.3131 15.08859096 54931,6917.822,95.436,541.046,538.328,0.0
54186.0,STARLINK-5194,PAYLOAD,2023-10-22 06:42:08,15.08865382,0.0001676,53.2172,297.2523,93.6806,266.4378,0.00059896,9.264e-05,0.0,0 STARLINK-5194,1 54186U 22141AF  23295.27927021  .00009264  00000-0  59896-3 0  9996,2 54186  53.2172 297.2523 0001676  93.6806 266.4378 15.08865382 54740,6917.803,95.436,540.827,538.508,0.0
54186.0,STARLINK-5194,PAYLOAD,2023-10-22 17:49:50,15.08849581,0.0001984,53.2169,295.1714,92.077,268.0449,0.001007,0.00015779,0.0,0 STARLINK-5194,1 54186U 22141AF  23295.74294984  .00015779  00000-0  10070-2 0  9991,2 54186  53.2169 295.1714 0001984  92.0770 268.0449 15.08849581 55044,6917.851,95.437,541.089,538.344,0.0
54186.0,STARLINK-5194,PAYLOAD,2023-10-23 03:22:09,15.08837361,0.0001892,53.2173,293.3867,105.8686,254.2515,0.00097756,0.00015303,0.0,0 STARLINK-5194,1 54186U 22141AF  23296.14039254  .00015303  00000-0  97756-3 0  9993,2 54186  53.2173 293.3867 0001892 105.8686 254.2515 15.08837361 55106,6917.888,95.438,541.062,538.445,0.0
54186.0,STARLINK-5194,PAYLOAD,2023-10-23 06:32:56,15.08838932,0.0001982,53.2171,292.7913,105.0011,255.12,0.00037938,5.755e-05,0.0,0 STARLINK-5194,1 54186U 22141AF  23296.27287238  .00005755  00000-0  37938-3 0  9990,2 54186  53.2171 292.7913 0001982 105.0011 255.1200 15.08838932 55121,6917.884,95.438,541.12,538.378,0.0
54186.0,STARLINK-5194,PAYLOAD,2023-10-24 04:48:20,15.08839938,0.0002031,53.2172,288.6269,111.537,248.5839,0.00040191,6.114e-05,0.0,0 STARLINK-5194,1 54186U 22141AF  23297.20023677  .00006114  00000-0  40191-3 0  9994,2 54186  53.2172 288.6269 0002031 111.5370 248.5839 15.08839938 55262,6917.881,95.438,541.151,538.341,0.0
54186.0,STARLINK-5194,PAYLOAD,2023-10-24 09:34:29,15.08844646,0.0001845,53.2165,287.7375,102.2166,257.9032,0.00055127,8.497e-05,0.0,0 STARLINK-5194,1 54186U 22141AF  23297.39895712  .00008497  00000-0  55127-3 0  9992,2 54186  53.2165 287.7375 0001845 102.2166 257.9032 15.08844646 55063,6917.866,95.437,541.008,538.455,0.0
54186.0,STARLINK-5194,PAYLOAD,2023-10-25 09:25:16,15.08843544,0.000196,53.2171,283.2772,108.3515,251.7691,0.00025327,3.745e-05,0.0,0 STARLINK-5194,1 54186U 22141AF  23298.39255757  .00003745  00000-0  25327-3 0  9992,2 54186  53.2171 283.2772 0001960 108.3515 251.7691 15.08843544 55446,6917.87,95.437,541.09,538.379,0.0
54186.0,STARLINK-5194,PAYLOAD,2023-10-26 04:29:53,15.08867795,0.0001852,53.2166,279.7091,102.9741,257.1458,0.00057742,8.92e-05,0.0,0 STARLINK-5194,1 54186U 22141AF  23299.18742473  .00008920  00000-0  57742-3 0  9992,2 54186  53.2166 279.7091 0001852 102.9741 257.1458 15.08867795 55563,6917.795,95.436,540.942,538.379,0.0
54186.0,STARLINK-5194,PAYLOAD,2023-10-26 09:16:02,15.08879489,0.000184,53.2165,278.8166,101.0771,259.0428,0.00088441,0.00013831,0.0,0 STARLINK-5194,1 54186U 22141AF  23299.38613979  .00013831  00000-0  88441-3 0  9999,2 54186  53.2165 278.8166 0001840 101.0771 259.0428 15.08879489 55364,6917.76,95.435,540.898,538.352,0.0
54186.0,STARLINK-5194,PAYLOAD,2023-10-27 04:20:41,15.08823139,0.0001383,53.2163,275.2484,89.8014,270.3137,-0.00010065,-1.889e-05,0.0,0 STARLINK-5194,1 54186U 22141AF  23300.18103504 -.00001889  00000-0 -10065-3 0  9997,2 54186  53.2163 275.2484 0001383  89.8014 270.3137 15.08823139 55714,6917.932,95.439,540.754,538.84,0.0
54186.0,STARLINK-5194,PAYLOAD,2023-10-27 07:31:28,15.08813893,0.000165,53.2162,274.6534,95.0959,265.0221,-0.00011962,-2.19e-05,0.0,0 STARLINK-5194,1 54186U 22141AF  23300.31351858 -.00002190  00000-0 -11962-3 0  9992,2 54186  53.2162 274.6534 0001650  95.0959 265.0221 15.08813893 55504,6917.96,95.439,540.967,538.684,0.0
54186.0,STARLINK-5194,PAYLOAD,2023-10-27 15:28:24,15.08815302,0.000152,53.2155,273.1666,102.7756,257.3406,0.00073792,0.00011468,0.0,0 STARLINK-5194,1 54186U 22141AF  23300.64472667  .00011468  00000-0  73792-3 0  9995,2 54186  53.2155 273.1666 0001520 102.7756 257.3406 15.08815302 55554,6917.956,95.439,540.872,538.769,0.0
54186.0,STARLINK-5194,PAYLOAD,2023-10-28 05:46:53,15.08844269,0.0001532,53.2155,270.4899,101.6226,258.4938,0.001472,0.00023219,0.0,0 STARLINK-5194,1 54186U 22141AF  23301.24089160  .00023219  00000-0  14720-2 0  9996,2 54186  53.2155 270.4899 0001532 101.6226 258.4938 15.08844269 55876,6917.867,95.437,540.792,538.673,0.0
54186.0,STARLINK-5194,PAYLOAD,2023-10-28 15:19:11,15.08852098,0.0001519,53.2155,268.704,102.1831,257.9332,0.0012406,0.00019518,0.0,0 STARLINK-5194,1 54186U 22141AF  23301.63833120  .00019518  00000-0  12406-2 0  9998,2 54186  53.2155 268.7040 0001519 102.1831 257.9332 15.08852098 55935,6917.843,95.437,540.759,538.658,0.0
54186.0,STARLINK-5194,PAYLOAD,2023-10-28 21:40:44,15.08861159,0.0001538,53.2153,267.5148,103.1732,256.9431,0.0013102,0.00020637,0.0,0 STARLINK-5194,1 54186U 22141AF  23301.90328853  .00020637  00000-0  13102-2 0  9998,2 54186  53.2153 267.5148 0001538 103.1732 256.9431 15.08861159 55747,6917.816,95.436,540.745,538.617,0.0
54186.0,STARLINK-5194,PAYLOAD,2023-10-29 04:02:16,15.08874321,0.0001556,53.2154,266.3256,101.7886,258.3281,0.001637,0.00025885,0.0,0 STARLINK-5194,1 54186U 22141AF  23302.16824373  .00025885  00000-0  16370-2 0  9995,2 54186  53.2154 266.3256 0001556 101.7886 258.3281 15.08874321 55787,6917.775,95.435,540.717,538.564,0.0
54186.0,STARLINK-5194,PAYLOAD,2023-10-29 15:09:58,15.08862006,0.0001513,53.2155,264.2436,92.6795,267.437,0.0010199,0.00015991,0.0,0 STARLINK-5194,1 54186U 22141AF  23302.63192215  .00015991  00000-0  10199-2 0  9990,2 54186  53.2155 264.2436 0001513  92.6795 267.4370 15.08862006 56086,6917.813,95.436,540.725,538.631,0.0
54186.0,STARLINK-5194,PAYLOAD,2023-10-29 21:31:30,15.08855609,0.0002066,53.2175,263.0548,104.5082,255.614,0.0010781,0.00016919,0.0,0 STARLINK-5194,1 54186U 22141AF  23302.89688268  .00016919  00000-0  10781-2 0  9994,2 54186  53.2175 263.0548 0002066 104.5082 255.6140 15.08855609 55898,6917.833,95.437,541.127,538.268,0.0
54186.0,STARLINK-5194,PAYLOAD,2023-10-30 03:53:03,15.08848997,0.0001656,53.2171,261.8663,94.5567,265.5614,0.00012285,1.668e-05,0.0,0 STARLINK-5194,1 54186U 22141AF  23303.16184225  .00001668  00000-0  12285-3 0  9996,2 54186  53.2171 261.8663 0001656  94.5567 265.5614 15.08848997 56167,6917.853,95.437,540.863,538.572,0.0
54186.0,STARLINK-5194,PAYLOAD,2023-10-30 07:03:49,15.08851354,0.0001742,53.217,261.2688,102.6506,257.4681,0.00017017,2.422e-05,0.0,0 STARLINK-5194,1 54186U 22141AF  23303.29432066  .00002422  00000-0  17017-3 0  9996,2 54186  53.2170 261.2688 0001742 102.6506 257.4681 15.08851354 55958,6917.846,95.437,540.916,538.506,0.0
54186.0,STARLINK-5194,PAYLOAD,2023-10-31 03:43:50,15.08841885,0.0001428,53.2166,257.4056,84.1974,275.9181,0.00016557,2.348e-05,0.0,0 STARLINK-5194,1 54186U 22141AF  23304.15544622  .00002348  00000-0  16557-3 0  9999,2 54186  53.2166 257.4056 0001428  84.1974 275.9181 15.08841885 56312,6917.875,95.437,540.727,538.752,0.0
54186.0,STARLINK-5194,PAYLOAD,2023-10-31 21:13:05,15.08843619,0.0001483,53.2177,254.1345,81.6666,278.4494,0.0003026,4.532e-05,0.0,0 STARLINK-5194,1 54186U 22141AF  23304.88408787  .00004532  00000-0  30260-3 0  9994,2 54186  53.2177 254.1345 0001483  81.6666 278.4494 15.08843619 56198,6917.869,95.437,540.76,538.708,0.0
54186.0,STARLINK-5194,PAYLOAD,2023-11-01 13:06:56,15.0884901,0.0001364,53.2169,251.1607,84.0531,276.0617,0.00046552,7.13e-05,0.0,0 STARLINK-5194,1 54186U 22141AF  23305.54648422  .00007130  00000-0  46552-3 0  9998,2 54186  53.2169 251.1607 0001364  84.0531 276.0617 15.08849010 56296,6917.853,95.437,540.661,538.774,0.0
54186.0,STARLINK-5194,PAYLOAD,2023-11-01 21:03:51,15.08845278,0.0001639,53.2191,249.6783,90.5533,269.5647,0.00012439,1.692e-05,0.0,0 STARLINK-5194,1 54186U 22141AF  23305.87768482  .00001692  00000-0  12439-3 0  9997,2 54186  53.2191 249.6783 0001639  90.5533 269.5647 15.08845278 56570,6917.864,95.437,540.863,538.595,0.0
54186.0,STARLINK-5194,PAYLOAD,2023-11-02 06:36:10,15.08854842,0.0001474,53.218,247.891,80.6957,279.4202,0.00029123,4.352e-05,0.0,0 STARLINK-5194,1 54186U 22141AF  23306.27511920  .00004352  00000-0  29123-3 0  9999,2 54186  53.2180 247.8910 0001474  80.6957 279.4202 15.08854842 56403,6917.835,95.437,540.72,538.68,0.0
54186.0,STARLINK-5194,PAYLOAD,2023-11-03 03:16:11,15.08848085,0.0001491,53.2169,244.0273,104.9048,255.2109,0.0001184,1.597e-05,0.0,0 STARLINK-5194,1 54186U 22141AF  23307.13624045  .00001597  00000-0  11840-3 0  9993,2 54186  53.2169 244.0273 0001491 104.9048 255.2109 15.08848085 56760,6917.856,95.437,540.752,538.689,0.0
54186.0,STARLINK-5194,PAYLOAD,2023-11-03 19:10:02,15.08846128,0.0001546,53.218,241.055,108.5297,251.5863,0.00018926,2.726e-05,0.0,0 STARLINK-5194,1 54186U 22141AF  23307.79864033  .00002726  00000-0  18926-3 0  9995,2 54186  53.2180 241.0550 0001546 108.5297 251.5863 15.08846128 56633,6917.862,95.437,540.796,538.657,0.0
54186.0,STARLINK-5194,PAYLOAD,2023-11-04 04:42:21,15.08845255,0.0001346,53.2166,239.2658,83.3195,276.795,0.00025326,3.746e-05,0.0,0 STARLINK-5194,1 54186U 22141AF  23308.19608212  .00003746  00000-0  25326-3 0  9990,2 54186  53.2166 239.2658 0001346  83.3195 276.7950 15.08845255 56928,6917.864,95.437,540.66,538.798,0.0
54186.0,STARLINK-5194,PAYLOAD,2023-11-04 12:39:17,15.08833521,0.0001298,53.2165,237.7796,96.0819,264.0321,7.1009e-05,8.42e-06,0.0,0 STARLINK-5194,1 54186U 22141AF  23308.52728618  .00000842  00000-0  71009-4 0  9994,2 54186  53.2165 237.7796 0001298  96.0819 264.0321 15.08833521 56748,6917.9,95.438,540.663,538.867,0.0
54186.0,STARLINK-5194,PAYLOAD,2023-11-05 04:33:08,15.08855298,0.0001462,53.2169,234.8054,93.9242,266.1918,0.00040141,6.109e-05,0.0,0 STARLINK-5194,1 54186U 22141AF  23309.18968261  .00006109  00000-0  40141-3 0  9991,2 54186  53.2169 234.8054 0001462  93.9242 266.1918 15.08855298 57073,6917.834,95.437,540.71,538.687,0.0
54186.0,STARLINK-5194,PAYLOAD,2023-11-05 12:30:04,15.08845359,0.000156,53.2167,233.319,90.5166,269.6005,0.0002393,3.523e-05,0.0,0 STARLINK-5194,1 54186U 22141AF  23309.52088614  .00003523  00000-0  23930-3 0  9998,2 54186  53.2167 233.3190 0001560  90.5166 269.6005 15.08845359 56894,6917.864,95.437,540.808,538.65,0.0
54186.0,STARLINK-5194,PAYLOAD,2023-11-06 01:13:08,15.08877542,0.0001272,53.2162,230.9381,103.5833,256.5301,0.00072544,0.00011288,0.0,0 STARLINK-5194,1 54186U 22141AF  23310.05078789  .00011288  00000-0  72544-3 0  9992,2 54186  53.2162 230.9381 0001272 103.5833 256.5301 15.08877542 57209,6917.766,95.435,540.511,538.751,0.0
54186.0,STARLINK-5194,PAYLOAD,2023-11-06 04:23:53,15.08908797,0.0001672,53.2171,230.3439,95.0142,265.1041,0.00145,0.00022908,0.0,0 STARLINK-5194,1 54186U 22141AF  23310.18325758  .00022908  00000-0  14500-2 0  9995,2 54186  53.2171 230.3439 0001672  95.0142 265.1041 15.08908797 57225,6917.67,95.433,540.692,538.378,0.0
54186.0,STARLINK-5194,PAYLOAD,2023-11-06 12:20:50,15.08850713,0.0002423,53.2169,228.8584,80.1979,279.9286,6.8278e-06,-1.8e-06,0.0,0 STARLINK-5194,1 54186U 22141AF  23310.51447444 -.00000180  00000-0  68278-5 0  9992,2 54186  53.2169 228.8584 0002423  80.1979 279.9286 15.08850713 57041,6917.848,95.437,541.389,538.036,0.0
54186.0,STARLINK-5194,PAYLOAD,2023-11-06 21:53:11,15.0877322,0.0001487,53.2174,227.0748,93.0468,267.0694,-0.0016321,-0.00026122,0.0,0 STARLINK-5194,1 54186U 22141AF  23310.91194184 -.00026122  00000-0 -16321-2 0  9990,2 54186  53.2174 227.0748 0001487  93.0468 267.0694 15.08773220 57100,6918.085,95.442,540.978,538.921,0.0
54186.0,STARLINK-5194,PAYLOAD,2023-11-07 01:03:58,15.08775036,0.0001738,53.2167,226.4784,96.3937,263.7253,-0.0014765,-0.00023668,0.0,0 STARLINK-5194,1 54186U 22141AF  23311.04442635 -.00023668  00000-0 -14765-2 0  9994,2 54186  53.2167 226.4784 0001738  96.3937 263.7253 15.08775036 57359,6918.079,95.442,541.146,538.742,0.0
54186.0,STARLINK-5194,PAYLOAD,2023-11-07 04:14:44,15.0876743,0.0001895,53.2169,225.8821,95.8486,264.2722,-0.0015381,-0.00024636,0.0,0 STARLINK-5194,1 54186U 22141AF  23311.17690924 -.00024636  00000-0 -15381-2 0  9995,2 54186  53.2169 225.8821 0001895  95.8486 264.2722 15.08767430 57146,6918.102,95.442,541.278,538.656,0.0
54186.0,STARLINK-5194,PAYLOAD,2023-11-08 02:30:08,15.08856173,0.0001656,53.2166,221.7212,95.7252,264.3929,0.0019568,0.00031006,0.0,0 STARLINK-5194,1 54186U 22141AF  23312.10426871  .00031006  00000-0  19568-2 0  9995,2 54186  53.2166 221.7212 0001656  95.7252 264.3929 15.08856173 57511,6917.831,95.437,540.842,538.55,0.0
54186.0,STARLINK-5194,PAYLOAD,2023-11-08 04:05:31,15.08859294,0.000161,53.2165,221.4233,95.8178,264.2997,0.0019413,0.00030759,0.0,0 STARLINK-5194,1 54186U 22141AF  23312.17050733  .00030759  00000-0  19413-2 0  9995,2 54186  53.2165 221.4233 0001610  95.8178 264.2997 15.08859294 57294,6917.821,95.436,540.8,538.573,0.0
54186.0,STARLINK-5194,PAYLOAD,2023-11-08 21:34:45,15.08859145,0.0001676,53.2169,218.1525,101.4905,258.6275,0.00016476,2.336e-05,0.0,0 STARLINK-5194,1 54186U 22141AF  23312.89913860  .00002336  00000-0  16476-3 0  9990,2 54186  53.2169 218.1525 0001676 101.4905 258.6275 15.08859145 57403,6917.822,95.436,540.846,538.527,0.0
54186.0,STARLINK-5194,PAYLOAD,2023-11-09 00:45:31,15.08862368,0.0001662,53.2168,217.5591,100.8156,259.3023,0.000677,0.00010509,0.0,0 STARLINK-5194,1 54186U 22141AF  23313.03161777  .00010509  00000-0  67700-3 0  9996,2 54186  53.2168 217.5591 0001662 100.8156 259.3023 15.08862368 57651,6917.812,95.436,540.827,538.527,0.0
54186.0,STARLINK-5194,PAYLOAD,2023-11-09 21:25:32,15.088443,0.0001635,53.2165,213.6921,100.7921,259.3256,4.341e-05,4.03e-06,0.0,0 STARLINK-5194,1 54186U 22141AF  23313.89273226  .00000403  00000-0  43410-4 0  9998,2 54186  53.2165 213.6921 0001635 100.7921 259.3256 15.08844300 57554,6917.867,95.437,540.863,538.601,0.0
54186.0,STARLINK-5194,PAYLOAD,2023-11-10 02:11:41,15.08847243,0.000163,53.2164,212.8008,101.7884,258.3291,-0.0001588,-2.815e-05,0.0,0 STARLINK-5194,1 54186U 22141AF  23314.09145137 -.00002815  00000-0 -15880-3 0  9990,2 54186  53.2164 212.8008 0001630 101.7884 258.3291 15.08847243 57810,6917.858,95.437,540.851,538.596,0.0
54186.0,STARLINK-5194,PAYLOAD,2023-11-10 10:08:37,15.08841867,0.0001622,53.2164,211.3144,102.3344,257.783,-0.00012032,-2.203e-05,0.0,0 STARLINK-5194,1 54186U 22141AF  23314.42265300 -.00002203  00000-0 -12032-3 0  9999,2 54186  53.2164 211.3144 0001622 102.3344 257.7830 15.08841867 57632,6917.875,95.437,540.862,538.618,0.0
54186.0,STARLINK-5194,PAYLOAD,2023-11-11 02:02:30,15.08803223,0.0002216,53.2176,208.343,111.0351,249.0878,0.0012469,0.00019592,0.0,0 STARLINK-5194,1 54186U 22141AF  23315.08507732  .00019592  00000-0  12469-2 0  9990,2 54186  53.2176 208.3430 0002216 111.0351 249.0878 15.08803223 57960,6917.993,95.44,541.391,538.325,0.0
54186.0,STARLINK-5194,PAYLOAD,2023-11-11 21:07:07,15.0883004,0.0001909,53.2176,204.7752,108.0,252.1201,0.0002541,3.757e-05,0.0,0 STARLINK-5194,1 54186U 22141AF  23315.87994267  .00003757  00000-0  25410-3 0  9997,2 54186  53.2176 204.7752 0001909 108.0000 252.1201 15.08830040 57852,6917.911,95.438,541.096,538.455,0.0
54186.0,STARLINK-5194,PAYLOAD,2023-11-12 01:53:16,15.08839078,0.0001603,53.2173,203.8797,91.909,268.2085,8.7712e-05,1.108e-05,0.0,0 STARLINK-5194,1 54186U 22141AF  23316.07866084  .00001108  00000-0  87712-4 0  9997,2 54186  53.2173 203.8797 0001603  91.9090 268.2085 15.08839078 58116,6917.883,95.438,540.857,538.639,0.0
54186.0,STARLINK-5194,PAYLOAD,2023-11-12 22:33:17,15.08842547,0.0001463,53.2162,200.0168,89.3597,270.7563,6.5814e-05,7.6e-06,0.0,0 STARLINK-5194,1 54186U 22141AF  23316.93978154  .00000760  00000-0  65814-4 0  9996,2 54186  53.2162 200.0168 0001463  89.3597 270.7563 15.08842547 58015,6917.873,95.437,540.75,538.726,0.0
54186.0,STARLINK-5194,PAYLOAD,2023-11-13 09:40:58,15.08846398,0.0001528,53.2166,197.9332,96.7982,263.3184,9.4287e-05,1.213e-05,0.0,0 STARLINK-5194,1 54186U 22141AF  23317.40345736  .00001213  00000-0  94287-4 0  9993,2 54186  53.2166 197.9332 0001528  96.7982 263.3184 15.08846398 58316,6917.861,95.437,540.783,538.669,0.0
54186.0,STARLINK-5194,PAYLOAD,2023-11-13 22:24:03,15.08837508,0.0001567,53.2174,195.5525,103.715,256.4017,0.00033487,5.045e-05,0.0,0 STARLINK-5194,1 54186U 22141AF  23317.93337582  .00005045  00000-0  33487-3 0  9992,2 54186  53.2174 195.5525 0001567 103.7150 256.4017 15.08837508 58166,6917.888,95.438,540.837,538.669,0.0
54186.0,STARLINK-5194,PAYLOAD,2023-11-14 09:31:45,15.0884922,0.0001443,53.2181,193.4691,107.5356,252.5794,-3.8005e-06,-3.48e-06,0.0,0 STARLINK-5194,1 54186U 22141AF  23318.39705348 -.00000348  00000-0 -38005-5 0  9998,2 54186  53.2181 193.4691 0001443 107.5356 252.5794 15.08849220 58239,6917.852,95.437,540.715,538.719,0.0
54186.0,STARLINK-5194,PAYLOAD,2023-11-14 22:14:51,15.08837485,0.0001503,53.2167,191.0944,85.3015,274.8149,-1.7585e-05,-5.68e-06,0.0,0 STARLINK-5194,1 54186U 22141AF  23318.92698440 -.00000568  00000-0 -17585-4 0  9994,2 54186  53.2167 191.0944 0001503  85.3015 274.8149 15.08837485 58310,6917.888,95.438,540.793,538.713,0.0
54186.0,STARLINK-5194,PAYLOAD,2023-11-16 01:16:23,15.08846234,0.0001604,53.2162,186.0396,86.6206,273.4969,8.1567e-05,1.011e-05,0.0,0 STARLINK-5194,1 54186U 22141AF  23320.05305429  .00001011  00000-0  81567-4 0  9996,2 54186  53.2162 186.0396 0001604  86.6206 273.4969 15.08846234 58719,6917.861,95.437,540.836,538.617,0.0
54186.0,STARLINK-5194,PAYLOAD,2023-11-16 15:34:52,15.0883992,0.0001552,53.216,183.3628,88.609,271.508,1.321e-05,-7.8e-07,0.0,0 STARLINK-5194,1 54186U 22141AF  23320.64921814 -.00000078  00000-0  13210-4 0  9996,2 54186  53.2160 183.3628 0001552  88.6090 271.5080 15.08839920 58807,6917.881,95.438,540.819,538.672,0.0
54186.0,STARLINK-5194,PAYLOAD,2023-11-16 21:56:24,15.08841298,0.0002068,53.215,182.1718,92.1045,268.0184,8.7013e-05,1.097e-05,0.0,0 STARLINK-5194,1 54186U 22141AF  23320.91417656  .00001097  00000-0  87013-4 0  9993,2 54186  53.2150 182.1718 0002068  92.1045 268.0184 15.08841298 58612,6917.876,95.437,541.172,538.311,0.0
54186.0,STARLINK-5194,PAYLOAD,2023-11-17 07:28:43,15.08839932,0.0001201,53.2117,180.387,80.8712,279.2416,3.2463e-05,2.29e-06,0.0,0 STARLINK-5194,1 54186U 22141AF  23321.31161832  .00000229  00000-0  32463-4 0  9995,2 54186  53.2117 180.3870 0001201  80.8712 279.2416 15.08839932 58677,6917.881,95.438,540.576,538.915,0.0
54186.0,STARLINK-5194,PAYLOAD,2023-11-17 23:22:35,15.08832285,0.0001345,53.2133,177.4167,96.7802,263.3343,3.6921e-05,3e-06,0.0,0 STARLINK-5194,1 54186U 22141AF  23321.97402348  .00000300  00000-0  36921-4 0  9990,2 54186  53.2133 177.4167 0001345  96.7802 263.3343 15.08832285 59001,6917.904,95.438,540.699,538.839,0.0
54186.0,STARLINK-5194,PAYLOAD,2023-11-18 07:19:31,15.08834436,0.0001352,53.2146,175.9299,93.5025,266.6122,5.3611e-05,5.65e-06,0.0,0 STARLINK-5194,1 54186U 22141AF  23322.30522353  .00000565  00000-0  53611-4 0  9995,2 54186  53.2146 175.9299 0001352  93.5025 266.6122 15.08834436 58824,6917.897,95.438,540.698,538.827,0.0
54186.0,STARLINK-5194,PAYLOAD,2023-11-19 07:10:18,15.08836863,0.0001668,53.2167,171.468,88.652,271.4663,8.6872e-05,1.095e-05,0.0,0 STARLINK-5194,1 54186U 22141AF  23323.29882455  .00001095  00000-0  86872-4 0  9990,2 54186  53.2167 171.4680 0001668  88.6520 271.4663 15.08836863 59200,6917.89,95.438,540.909,538.601,0.0
54186.0,STARLINK-5194,PAYLOAD,2023-11-19 13:31:50,15.08837846,0.0001485,53.2163,170.2788,90.2224,269.8938,9.0287e-05,1.149e-05,0.0,0 STARLINK-5194,1 54186U 22141AF  23323.56378361  .00001149  00000-0  90287-4 0  9991,2 54186  53.2163 170.2788 0001485  90.2224 269.8938 15.08837846 59016,6917.887,95.438,540.779,538.725,0.0
54186.0,STARLINK-5194,PAYLOAD,2023-11-19 21:28:46,15.08841271,0.0001422,53.2163,168.7926,90.8356,269.2799,9.4851e-05,1.222e-05,0.0,0 STARLINK-5194,1 54186U 22141AF  23323.89498098  .00001222  00000-0  94851-4 0  9990,2 54186  53.2163 168.7926 0001422  90.8356 269.2799 15.08841271 59066,6917.877,95.437,540.725,538.758,0.0
54186.0,STARLINK-5194,PAYLOAD,2023-11-20 13:22:38,15.08837791,0.0001428,53.2157,165.8185,88.6857,271.4299,5.0571e-05,5.17e-06,0.0,0 STARLINK-5194,1 54186U 22141AF  23324.55738567  .00000517  00000-0  50571-4 0  9999,2 54186  53.2157 165.8185 0001428  88.6857 271.4299 15.08837791 59164,6917.887,95.438,540.74,538.764,0.0
54186.0,STARLINK-5194,PAYLOAD,2023-11-20 19:44:10,15.08838574,0.0001386,53.2159,164.6292,89.2946,270.8204,5.2836e-05,5.53e-06,0.0,0 STARLINK-5194,1 54186U 22141AF  23324.82234528  .00000553  00000-0  52836-4 0  9993,2 54186  53.2159 164.6292 0001386  89.2946 270.8204 15.08838574 59430,6917.885,95.438,540.709,538.791,0.0
54186.0,STARLINK-5194,PAYLOAD,2023-11-21 13:13:24,15.08842883,0.0001408,53.2159,161.3581,88.8033,271.3121,4.3309e-05,4.01e-06,0.0,0 STARLINK-5194,1 54186U 22141AF  23325.55098324  .00000401  00000-0  43309-4 0  9993,2 54186  53.2159 161.3581 0001408  88.8033 271.3121 15.08842883 59311,6917.872,95.437,540.711,538.763,0.0
54186.0,STARLINK-5194,PAYLOAD,2023-11-21 19:34:57,15.08845748,0.0001415,53.2158,160.1689,87.8406,272.2748,6.3965e-05,7.3e-06,0.0,0 STARLINK-5194,1 54186U 22141AF  23325.81594075  .00000730  00000-0  63965-4 0  9991,2 54186  53.2158 160.1689 0001415  87.8406 272.2748 15.08845748 59359,6917.863,95.437,540.707,538.749,0.0
54186.0,STARLINK-5194,PAYLOAD,2023-11-22 13:04:11,15.0884391,0.0001392,53.2157,156.8976,87.681,272.4342,0.00010706,1.417e-05,0.0,0 STARLINK-5194,1 54186U 22141AF  23326.54457958  .00001417  00000-0  10706-3 0  9997,2 54186  53.2157 156.8976 0001392  87.6810 272.4342 15.08843910 59463,6917.868,95.437,540.696,538.77,0.0
54186.0,STARLINK-5194,PAYLOAD,2023-11-22 19:25:44,15.08845408,0.0001473,53.2164,155.7084,92.2975,267.8186,0.00010902,1.448e-05,0.0,0 STARLINK-5194,1 54186U 22141AF  23326.80953809  .00001448  00000-0  10902-3 0  9994,2 54186  53.2164 155.7084 0001473  92.2975 267.8186 15.08845408 59506,6917.864,95.437,540.748,538.71,0.0
54186.0,STARLINK-5194,PAYLOAD,2023-11-23 12:54:59,15.08837967,0.0001663,53.2176,152.4387,100.9958,259.1221,1.2402e-05,-9.1e-07,0.0,0 STARLINK-5194,1 54186U 22141AF  23327.53818552 -.00000091  00000-0  12402-4 0  9992,2 54186  53.2176 152.4387 0001663 100.9958 259.1221 15.08837967 59615,6917.887,95.438,540.902,538.601,0.0
54186.0,STARLINK-5194,PAYLOAD,2023-11-23 19:16:32,15.0883365,0.0001573,53.2172,151.2485,104.7926,255.3241,-3.7976e-05,-8.92e-06,0.0,0 STARLINK-5194,1 54186U 22141AF  23327.80314909 -.00000892  00000-0 -37976-4 0  9992,2 54186  53.2172 151.2485 0001573 104.7926 255.3241 15.08833650 59888,6917.9,95.438,540.853,538.677,0.0
54186.0,STARLINK-5194,PAYLOAD,2023-11-24 11:10:23,15.0883703,0.0001514,53.2172,148.2746,105.307,254.8089,-4.0901e-06,-3.53e-06,0.0,0 STARLINK-5194,1 54186U 22141AF  23328.46554780 -.00000353  00000-0 -40901-5 0  9993,2 54186  53.2172 148.2746 0001514 105.3070 254.8089 15.08837030 59752,6917.889,95.438,540.802,538.707,0.0
54186.0,STARLINK-5194,PAYLOAD,2023-11-24 22:18:05,15.08838742,0.0001535,53.217,146.1921,110.0649,250.0509,6.7183e-06,-1.81e-06,0.0,0 STARLINK-5194,1 54186U 22141AF  23328.92922699 -.00000181  00000-0  67183-5 0  9991,2 54186  53.2170 146.1921 0001535 110.0649 250.0509 15.08838742 59824,6917.884,95.438,540.811,538.687,0.0
54186.0,STARLINK-5194,PAYLOAD,2023-11-25 17:22:42,15.08839752,0.0001371,53.2168,142.6233,102.2808,257.8337,0.00013373,1.841e-05,0.0,0 STARLINK-5194,1 54186U 22141AF  23329.72410467  .00001841  00000-0  13373-3 0  9998,2 54186  53.2168 142.6233 0001371 102.2808 257.8337 15.08839752 59945,6917.881,95.438,540.695,538.798,0.0
54186.0,STARLINK-5194,PAYLOAD,2023-11-26 18:48:52,15.08840919,0.0001383,53.2169,137.8667,91.0425,269.0725,7.2645e-05,8.68e-06,0.0,0 STARLINK-5194,1 54186U 22141AF  23330.78394636  .00000868  00000-0  72645-4 0  9991,2 54186  53.2169 137.8667 0001383  91.0425 269.0725 15.08840919 60334,6917.878,95.437,540.699,538.786,0.0
54186.0,STARLINK-5194,PAYLOAD,2023-11-27 10:42:43,15.08827011,0.0001133,53.2175,134.8931,120.5161,239.5943,0.00077845,0.00012118,0.0,0 STARLINK-5194,1 54186U 22141AF  23331.44633184  .00012118  00000-0  77845-3 0  9996,2 54186  53.2175 134.8931 0001133 120.5161 239.5943 15.08827011 60433,6917.92,95.438,540.569,539.001,0.0
54186.0,STARLINK-5194,PAYLOAD,2023-11-27 18:39:40,15.08826882,0.0001373,53.2171,133.4058,98.8608,261.2539,-0.00011788,-2.163e-05,0.0,0 STARLINK-5194,1 54186U 22141AF  23331.77755020 -.00002163  00000-0 -11788-3 0  9991,2 54186  53.2171 133.4058 0001373  98.8608 261.2539 15.08826882 60486,6917.92,95.438,540.735,538.836,0.0
54186.0,STARLINK-5194,PAYLOAD,2023-11-28 10:33:31,15.08864171,0.0002628,53.2171,130.4307,155.1505,204.9614,-0.00056905,-9.34e-05,0.0,0 STARLINK-5194,1 54186U 22141AF  23332.43994821 -.00009340  00000-0 -56905-3 0  9993,2 54186  53.2171 130.4307 0002628 155.1505 204.9614 15.08864171 60589,6917.807,95.436,541.49,537.854,0.0
54186.0,STARLINK-5194,PAYLOAD,2023-11-28 16:55:04,15.08834269,0.0001199,53.2161,129.2427,86.5714,273.5416,-3.8617e-05,-9.02e-06,0.0,0 STARLINK-5194,1 54186U 22141AF  23332.70490792 -.00000902  00000-0 -38617-4 0  9997,2 54186  53.2161 129.2427 0001199  86.5714 273.5416 15.08834269 60394,6917.898,95.438,540.592,538.933,0.0
54186.0,STARLINK-5194,PAYLOAD,2023-11-29 13:35:04,15.0883054,0.0001309,53.2161,125.3768,78.9893,281.1246,0.00022649,3.318e-05,0.0,0 STARLINK-5194,1 54186U 22141AF  23333.56602351  .00003318  00000-0  22649-3 0  9997,2 54186  53.2161 125.3768 0001309  78.9893 281.1246 15.08830540 60524,6917.909,95.438,540.68,538.869,0.0
54186.0,STARLINK-5194,PAYLOAD,2023-11-30 15:01:15,15.08836745,0.0001218,53.2162,120.6187,80.9382,279.1748,0.00011647,1.566e-05,0.0,0 STARLINK-5194,1 54186U 22141AF  23334.62587048  .00001566  00000-0  11647-3 0  9999,2 54186  53.2162 120.6187 0001218  80.9382 279.1748 15.08836745 60913,6917.89,95.438,540.598,538.913,0.0
54186.0,STARLINK-5194,PAYLOAD,2023-12-01 16:27:25,15.08845442,0.0001533,53.2184,115.8636,102.8575,257.2588,9.9481e-05,1.296e-05,0.0,0 STARLINK-5194,1 54186U 22141AF  23335.68570633  .00001296  00000-0  99481-4 0  9991,2 54186  53.2184 115.8636 0001533 102.8575 257.2588 15.08845442 61071,6917.864,95.437,540.789,538.668,0.0
54186.0,STARLINK-5194,PAYLOAD,2023-12-02 14:42:48,15.08847601,0.0001253,53.2169,111.6964,87.9025,272.2111,0.00014076,1.953e-05,0.0,0 STARLINK-5194,1 54186U 22141AF  23336.61306150  .00001953  00000-0  14076-3 0  9992,2 54186  53.2169 111.6964 0001253  87.9025 272.2111 15.08847601 60981,6917.857,95.437,540.589,538.855,0.0
54186.0,STARLINK-5194,PAYLOAD,2023-12-03 09:47:28,15.08823343,0.0001164,53.2171,108.1261,96.0111,264.1014,-0.00013111,-2.373e-05,0.0,0 STARLINK-5194,1 54186U 22141AF  23337.40797075 -.00002373  00000-0 -13111-3 0  9998,2 54186  53.2171 108.1261 0001164  96.0111 264.1014 15.08823343 61332,6917.931,95.439,540.602,538.991,0.0
54186.0,STARLINK-5194,PAYLOAD,2023-12-03 14:33:38,15.08816394,0.0001254,53.2174,107.235,85.9777,274.1358,-0.00018552,-3.237e-05,0.0,0 STARLINK-5194,1 54186U 22141AF  23337.60669943 -.00003237  00000-0 -18552-3 0  9996,2 54186  53.2174 107.2350 0001254  85.9777 274.1358 15.08816394 61137,6917.953,95.439,540.685,538.95,0.0
54186.0,STARLINK-5194,PAYLOAD,2023-12-04 08:02:53,15.08824355,0.0001269,53.2184,103.9598,108.9947,251.1183,-9.7129e-05,-1.833e-05,0.0,0 STARLINK-5194,1 54186U 22141AF  23338.33534222 -.00001833  00000-0 -97129-4 0  9996,2 54186  53.2184 103.9598 0001269 108.9947 251.1183 15.08824355 61470,6917.928,95.439,540.671,538.915,0.0
54186.0,STARLINK-5194,PAYLOAD,2023-12-04 12:49:02,15.08795259,7.74e-05,53.218,103.0803,71.0871,289.0205,0.00042265,6.437e-05,0.0,0 STARLINK-5194,1 54186U 22141AF  23338.53406001  .00006437  00000-0  42265-3 0  9994,2 54186  53.2180 103.0803 0000774  71.0871 289.0205 15.08795259 61275,6918.017,95.44,540.418,539.347,0.0
54186.0,STARLINK-5194,PAYLOAD,2023-12-05 11:04:24,15.08837576,0.0001184,53.2164,98.9113,102.4886,257.6238,0.00038254,5.805e-05,0.0,0 STARLINK-5194,1 54186U 22141AF  23339.46140038  .00005805  00000-0  38254-3 0  9993,2 54186  53.2164  98.9113 0001184 102.4886 257.6238 15.08837576 61641,6917.888,95.438,540.572,538.934,0.0
54186.0,STARLINK-5194,PAYLOAD,2023-12-05 12:39:48,15.0883983,9.97e-05,53.2169,98.6144,100.9819,259.1286,0.00040497,6.163e-05,0.0,0 STARLINK-5194,1 54186U 22141AF  23339.52763908  .00006163  00000-0  40497-3 0  9997,2 54186  53.2169  98.6144 0000997 100.9819 259.1286 15.08839830 61428,6917.881,95.438,540.436,539.056,0.0
54186.0,STARLINK-5194,PAYLOAD,2023-12-06 07:44:26,15.08829551,0.0001369,53.2166,95.05,47.8926,312.2183,0.00039657,6.027e-05,0.0,0 STARLINK-5194,1 54186U 22141AF  23340.32252441  .00006027  00000-0  39657-3 0  9997,2 54186  53.2166  95.0500 0001369  47.8926 312.2183 15.08829551 61778,6917.912,95.438,540.724,538.83,0.0
54186.0,STARLINK-5194,PAYLOAD,2023-12-06 12:30:34,15.08907718,4.28e-05,53.2176,94.1537,63.8406,296.263,-0.00073933,-0.00012056,0.0,0 STARLINK-5194,1 54186U 22141AF  23340.52122741 -.00012056  00000-0 -73933-3 0  9994,2 54186  53.2176  94.1537 0000428  63.8406 296.2630 15.08907718 61573,6917.673,95.433,539.834,539.242,0.0
54186.0,STARLINK-5194,PAYLOAD,2023-12-07 12:21:22,15.08843894,0.0001275,53.2175,89.6956,55.2982,304.813,-6.2038e-05,-1.275e-05,0.0,0 STARLINK-5194,1 54186U 22141AF  23341.51484325 -.00001275  00000-0 -62038-4 0  9999,2 54186  53.2175  89.6956 0001275  55.2982 304.8130 15.08843894 61958,6917.868,95.437,540.616,538.851,0.0
54186.0,STARLINK-5194,PAYLOAD,2023-12-08 12:12:09,15.08838123,0.0001165,53.2171,85.2343,86.6248,273.4877,1.7471e-05,-1e-07,0.0,0 STARLINK-5194,1 54186U 22141AF  23342.50844030 -.00000010  00000-0  17471-4 0  9998,2 54186  53.2171  85.2343 0001165  86.6248 273.4877 15.08838123 61876,6917.886,95.438,540.557,538.945,0.0
54186.0,STARLINK-5194,PAYLOAD,2023-12-09 12:02:56,15.08835075,0.0001176,53.2173,80.7733,88.5439,271.5688,1.4976e-05,-4.9e-07,0.0,0 STARLINK-5194,1 54186U 22141AF  23343.50204395 -.00000049  00000-0  14976-4 0  9992,2 54186  53.2173  80.7733 0001176  88.5439 271.5688 15.08835075 62251,6917.895,95.438,540.574,538.947,0.0
54186.0,STARLINK-5194,PAYLOAD,2023-12-10 11:53:43,15.08836143,0.0001265,53.2181,76.3141,95.0496,265.0641,2.1949e-05,6.1e-07,0.0,0 STARLINK-5194,1 54186U 22141AF  23344.49564554  .00000061  00000-0  21949-4 0  9998,2 54186  53.2181  76.3141 0001265  95.0496 265.0641 15.08836143 62174,6917.892,95.438,540.632,538.882,0.0
54186.0,STARLINK-5194,PAYLOAD,2023-12-11 11:44:30,15.08828402,0.0001243,53.2186,71.8541,86.4236,273.6898,-5.7225e-05,-1.198e-05,0.0,0 STARLINK-5194,1 54186U 22141AF  23345.48924601 -.00001198  00000-0 -57225-4 0  9991,2 54186  53.2186  71.8541 0001243  86.4236 273.6898 15.08828402 62555,6917.916,95.438,540.641,538.921,0.0
54186.0,STARLINK-5194,PAYLOAD,2023-12-11 13:19:53,15.08828897,0.0001276,53.2185,71.5568,96.9676,263.1462,-5.2791e-05,-1.128e-05,0.0,0 STARLINK-5194,1 54186U 22141AF  23345.55548562 -.00001128  00000-0 -52791-4 0  9993,2 54186  53.2185  71.5568 0001276  96.9676 263.1462 15.08828897 62335,6917.914,95.438,540.662,538.897,0.0
54186.0,STARLINK-5194,PAYLOAD,2023-12-12 11:35:17,15.08839886,0.0001068,53.2176,67.3866,109.2014,250.9094,-9.2413e-05,-1.758e-05,0.0,0 STARLINK-5194,1 54186U 22141AF  23346.48284288 -.00001758  00000-0 -92413-4 0  9992,2 54186  53.2176  67.3866 0001068 109.2014 250.9094 15.08839886 62708,6917.881,95.438,540.485,539.007,0.0
54186.0,STARLINK-5194,PAYLOAD,2023-12-12 13:10:40,15.08842451,0.000123,53.2187,67.0883,117.444,242.6677,-8.4289e-05,-1.629e-05,0.0,0 STARLINK-5194,1 54186U 22141AF  23346.54908092 -.00001629  00000-0 -84289-4 0  9994,2 54186  53.2187  67.0883 0001230 117.4440 242.6677 15.08842451 62483,6917.873,95.437,540.589,538.887,0.0
54186.0,STARLINK-5194,PAYLOAD,2023-12-13 13:01:27,15.08832079,0.0001618,53.2186,62.6362,72.5992,287.5177,0.00012367,1.68e-05,0.0,0 STARLINK-5194,1 54186U 22141AF  23347.54268394  .00001680  00000-0  12367-3 0  9991,2 54186  53.2186  62.6362 0001618  72.5992 287.5177 15.08832079 62633,6917.905,95.438,540.889,538.65,0.0
54186.0,STARLINK-5194,PAYLOAD,2023-12-14 11:16:51,15.0884154,0.0001673,53.2183,58.4762,67.5202,292.5967,5.7962e-05,6.35e-06,0.0,0 STARLINK-5194,1 54186U 22141AF  23348.47004436  .00000635  00000-0  57962-4 0  9999,2 54186  53.2183  58.4762 0001673  67.5202 292.5967 15.08841540 62777,6917.876,95.437,540.898,538.583,0.0
54186.0,STARLINK-5194,PAYLOAD,2023-12-15 11:07:39,15.088384,0.0001504,53.2178,54.0127,99.8044,260.3118,-1.0106e-05,-4.49e-06,0.0,0 STARLINK-5194,1 54186U 22141AF  23349.46364759 -.00000449  00000-0 -10106-4 0  9990,2 54186  53.2178  54.0127 0001504  99.8044 260.3118 15.08838400 63158,6917.885,95.438,540.791,538.71,0.0
54186.0,STARLINK-5194,PAYLOAD,2023-12-16 09:23:03,15.08835371,0.000181,53.2188,49.8494,116.8073,243.3104,-2.0384e-05,-6.12e-06,0.0,0 STARLINK-5194,1 54186U 22141AF  23350.39101098 -.00000612  00000-0 -20384-4 0  9990,2 54186  53.2188  49.8494 0001810 116.8073 243.3104 15.08835371 63060,6917.895,95.438,541.012,538.507,0.0
54186.0,STARLINK-5194,PAYLOAD,2023-12-17 10:49:13,15.08840546,0.0001612,53.2191,45.0909,113.2676,246.8486,4.3593e-05,4.06e-06,0.0,0 STARLINK-5194,1 54186U 22141AF  23351.45084807  .00000406  00000-0  43593-4 0  9992,2 54186  53.2191  45.0909 0001612 113.2676 246.8486 15.08840546 63457,6917.879,95.438,540.859,538.629,0.0
54186.0,STARLINK-5194,PAYLOAD,2023-12-18 09:04:37,15.08821019,0.0001605,53.2187,40.9285,108.5691,251.5475,0.00038246,5.801e-05,0.0,0 STARLINK-5194,1 54186U 22141AF  23352.37820873  .00005801  00000-0  38246-3 0  9997,2 54186  53.2187  40.9285 0001605 108.5691 251.5475 15.08821019 63599,6917.938,95.439,540.914,538.693,0.0
54186.0,STARLINK-5194,PAYLOAD,2023-12-19 10:30:47,15.08841987,0.000138,53.2183,36.1718,91.31,268.805,-5.4169e-05,-1.15e-05,0.0,0 STARLINK-5194,1 54186U 22141AF  23353.43805409 -.00001150  00000-0 -54169-4 0  9991,2 54186  53.2183  36.1718 0001380  91.3100 268.8050 15.08841987 63751,6917.874,95.437,540.694,538.785,0.0
54186.0,STARLINK-5194,PAYLOAD,2023-12-20 10:21:35,15.0883295,0.0001602,53.2194,31.7107,78.4615,281.6557,-1.1902e-05,-4.77e-06,0.0,0 STARLINK-5194,1 54186U 22141AF  23354.43166261 -.00000477  00000-0 -11902-4 0  9997,2 54186  53.2194  31.7107 0001602  78.4615 281.6557 15.08832950 63902,6917.902,95.438,540.875,538.659,0.0
54186.0,STARLINK-5194,PAYLOAD,2023-12-20 23:04:40,15.0883714,0.0001413,53.2188,29.3315,86.7146,273.4008,9.3416e-05,1.199e-05,0.0,0 STARLINK-5194,1 54186U 22141AF  23354.96157654  .00001199  00000-0  93416-4 0  9991,2 54186  53.2188  29.3315 0001413  86.7146 273.4008 15.08837140 63984,6917.889,95.438,540.732,538.777,0.0
54186.0,STARLINK-5194,PAYLOAD,2023-12-21 08:36:58,15.08850139,0.0001621,53.2183,27.5485,77.806,282.3114,0.00015894,2.243e-05,0.0,0 STARLINK-5194,1 54186U 22141AF  23355.35900751  .00002243  00000-0  15894-3 0  9993,2 54186  53.2183  27.5485 0001621  77.8060 282.3114 15.08850139 64042,6917.849,95.437,540.836,538.593,0.0
54186.0,STARLINK-5194,PAYLOAD,2023-12-22 08:27:46,15.08838932,0.0001627,53.2188,23.086,71.4388,288.6781,4.291e-05,3.95e-06,0.0,0 STARLINK-5194,1 54186U 22141AF  23356.35261966  .00000395  00000-0  42910-4 0  9998,2 54186  53.2188  23.0860 0001627  71.4388 288.6781 15.08838932 64196,6917.884,95.438,540.874,538.623,0.0
54186.0,STARLINK-5194,PAYLOAD,2023-12-23 11:29:20,15.08810484,0.000182,53.2193,18.0241,100.9451,259.1746,0.0003622,5.476e-05,0.0,0 STARLINK-5194,1 54186U 22141AF  23357.47870544  .00005476  00000-0  36220-3 0  9991,2 54186  53.2193  18.0241 0001820 100.9451 259.1746 15.08810484 64368,6917.971,95.439,541.095,538.577,0.0
54186.0,STARLINK-5194,PAYLOAD,2023-12-24 08:09:20,15.08839386,0.0001559,53.219,14.1589,91.7304,268.3867,0.00010017,1.307e-05,0.0,0 STARLINK-5194,1 54186U 22141AF  23358.33981726  .00001307  00000-0  10017-3 0  9997,2 54186  53.2190  14.1589 0001559  91.7304 268.3867 15.08839386 64492,6917.882,95.438,540.826,538.669,0.0
54186.0,STARLINK-5194,PAYLOAD,2023-12-25 08:00:07,15.08840685,0.0001379,53.2182,9.7008,103.15,256.9646,3.838e-05,3.23e-06,0.0,0 STARLINK-5194,1 54186U 22141AF  23359.33341964  .00000323  00000-0  38380-4 0  9993,2 54186  53.2182   9.7008 0001379 103.1500 256.9646 15.08840685 64419,6917.878,95.438,540.697,538.789,0.0
54186.0,STARLINK-5194,PAYLOAD,2023-12-26 01:29:22,15.08833947,0.0001614,53.2189,6.4361,120.0503,240.065,-2.3814e-05,-6.67e-06,0.0,0 STARLINK-5194,1 54186U 22141AF  23360.06206778 -.00000667  00000-0 -23814-4 0  9997,2 54186  53.2189   6.4361 0001614 120.0503 240.0650 15.08833947 64754,6917.899,95.438,540.88,538.647,0.0
54186.0,STARLINK-5194,PAYLOAD,2023-12-26 06:15:31,15.08839798,0.0001458,53.219,5.5403,111.5733,248.5414,-2.658e-05,-7.11e-06,0.0,0 STARLINK-5194,1 54186U 22141AF  23360.26078496 -.00000711  00000-0 -26580-4 0  9996,2 54186  53.2190   5.5403 0001458 111.5733 248.5414 15.08839798 64558,6917.881,95.438,540.755,538.737,0.0
54186.0,STARLINK-5194,PAYLOAD,2023-12-27 09:17:04,15.0884424,0.0001339,53.2183,0.4828,110.5373,249.5763,0.0001022,1.339e-05,0.0,0 STARLINK-5194,1 54186U 22141AF  23361.38685918  .00001339  00000-0  10220-3 0  9991,2 54186  53.2183   0.4828 0001339 110.5373 249.5763 15.08844240 64952,6917.867,95.437,540.659,538.806,0.0
54186.0,STARLINK-5194,PAYLOAD,2023-12-28 04:21:43,15.08823232,0.00014,53.2201,356.9111,99.9858,260.1293,0.00023336,3.426e-05,0.0,0 STARLINK-5194,1 54186U 22141AF  23362.18174970  .00003426  00000-0  23336-3 0  9992,2 54186  53.2201 356.9111 0001400  99.9858 260.1293 15.08823232 65073,6917.932,95.439,540.765,538.828,0.0
54186.0,STARLINK-5194,PAYLOAD,2023-12-28 09:07:51,15.0884164,0.0001411,53.2195,356.0205,89.4787,270.6367,0.00011932,1.612e-05,0.0,0 STARLINK-5194,1 54186U 22141AF  23362.38046171  .00001612  00000-0  11932-3 0  9999,2 54186  53.2195 356.0205 0001411  89.4787 270.6367 15.08841640 65102,6917.875,95.437,540.716,538.764,0.0
54186.0,STARLINK-5194,PAYLOAD,2023-12-29 04:12:30,15.08839935,0.0001637,53.2207,352.4478,84.225,275.8929,-3.3855e-05,-8.27e-06,0.0,0 STARLINK-5194,1 54186U 22141AF  23363.17534885 -.00000827  00000-0 -33855-4 0  9999,2 54186  53.2207 352.4478 0001637  84.2250 275.8929 15.08839935 65224,6917.881,95.438,540.878,538.613,0.0
54186.0,STARLINK-5194,PAYLOAD,2023-12-29 08:58:39,15.08843215,0.0001598,53.2199,351.5575,90.1872,269.9303,5.1234e-06,-2.06e-06,0.0,0 STARLINK-5194,1 54186U 22141AF  23363.37406463 -.00000206  00000-0  51234-5 0  9993,2 54186  53.2199 351.5575 0001598  90.1872 269.9303 15.08843215 65028,6917.871,95.437,540.841,538.63,0.0
54186.0,STARLINK-5194,PAYLOAD,2023-12-30 05:38:39,15.08845278,0.0001551,53.2188,347.6898,103.0895,257.027,1.7839e-06,-2.6e-06,0.0,0 STARLINK-5194,1 54186U 22141AF  23364.23518341 -.00000260  00000-0  17839-5 0  9991,2 54186  53.2188 347.6898 0001551 103.0895 257.0270 15.08845278 65389,6917.864,95.437,540.802,538.656,0.0
54186.0,STARLINK-5194,PAYLOAD,2023-12-30 23:07:54,15.08814798,0.0001648,53.2189,344.4201,105.1035,255.0139,0.00024796,3.658e-05,0.0,0 STARLINK-5194,1 54186U 22141AF  23364.96383017  .00003658  00000-0  24796-3 0  9992,2 54186  53.2189 344.4201 0001648 105.1035 255.0139 15.08814798 65261,6917.957,95.439,540.963,538.682,0.0
54186.0,STARLINK-5194,PAYLOAD,2023-12-31 08:40:13,15.08838716,0.0001449,53.2182,342.6425,102.3778,257.7376,7.85e-05,9.62e-06,0.0,0 STARLINK-5194,1 54186U 22141AF  23365.36126622  .00000962  00000-0  78500-4 0  9992,2 54186  53.2182 342.6425 0001449 102.3778 257.7376 15.08838716 65554,6917.884,95.438,540.752,538.747,0.0
54186.0,STARLINK-5194,PAYLOAD,2024-01-01 03:44:52,15.08828224,0.0001484,53.2182,339.0731,92.7612,267.355,-6.9095e-05,-1.387e-05,0.0,0 STARLINK-5194,1 54186U 22141AF  24001.15616098 -.00001387  00000-0 -69095-4 0  9991,2 54186  53.2182 339.0731 0001484  92.7612 267.3550 15.08828224 65679,6917.916,95.438,540.808,538.755,0.0
54186.0,STARLINK-5194,PAYLOAD,2024-01-01 05:20:15,15.08824544,0.0001451,53.2182,338.7762,93.7327,266.3831,-8.7294e-05,-1.676e-05,0.0,0 STARLINK-5194,1 54186U 22141AF  24001.22240452 -.00001676  00000-0 -87294-4 0  9998,2 54186  53.2182 338.7762 0001451  93.7327 266.3831 15.08824544 65455,6917.928,95.439,540.796,538.789,0.0
54186.0,STARLINK-5194,PAYLOAD,2024-01-01 22:49:29,15.08834182,0.0001275,53.2181,335.5086,103.0258,257.0876,9.0469e-06,-1.44e-06,0.0,0 STARLINK-5194,1 54186U 22141AF  24001.95103967 -.00000144  00000-0  90469-5 0  9994,2 54186  53.2181 335.5086 0001275 103.0258 257.0876 15.08834182 65567,6917.898,95.438,540.645,538.881,0.0
54186.0,STARLINK-5194,PAYLOAD,2024-01-02 03:35:38,15.08843905,0.000138,53.2179,334.6134,77.6389,282.4758,7.7542e-05,9.46e-06,0.0,0 STARLINK-5194,1 54186U 22141AF  24002.14975283  .00000946  00000-0  77542-4 0  9999,2 54186  53.2179 334.6134 0001380  77.6389 282.4758 15.08843905 65829,6917.868,95.437,540.688,538.779,0.0
54186.0,STARLINK-5194,PAYLOAD,2024-01-02 06:46:24,15.08842447,0.0001421,53.2179,334.018,82.0037,278.1116,0.00020763,3.018e-05,0.0,0 STARLINK-5194,1 54186U 22141AF  24002.28222976  .00003018  00000-0  20763-3 0  9993,2 54186  53.2179 334.0180 0001421  82.0037 278.1116 15.08842447 65617,6917.873,95.437,540.721,538.755,0.0
54186.0,STARLINK-5194,PAYLOAD,2024-01-03 06:37:11,15.08841198,0.0001598,53.2191,329.5618,76.1597,283.9573,0.00017046,2.426e-05,0.0,0 STARLINK-5194,1 54186U 22141AF  24003.27583240  .00002426  00000-0  17046-3 0  9999,2 54186  53.2191 329.5618 0001598  76.1597 283.9573 15.08841198 65990,6917.877,95.437,540.847,538.636,0.0
54186.0,STARLINK-5194,PAYLOAD,2024-01-04 03:17:13,15.08840764,0.0002004,53.2191,325.698,51.8309,308.2863,-2.5397e-06,-3.29e-06,0.0,0 STARLINK-5194,1 54186U 22141AF  24004.13696082 -.00000329  00000-0 -25397-5 0  9996,2 54186  53.2191 325.6980 0002004  51.8309 308.2863 15.08840764 66120,6917.878,95.438,541.129,538.357,0.0
54186.0,STARLINK-5194,PAYLOAD,2024-01-04 06:27:59,15.08845842,0.0001454,53.2185,325.0996,76.5101,283.6053,1.9186e-05,1.7e-07,0.0,0 STARLINK-5194,1 54186U 22141AF  24004.26943317  .00000017  00000-0  19186-4 0  9996,2 54186  53.2185 325.0996 0001454  76.5101 283.6053 15.08845842 66147,6917.863,95.437,540.733,538.722,0.0
54186.0,STARLINK-5194,PAYLOAD,2024-01-05 06:18:45,15.08847448,0.0001534,53.219,320.6378,88.4027,271.714,-1.8372e-05,-5.8e-06,0.0,0 STARLINK-5194,1 54186U 22141AF  24005.26303075 -.00000580  00000-0 -18372-4 0  9991,2 54186  53.2190 320.6378 0001534  88.4027 271.7140 15.08847448 66066,6917.858,95.437,540.784,538.661,0.0
54186.0,STARLINK-5194,PAYLOAD,2024-01-05 20:37:15,15.08832718,0.0001433,53.2185,317.9608,96.1676,263.9479,-5.5176e-05,-1.166e-05,0.0,0 STARLINK-5194,1 54186U 22141AF  24005.85920195 -.00001166  00000-0 -55176-4 0  9998,2 54186  53.2185 317.9608 0001433  96.1676 263.9479 15.08832718 66386,6917.903,95.438,540.759,538.776,0.0
54186.0,STARLINK-5194,PAYLOAD,2024-01-06 06:09:33,15.0884078,0.0001432,53.218,316.1781,98.4351,261.6803,1.098e-05,-1.13e-06,0.0,0 STARLINK-5194,1 54186U 22141AF  24006.25663486 -.00000113  00000-0  10980-4 0  9994,2 54186  53.2180 316.1781 0001432  98.4351 261.6803 15.08840780 66449,6917.878,95.438,540.734,538.752,0.0
54186.0,STARLINK-5194,PAYLOAD,2024-01-07 06:00:19,15.08849583,0.0001597,53.2174,311.7168,120.3687,239.7464,6.4384e-05,7.37e-06,0.0,0 STARLINK-5194,1 54186U 22141AF  24007.25022515  .00000737  00000-0  64384-4 0  9995,2 54186  53.2174 311.7168 0001597 120.3687 239.7464 15.08849583 66596,6917.851,95.437,540.821,538.611,0.0
54186.0,STARLINK-5194,PAYLOAD,2024-01-07 20:18:48,15.0884142,0.000169,53.2186,309.0364,115.1501,244.9666,-3.5147e-05,-8.47e-06,0.0,0 STARLINK-5194,1 54186U 22141AF  24007.84639599 -.00000847  00000-0 -35147-4 0  9995,2 54186  53.2186 309.0364 0001690 115.1501 244.9666 15.08841420 66682,6917.876,95.437,540.91,538.572,0.0
54186.0,STARLINK-5194,PAYLOAD,2024-01-08 05:51:07,15.08841672,0.0001433,53.2182,307.2572,91.2818,268.8339,2.9636e-05,1.84e-06,0.0,0 STARLINK-5194,1 54186U 22141AF  24008.24383393  .00000184  00000-0  29636-4 0  9996,2 54186  53.2182 307.2572 0001433  91.2818 268.8339 15.08841672 66512,6917.875,95.437,540.732,538.749,0.0
54186.0,STARLINK-5194,PAYLOAD,2024-01-08 16:58:49,15.0883685,0.0001486,53.2176,305.1741,106.6306,253.4849,-2.821e-05,-7.37e-06,0.0,0 STARLINK-5194,1 54186U 22141AF  24008.70751851 -.00000737  00000-0 -28210-4 0  9998,2 54186  53.2176 305.1741 0001486 106.6306 253.4849 15.08836850 66586,6917.89,95.438,540.783,538.727,0.0
54186.0,STARLINK-5194,PAYLOAD,2024-01-09 02:31:07,15.08845972,0.0001496,53.2176,303.3895,108.6001,251.5154,-9.2912e-06,-4.36e-06,0.0,0 STARLINK-5194,1 54186U 22141AF  24009.10495232 -.00000436  00000-0 -92912-5 0  9998,2 54186  53.2176 303.3895 0001496 108.6001 251.5154 15.08845972 66876,6917.862,95.437,540.762,538.692,0.0
54186.0,STARLINK-5194,PAYLOAD,2024-01-09 05:41:54,15.08846663,0.0001565,53.2175,302.7947,115.0995,245.016,-5.8404e-06,-3.81e-06,0.0,0 STARLINK-5194,1 54186U 22141AF  24009.23743116 -.00000381  00000-0 -58404-5 0  9996,2 54186  53.2175 302.7947 0001565 115.0995 245.0160 15.08846663 66667,6917.86,95.437,540.808,538.642,0.0
54186.0,STARLINK-5194,PAYLOAD,2024-01-10 00:46:32,15.08837465,0.0001349,53.2167,299.2254,95.2856,264.8291,7.6384e-06,-1.66e-06,0.0,0 STARLINK-5194,1 54186U 22141AF  24010.03231833 -.00000166  00000-0  76384-5 0  9991,2 54186  53.2167 299.2254 0001349  95.2856 264.8291 15.08837465 67018,6917.888,95.438,540.686,538.82,0.0
54186.0,STARLINK-5194,PAYLOAD,2024-01-11 03:48:05,15.08845612,0.0001397,53.2188,294.1702,98.8329,261.2821,0.0001351,1.863e-05,0.0,0 STARLINK-5194,1 54186U 22141AF  24011.15839178  .00001863  00000-0  13510-3 0  9995,2 54186  53.2188 294.1702 0001397  98.8329 261.2821 15.08845612 67181,6917.863,95.437,540.695,538.762,0.0
54186.0,STARLINK-5194,PAYLOAD,2024-01-12 02:03:29,15.0883617,0.0001522,53.2178,290.0156,84.8297,275.2869,5.2753e-05,5.52e-06,0.0,0 STARLINK-5194,1 54186U 22141AF  24012.08576385  .00000552  00000-0  52753-4 0  9993,2 54186  53.2178 290.0156 0001522  84.8297 275.2869 15.08836170 67329,6917.892,95.438,540.81,538.704,0.0
54186.0,STARLINK-5194,PAYLOAD,2024-01-12 22:43:31,15.0883799,0.0001639,53.2181,286.1489,77.7996,282.318,-4.0484e-05,-9.32e-06,0.0,0 STARLINK-5194,1 54186U 22141AF  24012.94688983 -.00000932  00000-0 -40484-4 0  9998,2 54186  53.2181 286.1489 0001639  77.7996 282.3180 15.08837990 67229,6917.887,95.438,540.885,538.618,0.0
54186.0,STARLINK-5194,PAYLOAD,2024-01-13 03:29:40,15.08842467,0.0002037,53.2194,285.2456,66.8552,293.2654,-6.4531e-06,-3.91e-06,0.0,0 STARLINK-5194,1 54186U 22141AF  24013.14560666 -.00000391  00000-0 -64531-5 0  9997,2 54186  53.2194 285.2456 0002037  66.8552 293.2654 15.08842467 67487,6917.873,95.437,541.147,538.329,0.0
54186.0,STARLINK-5194,PAYLOAD,2024-01-14 03:20:26,15.08851511,0.0001792,53.218,280.7917,107.708,252.4108,0.00013386,1.844e-05,0.0,0 STARLINK-5194,1 54186U 22141AF  24014.13919439  .00001844  00000-0  13386-3 0  9995,2 54186  53.2180 280.7917 0001792 107.7080 252.4108 15.08851511 67630,6917.845,95.437,540.95,538.471,0.0
54186.0,STARLINK-5194,PAYLOAD,2024-01-14 17:38:55,15.08841872,0.0001809,53.2165,278.1185,93.2527,266.8673,3.4314e-05,2.58e-06,0.0,0 STARLINK-5194,1 54186U 22141AF  24014.73536502  .00000258  00000-0  34314-4 0  9990,2 54186  53.2165 278.1185 0001809  93.2527 266.8673 15.08841872 67720,6917.875,95.437,540.991,538.488,0.0
54186.0,STARLINK-5194,PAYLOAD,2024-01-14 22:25:04,15.08844923,0.0001672,53.2167,277.2274,106.4593,253.6583,5.3965e-05,5.71e-06,0.0,0 STARLINK-5194,1 54186U 22141AF  24014.93408138  .00000571  00000-0  53965-4 0  9996,2 54186  53.2167 277.2274 0001672 106.4593 253.6583 15.08844923 67521,6917.865,95.437,540.887,538.574,0.0
54186.0,STARLINK-5194,PAYLOAD,2024-01-15 03:11:13,15.08852785,0.0001722,53.2162,276.329,115.0589,245.0582,9.6787e-05,1.253e-05,0.0,0 STARLINK-5194,1 54186U 22141AF  24015.13279311  .00001253  00000-0  96787-4 0  9995,2 54186  53.2162 276.3290 0001722 115.0589 245.0582 15.08852785 67788,6917.841,95.437,540.898,538.515,0.0
54186.0,STARLINK-5194,PAYLOAD,2024-01-15 20:40:28,15.08848996,0.0002095,53.2173,273.0522,138.4046,221.7106,-9.792e-05,-1.847e-05,0.0,0 STARLINK-5194,1 54186U 22141AF  24015.86143851 -.00001847  00000-0 -97920-4 0  9995,2 54186  53.2173 273.0522 0002095 138.4046 221.7106 15.08848996 67662,6917.853,95.437,541.167,538.269,0.0
54186.0,STARLINK-5194,PAYLOAD,2024-01-16 03:02:00,15.08846381,0.0001449,53.2182,271.8702,96.8437,263.272,-2.5298e-05,-6.91e-06,0.0,0 STARLINK-5194,1 54186U 22141AF  24016.12639990 -.00000691  00000-0 -25298-4 0  9994,2 54186  53.2182 271.8702 0001449  96.8437 263.2720 15.08846381 67930,6917.861,95.437,540.728,538.723,0.0
54186.0,STARLINK-5194,PAYLOAD,2024-01-16 15:45:06,15.08835435,0.0001859,53.2151,269.4943,96.3754,263.745,4.5478e-05,4.36e-06,0.0,0 STARLINK-5194,1 54186U 22141AF  24016.65632681  .00000436  00000-0  45478-4 0  9999,2 54186  53.2151 269.4943 0001859  96.3754 263.7450 15.08835435 68011,6917.894,95.438,541.045,538.473,0.0
54186.0,STARLINK-5194,PAYLOAD,2024-01-16 22:06:39,15.08838379,0.0001206,53.2165,268.3042,90.7276,269.3854,-2.5209e-05,-6.89e-06,0.0,0 STARLINK-5194,1 54186U 22141AF  24016.92128695 -.00000689  00000-0 -25209-4 0  9996,2 54186  53.2165 268.3042 0001206  90.7276 269.3854 15.08838379 67825,6917.885,95.438,540.585,538.916,0.0
54186.0,STARLINK-5194,PAYLOAD,2024-01-17 20:22:03,15.0883494,0.0001193,53.2164,264.1419,89.2143,270.8986,1.7657e-05,-7e-08,0.0,0 STARLINK-5194,1 54186U 22141AF  24017.84865261 -.00000007  00000-0  17657-4 0  9996,2 54186  53.2164 264.1419 0001193  89.2143 270.8986 15.08834940 68191,6917.896,95.438,540.586,538.936,0.0
54186.0,STARLINK-5194,PAYLOAD,2024-01-17 21:57:26,15.08835122,0.0001185,53.2164,263.8444,92.1839,267.9289,1.0498e-05,-1.21e-06,0.0,0 STARLINK-5194,1 54186U 22141AF  24017.91489271 -.00000121  00000-0  10498-4 0  9990,2 54186  53.2164 263.8444 0001185  92.1839 267.9289 15.08835122 67972,6917.895,95.438,540.58,538.941,0.0
54186.0,STARLINK-5194,PAYLOAD,2024-01-18 01:08:12,15.08837237,0.000126,53.2168,263.247,94.6434,265.4702,3.7842e-05,3.14e-06,0.0,0 STARLINK-5194,1 54186U 22141AF  24018.04737070  .00000314  00000-0  37842-4 0  9993,2 54186  53.2168 263.2470 0001260  94.6434 265.4702 15.08837237 67995,6917.889,95.438,540.625,538.882,0.0
54186.0,STARLINK-5194,PAYLOAD,2024-01-18 21:48:13,15.08841391,0.0001297,53.216,259.3823,99.2085,260.9054,9.63e-05,1.245e-05,0.0,0 STARLINK-5194,1 54186U 22141AF  24018.90848952  .00001245  00000-0  96300-4 0  9998,2 54186  53.2160 259.3823 0001297  99.2085 260.9054 15.08841391 68120,6917.876,95.437,540.638,538.844,0.0
54186.0,STARLINK-5194,PAYLOAD,2024-01-19 00:58:59,15.0884769,0.0001381,53.2165,258.7872,92.0141,268.1009,0.0001155,1.551e-05,0.0,0 STARLINK-5194,1 54186U 22141AF  24019.04096577  .00001551  00000-0  11550-3 0  9995,2 54186  53.2165 258.7872 0001381  92.0141 268.1009 15.08847690 68375,6917.857,95.437,540.677,538.767,0.0
54186.0,STARLINK-5194,PAYLOAD,2024-01-19 20:03:37,15.08839761,0.0001385,53.2161,255.2193,82.1444,277.9706,0.00014034,1.946e-05,0.0,0 STARLINK-5194,1 54186U 22141AF  24019.83585073  .00001946  00000-0  14034-3 0  9994,2 54186  53.2161 255.2193 0001385  82.1444 277.9706 15.08839761 68494,6917.881,95.438,540.704,538.788,0.0
54186.0,STARLINK-5194,PAYLOAD,2024-01-19 21:39:00,15.08841714,0.0001426,53.216,254.9222,79.7818,280.3334,0.00013327,1.834e-05,0.0,0 STARLINK-5194,1 54186U 22141AF  24019.90208993  .00001834  00000-0  13327-3 0  9995,2 54186  53.2160 254.9222 0001426  79.7818 280.3334 15.08841714 68277,6917.875,95.437,540.727,538.754,0.0
54186.0,STARLINK-5194,PAYLOAD,2024-01-20 15:08:15,15.08839614,0.0001422,53.2168,251.6516,79.6904,280.4248,2.7653e-05,1.52e-06,0.0,0 STARLINK-5194,1 54186U 22141AF  24020.63073402  .00000152  00000-0  27653-4 0  9992,2 54186  53.2168 251.6516 0001422  79.6904 280.4248 15.08839614 68389,6917.882,95.438,540.73,538.763,0.0
54186.0,STARLINK-5194,PAYLOAD,2024-01-20 21:29:47,15.08841523,0.0001424,53.2163,250.461,85.4884,274.6271,-5.1494e-06,-3.7e-06,0.0,0 STARLINK-5194,1 54186U 22141AF  24020.89569367 -.00000370  00000-0 -51494-5 0  9995,2 54186  53.2163 250.4610 0001424  85.4884 274.6271 15.08841523 68428,6917.876,95.437,540.726,538.756,0.0
54186.0,STARLINK-5194,PAYLOAD,2024-01-21 00:40:34,15.08843202,0.0001404,53.2163,249.8656,90.8048,269.3105,3.1363e-06,-2.38e-06,0.0,0 STARLINK-5194,1 54186U 22141AF  24021.02817186 -.00000238  00000-0  31363-5 0  9991,2 54186  53.2163 249.8656 0001404  90.8048 269.3105 15.08843202 68670,6917.871,95.437,540.707,538.764,0.0
54186.0,STARLINK-5194,PAYLOAD,2024-01-21 21:20:34,15.08851711,0.0001465,53.2168,246.0006,88.1929,271.9231,2.2068e-06,-2.53e-06,0.0,0 STARLINK-5194,1 54186U 22141AF  24021.88928637 -.00000253  00000-0  22068-5 0  9998,2 54186  53.2168 246.0006 0001465  88.1929 271.9231 15.08851711 68570,6917.845,95.437,540.723,538.696,0.0
54186.0,STARLINK-5194,PAYLOAD,2024-01-22 00:31:20,15.08862921,0.0001514,53.2162,245.4046,94.7765,265.34,-9.9426e-05,-1.871e-05,0.0,0 STARLINK-5194,1 54186U 22141AF  24022.02176034 -.00001871  00000-0 -99426-4 0  9990,2 54186  53.2162 245.4046 0001514  94.7765 265.3400 15.08862921 68825,6917.81,95.436,540.723,538.628,0.0
54186.0,STARLINK-5194,PAYLOAD,2024-01-22 19:35:58,15.08838311,0.0001415,53.2158,241.8365,86.668,273.4474,7.1223e-05,8.46e-06,0.0,0 STARLINK-5194,1 54186U 22141AF  24022.81665383  .00000846  00000-0  71223-4 0  9991,2 54186  53.2158 241.8365 0001415  86.6680 273.4474 15.08838311 68940,6917.886,95.438,540.729,538.772,0.0
54186.0,STARLINK-5194,PAYLOAD,2024-01-22 21:11:22,15.0883773,0.0001409,53.2159,241.5392,86.2171,273.8982,6.0124e-05,6.69e-06,0.0,0 STARLINK-5194,1 54186U 22141AF  24022.88289383  .00000669  00000-0  60124-4 0  9991,2 54186  53.2159 241.5392 0001409  86.2171 273.8982 15.08837730 68720,6917.887,95.438,540.727,538.778,0.0
54186.0,STARLINK-5194,PAYLOAD,2024-01-23 21:02:08,15.08844921,0.0001428,53.2161,237.0722,90.6526,269.4629,9.2779e-05,1.189e-05,0.0,0 STARLINK-5194,1 54186U 22141AF  24023.87648697  .00001189  00000-0  92779-4 0  9997,2 54186  53.2161 237.0722 0001428  90.6526 269.4629 15.08844921 68879,6917.865,95.437,540.718,538.742,0.0
54186.0,STARLINK-5194,PAYLOAD,2024-01-24 19:17:33,15.08835547,0.0001489,53.2166,232.9169,99.7424,260.3736,4.4995e-05,4.28e-06,0.0,0 STARLINK-5194,1 54186U 22141AF  24024.80385688  .00000428  00000-0  44995-4 0  9991,2 54186  53.2166 232.9169 0001489  99.7424 260.3736 15.08835547 69242,6917.894,95.438,540.789,538.729,0.0
54186.0,STARLINK-5194,PAYLOAD,2024-01-24 20:52:56,15.08835681,0.0001449,53.2168,232.6191,97.3584,262.7572,2.673e-05,1.37e-06,0.0,0 STARLINK-5194,1 54186U 22141AF  24024.87009689  .00000137  00000-0  26730-4 0  9996,2 54186  53.2168 232.6191 0001449  97.3584 262.7572 15.08835681 69022,6917.894,95.438,540.761,538.756,0.0
54186.0,STARLINK-5194,PAYLOAD,2024-01-25 19:08:17,15.0887634,0.0001293,53.2163,228.4568,103.6045,256.5091,0.00028439,4.245e-05,0.0,0 STARLINK-5194,1 54186U 22141AF  24025.79742666  .00004245  00000-0  28439-3 0  9998,2 54186  53.2163 228.4568 0001293 103.6045 256.5091 15.08876340 69392,6917.769,95.435,540.529,538.74,0.0
54186.0,STARLINK-5194,PAYLOAD,2024-01-25 20:43:40,15.08875218,0.0001314,53.2165,228.1574,92.118,267.9963,0.0003272,4.928e-05,0.0,0 STARLINK-5194,1 54186U 22141AF  24025.86366547  .00004928  00000-0  32720-3 0  9992,2 54186  53.2165 228.1574 0001314  92.1180 267.9963 15.08875218 69177,6917.773,95.435,540.547,538.729,0.0
54186.0,STARLINK-5194,PAYLOAD,2024-01-26 18:59:06,15.08841178,0.0001271,53.2159,223.9926,105.847,254.2663,7.6875e-05,9.36e-06,0.0,0 STARLINK-5194,1 54186U 22141AF  24026.79104981  .00000936  00000-0  76875-4 0  9992,2 54186  53.2159 223.9926 0001271 105.8470 254.2663 15.08841178 69545,6917.877,95.437,540.621,538.863,0.0
54186.0,STARLINK-5194,PAYLOAD,2024-01-27 12:28:21,15.08857485,0.0001382,53.2159,220.7228,128.5003,231.6113,-0.00025954,-4.418e-05,0.0,0 STARLINK-5194,1 54186U 22141AF  24027.51969375 -.00004418  00000-0 -25954-3 0  9991,2 54186  53.2159 220.7228 0001382 128.5003 231.6113 15.08857485 69426,6917.827,95.436,540.648,538.736,0.0
54186.0,STARLINK-5194,PAYLOAD,2024-01-27 20:25:16,15.08858445,0.0001283,53.2161,219.2382,93.3264,266.7874,-0.00019634,-3.413e-05,0.0,0 STARLINK-5194,1 54186U 22141AF  24027.85088920 -.00003413  00000-0 -19634-3 0  9998,2 54186  53.2161 219.2382 0001283  93.3264 266.7874 15.08858445 69476,6917.824,95.436,540.577,538.801,0.0
54186.0,STARLINK-5194,PAYLOAD,2024-01-28 18:40:41,15.08835175,0.0001508,53.2162,215.0756,79.0594,281.0568,8.843e-05,1.119e-05,0.0,0 STARLINK-5194,1 54186U 22141AF  24028.77825584  .00001119  00000-0  88430-4 0  9995,2 54186  53.2162 215.0756 0001508  79.0594 281.0568 15.08835175 69849,6917.895,95.438,540.803,538.717,0.0
54186.0,STARLINK-5194,PAYLOAD,2024-01-29 21:42:14,15.08843405,0.0001555,53.2163,210.0202,79.4138,280.7029,8.2693e-05,1.028e-05,0.0,0 STARLINK-5194,1 54186U 22141AF  24029.90433175  .00001028  00000-0  82693-4 0  9996,2 54186  53.2163 210.0202 0001555  79.4138 280.7029 15.08843405 69787,6917.87,95.437,540.811,538.659,0.0
54186.0,STARLINK-5194,PAYLOAD,2024-01-30 12:00:42,15.08837285,0.0001409,53.2161,207.3433,86.8562,273.2591,6.4458e-06,-1.85e-06,0.0,0 STARLINK-5194,1 54186U 22141AF  24030.50049646 -.00000185  00000-0  64458-5 0  9994,2 54186  53.2161 207.3433 0001409  86.8562 273.2591 15.08837285 70109,6917.889,95.438,540.728,538.779,0.0
54186.0,STARLINK-5194,PAYLOAD,2024-01-30 18:22:15,15.08839497,0.0001394,53.2162,206.1507,97.6684,262.4466,1.978e-05,2.7e-07,0.0,0 STARLINK-5194,1 54186U 22141AF  24030.76545538  .00000027  00000-0  19780-4 0  9994,2 54186  53.2162 206.1507 0001394  97.6684 262.4466 15.08839497 69912,6917.882,95.438,540.711,538.783,0.0
54186.0,STARLINK-5194,PAYLOAD,2024-02-01 11:42:17,15.0883451,0.0001404,53.2165,198.4219,94.8593,265.2559,3.667e-05,2.96e-06,0.0,0 STARLINK-5194,1 54186U 22141AF  24032.48770150  .00000296  00000-0  36670-4 0  9990,2 54186  53.2165 198.4219 0001404  94.8593 265.2559 15.08834510 70409,6917.897,95.438,540.733,538.791,0.0
54186.0,STARLINK-5194,PAYLOAD,2024-02-02 14:43:50,15.08839741,0.0001445,53.2164,193.3652,89.422,270.6938,3.9348e-05,3.38e-06,0.0,0 STARLINK-5194,1 54186U 22141AF  24033.61378003  .00000338  00000-0  39348-4 0  9999,2 54186  53.2164 193.3652 0001445  89.4220 270.6938 15.08839741 70340,6917.881,95.438,540.746,538.747,0.0
54186.0,STARLINK-5194,PAYLOAD,2024-02-02 19:29:59,15.0884252,0.0001327,53.2172,192.4729,89.7788,270.3356,0.00010326,1.356e-05,0.0,0 STARLINK-5194,1 54186U 22141AF  24033.81249713  .00001356  00000-0  10326-3 0  9991,2 54186  53.2172 192.4729 0001327  89.7788 270.3356 15.08842520 70604,6917.873,95.437,540.656,538.82,0.0
54186.0,STARLINK-5194,PAYLOAD,2024-02-03 19:20:47,15.0883718,0.0001242,53.2168,188.0134,85.1238,274.9895,3.8403e-05,3.23e-06,0.0,0 STARLINK-5194,1 54186U 22141AF  24034.80610526  .00000323  00000-0  38403-4 0  9995,2 54186  53.2168 188.0134 0001242  85.1238 274.9895 15.08837180 70756,6917.889,95.438,540.613,538.895,0.0
54186.0,STARLINK-5194,PAYLOAD,2024-02-04 14:25:24,15.0884626,0.0001165,53.2167,184.4448,83.7846,276.3279,3.1636e-05,2.16e-06,0.0,0 STARLINK-5194,1 54186U 22141AF  24035.60098032  .00000216  00000-0  31636-4 0  9998,2 54186  53.2167 184.4448 0001165  83.7846 276.3279 15.08846260 70645,6917.861,95.437,540.532,538.92,0.0
54186.0,STARLINK-5194,PAYLOAD,2024-02-04 19:11:33,15.08852691,0.0001194,53.2167,183.5508,87.2746,272.8383,8.6441e-05,1.089e-05,0.0,0 STARLINK-5194,1 54186U 22141AF  24035.79969392  .00001089  00000-0  86441-4 0  9997,2 54186  53.2167 183.5508 0001194  87.2746 272.8383 15.08852691 70903,6917.842,95.437,540.533,538.881,0.0
54186.0,STARLINK-5194,PAYLOAD,2024-02-05 14:16:12,15.08838151,0.0001372,53.217,179.9819,72.3644,287.7498,4.2793e-05,3.93e-06,0.0,0 STARLINK-5194,1 54186U 22141AF  24036.59458555  .00000393  00000-0  42793-4 0  9999,2 54186  53.2170 179.9819 0001372  72.3644 287.7498 15.08838151 70795,6917.886,95.438,540.7,538.802,0.0
54186.0,STARLINK-5194,PAYLOAD,2024-02-05 15:51:35,15.08839043,0.0001315,53.2164,179.6863,84.6112,275.503,5.4524e-05,5.8e-06,0.0,0 STARLINK-5194,1 54186U 22141AF  24036.66082437  .00000580  00000-0  54524-4 0  9992,2 54186  53.2164 179.6863 0001315  84.6112 275.5030 15.08839043 71033,6917.883,95.438,540.658,538.839,0.0
54186.0,STARLINK-5194,PAYLOAD,2024-02-06 14:06:58,15.08844904,0.0001099,53.2155,175.5235,85.5448,274.5669,6.8486e-05,8.02e-06,0.0,0 STARLINK-5194,1 54186U 22141AF  24037.58817910  .00000802  00000-0  68486-4 0  9995,2 54186  53.2155 175.5235 0001099  85.5448 274.5669 15.08844904 70940,6917.865,95.437,540.491,538.97,0.0
54186.0,STARLINK-5194,PAYLOAD,2024-02-06 15:42:21,15.08851736,0.0001179,53.2159,175.2257,107.0855,253.0266,2.353e-05,8.7e-07,0.0,0 STARLINK-5194,1 54186U 22141AF  24037.65441571  .00000087  00000-0  23530-4 0  9995,2 54186  53.2159 175.2257 0001179 107.0855 253.0266 15.08851736 71189,6917.845,95.437,540.525,538.894,0.0
54186.0,STARLINK-5194,PAYLOAD,2024-02-07 12:22:23,15.08834997,0.0001499,53.2172,171.3624,110.2529,249.8625,2.2336e-05,6.7e-07,0.0,0 STARLINK-5194,1 54186U 22141AF  24038.51554760  .00000067  00000-0  22336-4 0  9997,2 54186  53.2172 171.3624 0001499 110.2529 249.8625 15.08834997 71315,6917.896,95.438,540.798,538.724,0.0
54186.0,STARLINK-5194,PAYLOAD,2024-02-07 13:57:46,15.08835527,0.0001562,53.2177,171.0648,113.2226,246.8931,2.537e-05,1.16e-06,0.0,0 STARLINK-5194,1 54186U 22141AF  24038.58178739  .00000116  00000-0  25370-4 0  9998,2 54186  53.2177 171.0648 0001562 113.2226 246.8931 15.08835527 71093,6917.894,95.438,540.84,538.678,0.0
54186.0,STARLINK-5194,PAYLOAD,2024-02-07 15:33:09,15.08836959,0.0001376,53.2167,170.7671,96.158,263.9569,3.4449e-05,2.6e-06,0.0,0 STARLINK-5194,1 54186U 22141AF  24038.64802699  .00000260  00000-0  34449-4 0  9991,2 54186  53.2167 170.7671 0001376  96.1580 263.9569 15.08836959 71108,6917.89,95.438,540.707,538.803,0.0
54186.0,STARLINK-5194,PAYLOAD,2024-02-08 13:48:34,15.08835237,0.0001421,53.217,166.6052,95.9067,264.2087,-1.8974e-05,-5.9e-06,0.0,0 STARLINK-5194,1 54186U 22141AF  24039.57539452 -.00000590  00000-0 -18974-4 0  9991,2 54186  53.2170 166.6052 0001421  95.9067 264.2087 15.08835237 71249,6917.895,95.438,540.743,538.777,0.0
54186.0,STARLINK-5194,PAYLOAD,2024-02-08 15:23:57,15.08836874,0.0001468,53.2173,166.3082,97.4212,262.6947,-9.8391e-07,-3.04e-06,0.0,0 STARLINK-5194,1 54186U 22141AF  24039.64163315 -.00000304  00000-0 -98391-6 0  9996,2 54186  53.2173 166.3082 0001468  97.4212 262.6947 15.08836874 71483,6917.89,95.438,540.77,538.739,0.0
54186.0,STARLINK-5194,PAYLOAD,2024-02-09 12:03:57,15.08842025,0.0001482,53.2169,162.4437,98.1221,261.9939,0.0001584,2.234e-05,0.0,0 STARLINK-5194,1 54186U 22141AF  24040.50274722  .00002234  00000-0  15840-3 0  9995,2 54186  53.2169 162.4437 0001482  98.1221 261.9939 15.08842025 71616,6917.874,95.437,540.764,538.714,0.0
54186.0,STARLINK-5194,PAYLOAD,2024-02-09 13:39:20,15.08846063,0.0001506,53.2167,162.1454,98.2976,261.8187,0.00018727,2.694e-05,0.0,0 STARLINK-5194,1 54186U 22141AF  24040.56898452  .00002694  00000-0  18727-3 0  9990,2 54186  53.2167 162.1454 0001506  98.2976 261.8187 15.08846063 71390,6917.862,95.437,540.769,538.685,0.0
54186.0,STARLINK-5194,PAYLOAD,2024-02-10 11:54:45,15.08837466,0.0001519,53.2171,157.983,90.3204,269.7962,0.00010698,1.415e-05,0.0,0 STARLINK-5194,1 54186U 22141AF  24041.49635690  .00001415  00000-0  10698-3 0  9995,2 54186  53.2171 157.9830 0001519  90.3204 269.7962 15.08837466 71762,6917.888,95.438,540.804,538.702,0.0
54186.0,STARLINK-5194,PAYLOAD,2024-02-10 13:30:08,15.08837452,0.0001547,53.2175,157.6861,86.9742,273.1427,0.00011058,1.472e-05,0.0,0 STARLINK-5194,1 54186U 22141AF  24041.56259819  .00001472  00000-0  11058-3 0  9992,2 54186  53.2175 157.6861 0001547  86.9742 273.1427 15.08837452 71542,6917.888,95.438,540.823,538.683,0.0
54186.0,STARLINK-5194,PAYLOAD,2024-02-10 16:40:54,15.08842935,0.0001479,53.2168,157.0866,88.2632,271.853,0.0001325,1.822e-05,0.0,0 STARLINK-5194,1 54186U 22141AF  24041.69507275  .00001822  00000-0  13250-3 0  9993,2 54186  53.2168 157.0866 0001479  88.2632 271.8530 15.08842935 71564,6917.871,95.437,540.76,538.713,0.0
54186.0,STARLINK-5194,PAYLOAD,2024-02-11 11:45:31,15.08849062,0.0001591,53.2173,153.5181,77.6002,282.5168,-9.7682e-06,-4.44e-06,0.0,0 STARLINK-5194,1 54186U 22141AF  24042.48994865 -.00000444  00000-0 -97682-5 0  9990,2 54186  53.2173 153.5181 0001591  77.6002 282.5168 15.08849062 71912,6917.853,95.437,540.818,538.617,0.0
54186.0,STARLINK-5194,PAYLOAD,2024-02-11 13:20:54,15.08850626,0.0001641,53.217,153.2222,84.2189,275.8991,9.5516e-05,1.233e-05,0.0,0 STARLINK-5194,1 54186U 22141AF  24042.55618814  .00001233  00000-0  95516-4 0  9993,2 54186  53.2170 153.2222 0001641  84.2189 275.8991 15.08850626 71690,6917.848,95.437,540.848,538.578,0.0
54186.0,STARLINK-5194,PAYLOAD,2024-02-11 16:31:40,15.08862939,0.0001363,53.2161,152.631,103.176,256.9384,0.00035819,5.421e-05,0.0,0 STARLINK-5194,1 54186U 22141AF  24042.68866010  .00005421  00000-0  35819-3 0  9992,2 54186  53.2161 152.6310 0001363 103.1760 256.9384 15.08862939 71942,6917.81,95.436,540.618,538.732,0.0
54186.0,STARLINK-5194,PAYLOAD,2024-02-12 11:36:18,15.0884948,0.0001745,53.2166,149.0598,107.7608,252.3575,0.00013853,1.918e-05,0.0,0 STARLINK-5194,1 54186U 22141AF  24043.48354465  .00001918  00000-0  13853-3 0  9998,2 54186  53.2166 149.0598 0001745 107.7608 252.3575 15.08849480 72062,6917.851,95.437,540.924,538.509,0.0
54186.0,STARLINK-5194,PAYLOAD,2024-02-12 13:11:41,15.08849694,0.0001584,53.2166,148.7631,104.9244,255.1923,0.00014074,1.953e-05,0.0,0 STARLINK-5194,1 54186U 22141AF  24043.54978432  .00001953  00000-0  14074-3 0  9996,2 54186  53.2166 148.7631 0001584 104.9244 255.1923 15.08849694 71842,6917.851,95.437,540.812,538.62,0.0
54186.0,STARLINK-5194,PAYLOAD,2024-02-13 11:27:06,15.08838137,0.0001687,53.2174,144.5965,77.0776,283.0405,-0.00015552,-2.762e-05,0.0,0 STARLINK-5194,1 54186U 22141AF  24044.47715414 -.00002762  00000-0 -15552-3 0  9991,2 54186  53.2174 144.5965 0001687  77.0776 283.0405 15.08838137 72216,6917.886,95.438,540.918,538.584,0.0
54186.0,STARLINK-5194,PAYLOAD,2024-02-13 13:02:29,15.08840351,0.000163,53.2166,144.3013,91.9134,268.2045,-0.0001215,-2.221e-05,0.0,0 STARLINK-5194,1 54186U 22141AF  24044.54339256 -.00002221  00000-0 -12150-3 0  9996,2 54186  53.2166 144.3013 0001630  91.9134 268.2045 15.08840351 71990,6917.879,95.438,540.872,538.617,0.0
54186.0,STARLINK-5194,PAYLOAD,2024-02-13 16:13:15,15.08841742,0.0001681,53.217,143.7044,93.5235,266.5949,-6.8356e-05,-1.376e-05,0.0,0 STARLINK-5194,1 54186U 22141AF  24044.67587217 -.00001376  00000-0 -68356-4 0  9992,2 54186  53.2170 143.7044 0001681  93.5235 266.5949 15.08841742 72011,6917.875,95.437,540.903,538.577,0.0
54186.0,STARLINK-5194,PAYLOAD,2024-02-14 12:53:15,15.08854008,0.00017,53.2147,139.8412,85.8225,274.2961,0.0004352,6.648e-05,0.0,0 STARLINK-5194,1 54186U 22141AF  24045.53698870  .00006648  00000-0  43520-3 0  9996,2 54186  53.2147 139.8412 0001700  85.8225 274.2961 15.08854008 72373,6917.838,95.437,540.879,538.527,0.0
54186.0,STARLINK-5194,PAYLOAD,2024-02-14 16:04:01,15.08858991,0.0001703,53.2158,139.2444,92.6964,267.4223,0.00053518,8.244e-05,0.0,0 STARLINK-5194,1 54186U 22141AF  24045.66946552  .00008244  00000-0  53518-3 0  9995,2 54186  53.2158 139.2444 0001703  92.6964 267.4223 15.08858991 72160,6917.822,95.436,540.865,538.509,0.0
54186.0,STARLINK-5194,PAYLOAD,2024-02-15 11:08:40,15.08835369,0.0001779,53.2144,135.6767,98.336,261.7833,5.067e-06,-2.07e-06,0.0,0 STARLINK-5194,1 54186U 22141AF  24046.46435882 -.00000207  00000-0  50670-5 0  9993,2 54186  53.2144 135.6767 0001779  98.3360 261.7833 15.08835369 72516,6917.895,95.438,540.99,538.529,0.0
54186.0,STARLINK-5194,PAYLOAD,2024-02-15 12:44:03,15.08838212,0.0001818,53.2146,135.379,99.0594,261.0604,9.788e-05,1.27e-05,0.0,0 STARLINK-5194,1 54186U 22141AF  24046.53059872  .00001270  00000-0  97880-4 0  9995,2 54186  53.2146 135.3790 0001818  99.0594 261.0604 15.08838212 72296,6917.886,95.438,541.009,538.493,0.0
54186.0,STARLINK-5194,PAYLOAD,2024-02-15 22:16:22,15.0884004,0.000173,53.2146,133.5953,91.5516,268.5674,0.00020881,3.037e-05,0.0,0 STARLINK-5194,1 54186U 22141AF  24046.92803893  .00003037  00000-0  20881-3 0  9997,2 54186  53.2146 133.5953 0001730  91.5516 268.5674 15.08840040 72359,6917.88,95.438,540.942,538.548,0.0
54186.0,STARLINK-5194,PAYLOAD,2024-02-16 12:34:50,15.08855506,0.0001857,53.2164,130.9225,97.9002,262.2201,0.00094177,0.00014738,0.0,0 STARLINK-5194,1 54186U 22141AF  24047.52419844  .00014738  00000-0  94177-3 0  9992,2 54186  53.2164 130.9225 0001857  97.9002 262.2201 15.08855506 72677,6917.833,95.437,540.983,538.413,0.0
54186.0,STARLINK-5194,PAYLOAD,2024-02-17 12:25:38,15.08835934,0.0002008,53.2166,126.4634,100.5784,259.5434,-1.9779e-05,-6.03e-06,0.0,0 STARLINK-5194,1 54186U 22141AF  24048.51780250 -.00000603  00000-0 -19779-4 0  9998,2 54186  53.2166 126.4634 0002008 100.5784 259.5434 15.08835934 72827,6917.893,95.438,541.147,538.369,0.0
54186.0,STARLINK-5194,PAYLOAD,2024-02-17 14:01:01,15.08841924,0.0001748,53.2162,126.1627,86.1248,273.9944,0.00020205,2.929e-05,0.0,0 STARLINK-5194,1 54186U 22141AF  24048.58404204  .00002929  00000-0  20205-3 0  9993,2 54186  53.2162 126.1627 0001748  86.1248 273.9944 15.08841924 72604,6917.875,95.437,540.949,538.53,0.0
54186.0,STARLINK-5194,PAYLOAD,2024-02-18 12:16:24,15.08850272,0.0001857,53.2162,122.0013,75.7151,284.4047,0.00040326,6.137e-05,0.0,0 STARLINK-5194,1 54186U 22141AF  24049.51139929  .00006137  00000-0  40326-3 0  9997,2 54186  53.2162 122.0013 0001857  75.7151 284.4047 15.08850272 72973,6917.849,95.437,540.999,538.429,0.0
54186.0,STARLINK-5194,PAYLOAD,2024-02-18 21:48:43,15.08844293,0.0001785,53.2167,120.2175,84.4674,275.6521,0.00023275,3.419e-05,0.0,0 STARLINK-5194,1 54186U 22141AF  24049.90884046  .00003419  00000-0  23275-3 0  9991,2 54186  53.2167 120.2175 0001785  84.4674 275.6521 15.08844293 72801,6917.867,95.437,540.967,538.497,0.0
54186.0,STARLINK-5194,PAYLOAD,2024-02-19 12:07:12,15.08836387,0.0001655,53.2168,117.5398,78.3611,281.7567,2.346e-05,8.5e-07,0.0,0 STARLINK-5194,1 54186U 22141AF  24050.50500622  .00000085  00000-0  23460-4 0  9997,2 54186  53.2168 117.5398 0001655  78.3611 281.7567 15.08836387 73126,6917.891,95.438,540.901,538.612,0.0
54186.0,STARLINK-5194,PAYLOAD,2024-02-19 13:42:35,15.08839548,0.0001648,53.2167,117.2418,78.7299,281.3879,6.5296e-05,7.51e-06,0.0,0 STARLINK-5194,1 54186U 22141AF  24050.57124460  .00000751  00000-0  65296-4 0  9999,2 54186  53.2167 117.2418 0001648  78.7299 281.3879 15.08839548 72902,6917.882,95.438,540.887,538.607,0.0
54186.0,STARLINK-5194,PAYLOAD,2024-02-19 21:39:31,15.08843468,0.0001643,53.2165,115.7561,80.2161,279.9016,0.00012023,1.626e-05,0.0,0 STARLINK-5194,1 54186U 22141AF  24050.90244263  .00001626  00000-0  12023-3 0  9991,2 54186  53.2165 115.7561 0001643  80.2161 279.9016 15.08843468 72950,6917.87,95.437,540.871,538.598,0.0
54186.0,STARLINK-5194,PAYLOAD,2024-02-20 04:01:03,15.08852257,0.0001469,53.2182,114.5623,86.2079,273.9081,7.8649e-05,9.64e-06,0.0,0 STARLINK-5194,1 54186U 22141AF  24051.16739701  .00000964  00000-0  78649-4 0  9997,2 54186  53.2182 114.5623 0001469  86.2079 273.9081 15.08852257 73228,6917.843,95.437,540.724,538.692,0.0
54186.0,STARLINK-5194,PAYLOAD,2024-02-20 10:22:34,15.08871381,0.000138,53.2148,113.3772,89.7572,270.3578,0.00033392,5.035e-05,0.0,0 STARLINK-5194,1 54186U 22141AF  24051.43234385  .00005035  00000-0  33392-3 0  9994,2 54186  53.2148 113.3772 0001380  89.7572 270.3578 15.08871381 73265,6917.784,95.436,540.604,538.695,0.0
54186.0,STARLINK-5194,PAYLOAD,2024-02-21 03:51:50,15.08841036,0.0001747,53.2159,110.1064,85.1011,275.018,0.00017578,2.511e-05,0.0,0 STARLINK-5194,1 54186U 22141AF  24052.16099845  .00002511  00000-0  17578-3 0  9999,2 54186  53.2159 110.1064 0001747  85.1011 275.0180 15.08841036 73378,6917.877,95.437,540.951,538.534,0.0
54186.0,STARLINK-5194,PAYLOAD,2024-02-21 10:13:23,15.08828441,0.0001587,53.2163,108.9168,98.8438,261.2734,-4.6728e-05,-1.031e-05,0.0,0 STARLINK-5194,1 54186U 22141AF  24052.42596392 -.00001031  00000-0 -46728-4 0  9995,2 54186  53.2163 108.9168 0001587  98.8438 261.2734 15.08828441 73411,6917.916,95.438,540.879,538.683,0.0
54186.0,STARLINK-5194,PAYLOAD,2024-02-21 13:24:09,15.08831162,0.0001595,53.2168,108.3211,99.8244,260.2928,-0.0002064,-3.571e-05,0.0,0 STARLINK-5194,1 54186U 22141AF  24052.55844011 -.00003571  00000-0 -20640-3 0  9998,2 54186  53.2168 108.3211 0001595  99.8244 260.2928 15.08831162 73209,6917.907,95.438,540.876,538.669,0.0
54186.0,STARLINK-5194,PAYLOAD,2024-02-22 10:04:10,15.08841592,0.0001756,53.2163,104.4548,105.4432,254.6755,-0.00015473,-2.75e-05,0.0,0 STARLINK-5194,1 54186U 22141AF  24053.41956019 -.00002750  00000-0 -15473-3 0  9992,2 54186  53.2163 104.4548 0001756 105.4432 254.6755 15.08841592 73568,6917.876,95.437,540.955,538.526,0.0
54186.0,STARLINK-5194,PAYLOAD,2024-02-23 03:33:25,15.08832731,0.0001795,53.2162,101.184,109.7186,250.4,0.00028083,4.183e-05,0.0,0 STARLINK-5194,1 54186U 22141AF  24054.14820891  .00004183  00000-0  28083-3 0  9992,2 54186  53.2162 101.1840 0001795 109.7186 250.4000 15.08832731 73676,6917.903,95.438,541.009,538.526,0.0
54186.0,STARLINK-5194,PAYLOAD,2024-02-23 09:54:57,15.08840458,0.0001779,53.2167,99.9971,105.2842,254.8347,0.00037736,5.723e-05,0.0,0 STARLINK-5194,1 54186U 22141AF  24054.41316789  .00005723  00000-0  37736-3 0  9994,2 54186  53.2167  99.9971 0001779 105.2842 254.8347 15.08840458 73488,6917.879,95.438,540.975,538.513,0.0
54186.0,STARLINK-5194,PAYLOAD,2024-02-23 19:27:16,15.08842388,0.0001719,53.216,98.2134,103.9489,256.1694,0.00027233,4.049e-05,0.0,0 STARLINK-5194,1 54186U 22141AF  24054.81060838  .00004049  00000-0  27233-3 0  9990,2 54186  53.2160  98.2134 0001719 103.9489 256.1694 15.08842388 73541,6917.873,95.437,540.927,538.549,0.0
54186.0,STARLINK-5194,PAYLOAD,2024-02-24 09:45:45,15.08838236,0.0001939,53.2173,95.5394,108.556,251.5643,0.00012162,1.648e-05,0.0,0 STARLINK-5194,1 54186U 22141AF  24055.40677175  .00001648  00000-0  12162-3 0  9991,2 54186  53.2173  95.5394 0001939 108.5560 251.5643 15.08838236 73863,6917.886,95.438,541.092,538.409,0.0
54186.0,STARLINK-5194,PAYLOAD,2024-02-24 19:18:03,15.08837865,0.0001932,53.2172,93.7551,107.8806,252.2397,6.4142e-05,7.33e-06,0.0,0 STARLINK-5194,1 54186U 22141AF  24055.80421268  .00000733  00000-0  64142-4 0  9995,2 54186  53.2172  93.7551 0001932 107.8806 252.2397 15.08837865 73697,6917.887,95.438,541.088,538.415,0.0
54186.0,STARLINK-5194,PAYLOAD,2024-02-25 11:11:54,15.08846894,0.0001855,53.2171,90.7794,103.7113,256.4086,0.00013193,1.813e-05,0.0,0 STARLINK-5194,1 54186U 22141AF  24056.46660698  .00001813  00000-0  13193-3 0  9999,2 54186  53.2171  90.7794 0001855 103.7113 256.4086 15.08846894 74023,6917.859,95.437,541.008,538.441,0.0
54186.0,STARLINK-5194,PAYLOAD,2024-02-25 12:47:17,15.08847955,0.0001901,53.218,90.4776,96.4878,263.633,0.00013935,1.931e-05,0.0,0 STARLINK-5194,1 54186U 22141AF  24056.53284654  .00001931  00000-0  13935-3 0  9996,2 54186  53.2180  90.4776 0001901  96.4878 263.6330 15.08847955 73804,6917.856,95.437,541.036,538.406,0.0
54186.0,STARLINK-5194,PAYLOAD,2024-02-26 01:30:23,15.08839798,0.0001908,53.2172,88.0983,88.0314,272.0897,0.00013474,1.857e-05,0.0,0 STARLINK-5194,1 54186U 22141AF  24057.06277116  .00001857  00000-0  13474-3 0  9995,2 54186  53.2172  88.0983 0001908  88.0314 272.0897 15.08839798 74110,6917.881,95.438,541.066,538.426,0.0
54186.0,STARLINK-5194,PAYLOAD,2024-02-26 09:27:18,15.08845034,0.0001763,53.2164,86.612,90.0151,270.1043,0.00015053,2.109e-05,0.0,0 STARLINK-5194,1 54186U 22141AF  24057.39396763  .00002109  00000-0  15053-3 0  9997,2 54186  53.2164  86.6120 0001763  90.0151 270.1043 15.08845034 73930,6917.865,95.437,540.95,538.51,0.0
54186.0,STARLINK-5194,PAYLOAD,2024-02-27 10:53:29,15.08843349,0.0001673,53.2158,81.8553,92.4735,267.6449,3.4039e-05,2.54e-06,0.0,0 STARLINK-5194,1 54186U 22141AF  24058.45380914  .00000254  00000-0  34039-4 0  9991,2 54186  53.2158  81.8553 0001673  92.4735 267.6449 15.08843349 74326,6917.87,95.437,540.893,538.578,0.0
54186.0,STARLINK-5194,PAYLOAD,2024-02-27 18:50:24,15.08843239,0.0001573,53.2167,80.3666,94.2681,265.849,-9.7735e-07,-3.04e-06,0.0,0 STARLINK-5194,1 54186U 22141AF  24058.78501105 -.00000304  00000-0 -97735-6 0  9996,2 54186  53.2167  80.3666 0001573  94.2681 265.8490 15.08843239 74148,6917.87,95.437,540.824,538.647,0.0
54186.0,STARLINK-5194,PAYLOAD,2024-02-28 01:11:57,15.08838811,0.0001853,53.2167,79.1774,100.0104,260.1097,4.004e-05,3.49e-06,0.0,0 STARLINK-5194,1 54186U 22141AF  24059.04997424  .00000349  00000-0  40040-4 0  9991,2 54186  53.2167  79.1774 0001853 100.0104 260.1097 15.08838811 74412,6917.884,95.438,541.031,538.467,0.0
54186.0,STARLINK-5194,PAYLOAD,2024-02-28 10:44:16,15.0884587,0.0001816,53.2168,77.393,100.0126,260.1071,6.0014e-05,6.67e-06,0.0,0 STARLINK-5194,1 54186U 22141AF  24059.44740898  .00000667  00000-0  60014-4 0  9992,2 54186  53.2168  77.3930 0001816 100.0126 260.1071 15.08845870 74246,6917.862,95.437,540.984,538.471,0.0
54186.0,STARLINK-5194,PAYLOAD,2024-02-28 18:41:11,15.08845095,0.0001657,53.2167,75.9061,95.6074,264.5107,3.3645e-05,2.48e-06,0.0,0 STARLINK-5194,1 54186U 22141AF  24059.77860931  .00000248  00000-0  33645-4 0  9994,2 54186  53.2167  75.9061 0001657  95.6074 264.5107 15.08845095 74290,6917.865,95.437,540.876,538.584,0.0
54186.0,STARLINK-5194,PAYLOAD,2024-02-29 04:13:30,15.08842857,0.0001665,53.2164,74.1218,95.2446,264.8737,9.796e-05,1.271e-05,0.0,0 STARLINK-5194,1 54186U 22141AF  24060.17605024  .00001271  00000-0  97960-4 0  9997,2 54186  53.2164  74.1218 0001665  95.2446 264.8737 15.08842857 74587,6917.872,95.437,540.888,538.585,0.0
54186.0,STARLINK-5194,PAYLOAD,2024-02-29 07:24:16,15.08845553,0.0001674,53.2165,73.5262,99.3487,260.7695,0.00011795,1.59e-05,0.0,0 STARLINK-5194,1 54186U 22141AF  24060.30852786  .00001590  00000-0  11795-3 0  9996,2 54186  53.2165  73.5262 0001674  99.3487 260.7695 15.08845553 74371,6917.863,95.437,540.886,538.57,0.0
54186.0,STARLINK-5194,PAYLOAD,2024-03-01 10:25:50,15.08839441,0.0001539,53.2163,68.4724,91.4841,268.6327,4.7397e-05,4.66e-06,0.0,0 STARLINK-5194,1 54186U 22141AF  24061.43461564  .00000466  00000-0  47397-4 0  9990,2 54186  53.2163  68.4724 0001539  91.4841 268.6327 15.08839441 74774,6917.882,95.438,540.812,538.682,0.0
54186.0,STARLINK-5194,PAYLOAD,2024-03-02 07:05:50,15.08849994,0.0001543,53.2165,64.6073,91.6944,268.4224,0.00010509,1.385e-05,0.0,0 STARLINK-5194,1 54186U 22141AF  24062.29572825  .00001385  00000-0  10509-3 0  9993,2 54186  53.2165  64.6073 0001543  91.6944 268.4224 15.08849994 74905,6917.85,95.437,540.782,538.647,0.0
54186.0,STARLINK-5194,PAYLOAD,2024-03-02 16:38:09,15.08846907,0.0001589,53.2176,62.8217,92.5246,267.5928,5.7725e-05,6.31e-06,0.0,0 STARLINK-5194,1 54186U 22141AF  24062.69316980  .00000631  00000-0  57725-4 0  9990,2 54186  53.2176  62.8217 0001589  92.5246 267.5928 15.08846907 74735,6917.859,95.437,540.824,538.625,0.0
54186.0,STARLINK-5194,PAYLOAD,2024-03-03 03:45:52,15.08837412,0.0001813,53.2177,60.7437,104.8111,255.3082,0.00010843,1.438e-05,0.0,0 STARLINK-5194,1 54186U 22141AF  24063.15685686  .00001438  00000-0  10843-3 0  9999,2 54186  53.2177  60.7437 0001813 104.8111 255.3082 15.08837412 75036,6917.888,95.438,541.008,538.499,0.0
54186.0,STARLINK-5194,PAYLOAD,2024-03-03 06:56:38,15.08839485,0.0001777,53.2184,60.1494,102.3511,257.768,0.00010924,1.451e-05,0.0,0 STARLINK-5194,1 54186U 22141AF  24063.28933633  .00001451  00000-0  10924-3 0  9996,2 54186  53.2184  60.1494 0001777 102.3511 257.7680 15.08839485 74825,6917.882,95.438,540.976,538.518,0.0
54186.0,STARLINK-5194,PAYLOAD,2024-03-04 05:12:02,15.08840928,0.0002033,53.2179,55.9867,115.5418,244.5785,5.3035e-05,5.56e-06,0.0,0 STARLINK-5194,1 54186U 22141AF  24064.21669364  .00000556  00000-0  53035-4 0  9993,2 54186  53.2179  55.9867 0002033 115.5418 244.5785 15.08840928 75198,6917.878,95.437,541.149,538.336,0.0
54186.0,STARLINK-5194,PAYLOAD,2024-03-04 06:47:25,15.08850547,0.0001658,53.218,55.6875,103.7721,256.3456,2.7734e-05,1.53e-06,0.0,0 STARLINK-5194,1 54186U 22141AF  24064.28293098  .00000153  00000-0  27734-4 0  9997,2 54186  53.2180  55.6875 0001658 103.7721 256.3456 15.08850547 74973,6917.848,95.437,540.86,538.566,0.0
54186.0,STARLINK-5194,PAYLOAD,2024-03-05 03:27:27,15.08824778,0.0001399,53.218,51.8184,82.7118,277.4033,4.3881e-05,4.1e-06,0.0,0 STARLINK-5194,1 54186U 22141AF  24065.14406627  .00000410  00000-0  43881-4 0  9994,2 54186  53.2180  51.8184 0001399  82.7118 277.4033 15.08824778 75335,6917.927,95.439,540.76,538.824,0.0
54186.0,STARLINK-5194,PAYLOAD,2024-03-05 08:13:36,15.08831823,0.0001503,53.218,50.9279,90.598,269.5185,-8.9565e-06,-4.3e-06,0.0,0 STARLINK-5194,1 54186U 22141AF  24065.34278867 -.00000430  00000-0 -89565-5 0  9993,2 54186  53.2180  50.9279 0001503  90.5980 269.5185 15.08831823 75138,6917.905,95.438,540.81,538.731,0.0
54186.0,STARLINK-5194,PAYLOAD,2024-03-05 16:10:32,15.08836169,0.0001458,53.2181,49.4407,92.6729,267.443,4.7532e-05,4.69e-06,0.0,0 STARLINK-5194,1 54186U 22141AF  24065.67398599  .00000469  00000-0  47532-4 0  9991,2 54186  53.2181  49.4407 0001458  92.6729 267.4430 15.08836169 75417,6917.892,95.438,540.766,538.748,0.0
54186.0,STARLINK-5194,PAYLOAD,2024-03-06 04:53:37,15.08844966,0.0001255,53.2165,47.0606,93.6595,266.454,0.00025154,3.718e-05,0.0,0 STARLINK-5194,1 54186U 22141AF  24066.20390089  .00003718  00000-0  25154-3 0  9992,2 54186  53.2165  47.0606 0001255  93.6595 266.4540 15.08844966 75494,6917.865,95.437,540.598,538.862,0.0
54186.0,STARLINK-5194,PAYLOAD,2024-03-06 08:04:22,15.08853598,0.000138,53.2171,46.4642,97.567,262.5479,0.0002955,4.42e-05,0.0,0 STARLINK-5194,1 54186U 22141AF  24066.33637635  .00004420  00000-0  29550-3 0  9992,2 54186  53.2171  46.4642 0001380  97.5670 262.5479 15.08853598 75286,6917.839,95.437,540.658,538.749,0.0
54186.0,STARLINK-5194,PAYLOAD,2024-03-07 04:44:24,15.08840374,0.000133,53.2166,42.6015,87.7784,272.3361,0.00016681,2.368e-05,0.0,0 STARLINK-5194,1 54186U 22141AF  24067.19750564  .00002368  00000-0  16681-3 0  9994,2 54186  53.2166  42.6015 0001330  87.7784 272.3361 15.08840374 75641,6917.879,95.438,540.664,538.824,0.0
54186.0,STARLINK-5194,PAYLOAD,2024-03-08 04:35:10,15.08851302,0.0001502,53.2174,38.1397,95.753,264.3634,0.00017831,2.552e-05,0.0,0 STARLINK-5194,1 54186U 22141AF  24068.19109932  .00002552  00000-0  17831-3 0  9995,2 54186  53.2174  38.1397 0001502  95.7530 264.3634 15.08851302 75560,6917.846,95.437,540.75,538.672,0.0
54186.0,STARLINK-5194,PAYLOAD,2024-03-08 22:04:26,15.08835401,0.0001578,53.217,34.8688,97.9627,262.1544,0.00023805,3.502e-05,0.0,0 STARLINK-5194,1 54186U 22141AF  24068.91974542  .00003502  00000-0  23805-3 0  9996,2 54186  53.2170  34.8688 0001578  97.9627 262.1544 15.08835401 75676,6917.894,95.438,540.851,538.668,0.0
54186.0,STARLINK-5194,PAYLOAD,2024-03-09 04:25:58,15.08843761,0.0001469,53.2174,33.6803,98.1154,262.0005,0.00010765,1.426e-05,0.0,0 STARLINK-5194,1 54186U 22141AF  24069.18470127  .00001426  00000-0  10765-3 0  9990,2 54186  53.2174  33.6803 0001469  98.1154 262.0005 15.08843761 75942,6917.869,95.437,540.75,538.718,0.0
54186.0,STARLINK-5194,PAYLOAD,2024-03-09 13:58:16,15.08842829,0.0001493,53.2176,31.8952,98.6707,261.4455,8.5736e-05,1.077e-05,0.0,0 STARLINK-5194,1 54186U 22141AF  24069.58214108  .00001077  00000-0  85736-4 0  9992,2 54186  53.2176  31.8952 0001493  98.6707 261.4455 15.08842829 75772,6917.872,95.437,540.77,538.704,0.0
54186.0,STARLINK-5194,PAYLOAD,2024-03-10 07:27:31,15.088484,0.0001469,53.2185,28.6263,97.9058,262.2101,7.5724e-05,9.18e-06,0.0,0 STARLINK-5194,1 54186U 22141AF  24070.31077760  .00000918  00000-0  75724-4 0  9995,2 54186  53.2185  28.6263 0001469  97.9058 262.2101 15.08848400 76112,6917.855,95.437,540.736,538.703,0.0
54186.0,STARLINK-5194,PAYLOAD,2024-03-10 13:49:03,15.08843751,0.0001274,53.2175,27.4331,84.5122,275.6015,3.012e-05,1.92e-06,0.0,0 STARLINK-5194,1 54186U 22141AF  24070.57573837  .00000192  00000-0  30120-4 0  9994,2 54186  53.2175  27.4331 0001274  84.5122 275.6015 15.08843751 75926,6917.869,95.437,540.615,538.853,0.0
54186.0,STARLINK-5194,PAYLOAD,2024-03-10 21:46:00,15.08832392,0.0001675,53.2188,25.9509,98.1669,261.9513,-5.0362e-05,-1.089e-05,0.0,0 STARLINK-5194,1 54186U 22141AF  24070.90694762 -.00001089  00000-0 -50362-4 0  9990,2 54186  53.2188  25.9509 0001675  98.1669 261.9513 15.08832392 75977,6917.904,95.438,540.927,538.61,0.0
54186.0,STARLINK-5194,PAYLOAD,2024-03-11 04:07:32,15.08835551,0.0001544,53.2186,24.7626,102.6918,257.4246,3.5349e-06,-2.32e-06,0.0,0 STARLINK-5194,1 54186U 22141AF  24071.17190599 -.00000232  00000-0  35349-5 0  9996,2 54186  53.2186  24.7626 0001544 102.6918 257.4246 15.08835551 76249,6917.894,95.438,540.827,538.691,0.0
54186.0,STARLINK-5194,PAYLOAD,2024-03-11 13:39:51,15.08836673,0.0001611,53.2192,22.9778,96.7461,263.3715,4.9612e-05,5.02e-06,0.0,0 STARLINK-5194,1 54186U 22141AF  24071.56934700  .00000502  00000-0  49612-4 0  9995,2 54186  53.2192  22.9778 0001611  96.7461 263.3715 15.08836673 76079,6917.891,95.438,540.87,538.641,0.0
54186.0,STARLINK-5194,PAYLOAD,2024-03-12 03:58:18,15.08864827,0.0001424,53.2182,20.2986,81.4536,278.6618,0.00035898,5.434e-05,0.0,0 STARLINK-5194,1 54186U 22141AF  24072.16549109  .00005434  00000-0  35898-3 0  9996,2 54186  53.2182  20.2986 0001424  81.4536 278.6618 15.08864827 76394,6917.805,95.436,540.655,538.684,0.0
54186.0,STARLINK-5194,PAYLOAD,2024-03-12 13:30:37,15.08855642,0.0001319,53.2184,18.5122,84.0,276.1142,0.00021767,3.179e-05,0.0,0 STARLINK-5194,1 54186U 22141AF  24072.56293077  .00003179  00000-0  21767-3 0  9994,2 54186  53.2184  18.5122 0001319  84.0000 276.1142 15.08855642 76453,6917.833,95.437,540.61,538.785,0.0
54186.0,STARLINK-5194,PAYLOAD,2024-03-13 03:49:05,15.08851121,0.0001408,53.2177,15.8387,88.7087,271.4067,0.00013624,1.882e-05,0.0,0 STARLINK-5194,1 54186U 22141AF  24073.15909163  .00001882  00000-0  13624-3 0  9992,2 54186  53.2177  15.8387 0001408  88.7087 271.4067 15.08851121 76545,6917.846,95.437,540.685,538.737,0.0
54186.0,STARLINK-5194,PAYLOAD,2024-03-13 05:24:28,15.08854991,0.0001369,53.2173,15.5404,88.2149,271.9,0.00018813,2.709e-05,0.0,0 STARLINK-5194,1 54186U 22141AF  24073.22532912  .00002709  00000-0  18813-3 0  9998,2 54186  53.2173  15.5404 0001369  88.2149 271.9000 15.08854991 76324,6917.835,95.437,540.647,538.753,0.0
54186.0,STARLINK-5194,PAYLOAD,2024-03-13 19:42:57,15.08830617,0.0001461,53.2202,12.8635,93.1723,266.9436,-0.00030945,-5.208e-05,0.0,0 STARLINK-5194,1 54186U 22141AF  24073.82149943 -.00005208  00000-0 -30945-3 0  9991,2 54186  53.2202  12.8635 0001461  93.1723 266.9436 15.08830617 76640,6917.909,95.438,540.785,538.763,0.0
54186.0,STARLINK-5194,PAYLOAD,2024-03-14 02:04:29,15.08837952,0.0001671,53.2187,11.6751,108.9196,251.1978,-0.0002305,-3.954e-05,0.0,0 STARLINK-5194,1 54186U 22141AF  24074.08645619 -.00003954  00000-0 -23050-3 0  9996,2 54186  53.2187  11.6751 0001671 108.9196 251.1978 15.08837952 76680,6917.887,95.438,540.908,538.596,0.0
54186.0,STARLINK-5194,PAYLOAD,2024-03-14 22:44:31,15.08834257,0.0001435,53.2166,7.8115,83.1347,276.9809,0.00017701,2.53e-05,0.0,0 STARLINK-5194,1 54186U 22141AF  24074.94758633  .00002530  00000-0  17701-3 0  9995,2 54186  53.2166   7.8115 0001435  83.1347 276.9809 15.08834257 76580,6917.898,95.438,540.756,538.77,0.0
54186.0,STARLINK-5194,PAYLOAD,2024-03-15 05:06:03,15.08843236,0.0001568,53.2181,6.6206,98.8499,261.2671,0.00031617,4.748e-05,0.0,0 STARLINK-5194,1 54186U 22141AF  24075.21254396  .00004748  00000-0  31617-3 0  9998,2 54186  53.2181   6.6206 0001568  98.8499 261.2671 15.08843236 76854,6917.87,95.437,540.82,538.651,0.0
54186.0,STARLINK-5194,PAYLOAD,2024-03-15 22:35:18,15.08834724,0.0001916,53.219,3.3448,116.0897,244.0292,0.00048617,7.457e-05,0.0,0 STARLINK-5194,1 54186U 22141AF  24075.94119119  .00007457  00000-0  48617-3 0  9999,2 54186  53.2190   3.3448 0001916 116.0897 244.0292 15.08834724 76735,6917.897,95.438,541.087,538.436,0.0
54186.0,STARLINK-5194,PAYLOAD,2024-03-16 00:10:42,15.0882732,0.0001938,53.2192,3.0474,111.7756,248.3443,0.00084133,0.00013122,0.0,0 STARLINK-5194,1 54186U 22141AF  24076.00743699  .00013122  00000-0  84133-3 0  9992,2 54186  53.2192   3.0474 0001938 111.7756 248.3443 15.08827320 76978,6917.919,95.438,541.125,538.443,0.0
54186.0,STARLINK-5194,PAYLOAD,2024-03-16 04:56:51,15.08838356,0.0001764,53.2192,2.1555,113.8049,246.3128,0.00027269,4.054e-05,0.0,0 STARLINK-5194,1 54186U 22141AF  24076.20614932  .00004054  00000-0  27269-3 0  9992,2 54186  53.2192   2.1555 0001764 113.8049 246.3128 15.08838356 77007,6917.885,95.438,540.971,538.53,0.0
54186.0,STARLINK-5194,PAYLOAD,2024-03-16 22:26:05,15.08838695,0.0001712,53.2191,358.8837,114.1756,245.9416,0.0001176,1.584e-05,0.0,0 STARLINK-5194,1 54186U 22141AF  24076.93479008  .00001584  00000-0  11760-3 0  9999,2 54186  53.2191 358.8837 0001712 114.1756 245.9416 15.08838695 76888,6917.884,95.438,540.934,538.565,0.0
54186.0,STARLINK-5194,PAYLOAD,2024-03-17 01:36:52,15.08840224,0.0001459,53.2196,358.2888,100.5073,259.6083,0.00014682,2.049e-05,0.0,0 STARLINK-5194,1 54186U 22141AF  24077.06727008  .00002049  00000-0  14682-3 0  9993,2 54186  53.2196 358.2888 0001459 100.5073 259.6083 15.08840224 77134,6917.88,95.438,540.754,538.735,0.0
54186.0,STARLINK-5194,PAYLOAD,2024-03-17 19:06:08,15.08814506,0.0001629,53.2191,355.0197,110.0512,250.0655,-0.00017513,-3.072e-05,0.0,0 STARLINK-5194,1 54186U 22141AF  24077.79593070 -.00003072  00000-0 -17513-3 0  9998,2 54186  53.2191 355.0197 0001629 110.0512 250.0655 15.08814506 77246,6917.958,95.439,540.95,538.696,0.0
54186.0,STARLINK-5194,PAYLOAD,2024-03-17 22:16:54,15.08823053,0.0001349,53.2189,354.4238,92.8337,267.281,-3.6997e-05,-8.76e-06,0.0,0 STARLINK-5194,1 54186U 22141AF  24077.92840936 -.00000876  00000-0 -36997-4 0  9996,2 54186  53.2189 354.4238 0001349  92.8337 267.2810 15.08823053 77030,6917.932,95.439,540.73,538.864,0.0
54186.0,STARLINK-5194,PAYLOAD,2024-03-18 04:38:27,15.08824639,0.0001436,53.219,353.2357,91.8611,268.2545,-3.4678e-05,-8.4e-06,0.0,0 STARLINK-5194,1 54186U 22141AF  24078.19337114 -.00000840  00000-0 -34678-4 0  9990,2 54186  53.2190 353.2357 0001436  91.8611 268.2545 15.08824639 77309,6917.927,95.439,540.786,538.799,0.0
54186.0,STARLINK-5194,PAYLOAD,2024-03-18 22:07:40,15.08847749,0.0001009,53.2179,349.9731,91.3693,268.7415,0.00020185,2.927e-05,0.0,0 STARLINK-5194,1 54186U 22141AF  24078.92199847  .00002927  00000-0  20185-3 0  9993,2 54186  53.2179 349.9731 0001009  91.3693 268.7415 15.08847749 77189,6917.857,95.437,540.42,539.024,0.0
54186.0,STARLINK-5194,PAYLOAD,2024-03-19 01:18:26,15.08859825,0.0001186,53.2183,349.3767,82.3021,277.8105,0.00041844,6.381e-05,0.0,0 STARLINK-5194,1 54186U 22141AF  24079.05447364  .00006381  00000-0  41844-3 0  9991,2 54186  53.2183 349.3767 0001186  82.3021 277.8105 15.08859825 77431,6917.82,95.436,540.505,538.864,0.0
54186.0,STARLINK-5194,PAYLOAD,2024-03-19 04:29:12,15.08871531,0.0001238,53.218,348.779,107.2727,252.8401,0.00082869,0.00012937,0.0,0 STARLINK-5194,1 54186U 22141AF  24079.18695128  .00012937  00000-0  82869-3 0  9994,2 54186  53.2180 348.7790 0001238 107.2727 252.8401 15.08871531 77222,6917.784,95.436,540.505,538.793,0.0
54186.0,STARLINK-5194,PAYLOAD,2024-03-19 21:58:26,15.08873484,0.0002055,53.2183,345.5039,122.7972,237.3218,0.00026418,3.923e-05,0.0,0 STARLINK-5194,1 54186U 22141AF  24079.91558467  .00003923  00000-0  26418-3 0  9992,2 54186  53.2183 345.5039 0002055 122.7972 237.3218 15.08873484 77568,6917.778,95.435,541.065,538.221,0.0
54186.0,STARLINK-5194,PAYLOAD,2024-03-20 01:09:12,15.08873234,0.0001673,53.218,344.9058,75.8448,284.273,0.0004282,6.539e-05,0.0,0 STARLINK-5194,1 54186U 22141AF  24080.04806379  .00006539  00000-0  42820-3 0  9997,2 54186  53.2180 344.9058 0001673  75.8448 284.2730 15.08873234 77350,6917.779,95.435,540.801,538.486,0.0
54186.0,STARLINK-5194,PAYLOAD,2024-03-20 23:24:37,15.08836261,0.0001484,53.2174,340.7509,113.6049,246.5099,3.3346e-05,2.43e-06,0.0,0 STARLINK-5194,1 54186U 22141AF  24080.97542930  .00000243  00000-0  33346-4 0  9999,2 54186  53.2174 340.7509 0001484 113.6049 246.5099 15.08836261 77499,6917.892,95.438,540.783,538.73,0.0
54186.0,STARLINK-5194,PAYLOAD,2024-03-21 02:35:23,15.08836285,0.0001532,53.2183,340.1533,111.9771,248.1384,5.2432e-05,5.46e-06,0.0,0 STARLINK-5194,1 54186U 22141AF  24081.10791043  .00000546  00000-0  52432-4 0  9999,2 54186  53.2183 340.1533 0001532 111.9771 248.1384 15.08836285 77746,6917.892,95.438,540.817,538.697,0.0
54186.0,STARLINK-5194,PAYLOAD,2024-03-21 10:32:19,15.08832195,0.0001534,53.2178,338.6655,114.8148,245.3004,-5.8438e-05,-1.218e-05,0.0,0 STARLINK-5194,1 54186U 22141AF  24081.43911422 -.00001218  00000-0 -58438-4 0  9991,2 54186  53.2178 338.6655 0001534 114.8148 245.3004 15.08832195 77563,6917.904,95.438,540.83,538.708,0.0
54186.0,STARLINK-5194,PAYLOAD,2024-03-21 21:40:01,15.08844324,0.0001369,53.2181,336.5873,95.3637,264.7511,0.00011725,1.579e-05,0.0,0 STARLINK-5194,1 54186U 22141AF  24081.90278970  .00001579  00000-0  11725-3 0  9992,2 54186  53.2181 336.5873 0001369  95.3637 264.7511 15.08844324 77631,6917.867,95.437,540.679,538.785,0.0
54186.0,STARLINK-5194,PAYLOAD,2024-03-22 02:26:10,15.08860922,0.0001413,53.2173,335.696,113.5123,246.6018,0.00081753,0.00012754,0.0,0 STARLINK-5194,1 54186U 22141AF  24082.10150568  .00012754  00000-0  81753-3 0  9992,2 54186  53.2173 335.6960 0001413 113.5123 246.6018 15.08860922 77893,6917.816,95.436,540.659,538.704,0.0
54186.0,STARLINK-5194,PAYLOAD,2024-03-22 16:44:39,15.08838132,0.0001262,53.2172,333.0171,114.2832,245.8292,0.0001391,1.926e-05,0.0,0 STARLINK-5194,1 54186U 22141AF  24082.69767651  .00001926  00000-0  13910-3 0  9992,2 54186  53.2172 333.0171 0001262 114.2832 245.8292 15.08838132 77988,6917.886,95.438,540.624,538.878,0.0
54186.0,STARLINK-5194,PAYLOAD,2024-03-22 21:30:48,15.08844147,0.0001516,53.2181,332.1299,100.8157,259.3006,0.00025186,3.723e-05,0.0,0 STARLINK-5194,1 54186U 22141AF  24082.89639547  .00003723  00000-0  25186-3 0  9991,2 54186  53.2181 332.1299 0001516 100.8157 259.3006 15.08844147 77786,6917.868,95.437,540.781,538.684,0.0
54186.0,STARLINK-5194,PAYLOAD,2024-03-23 02:16:57,15.08851024,0.0001637,53.2185,331.2336,111.5348,248.5819,0.00040337,6.139e-05,0.0,0 STARLINK-5194,1 54186U 22141AF  24083.09511221  .00006139  00000-0  40337-3 0  9991,2 54186  53.2185 331.2336 0001637 111.5348 248.5819 15.08851024 78041,6917.847,95.437,540.844,538.579,0.0
54186.0,STARLINK-5194,PAYLOAD,2024-03-23 19:46:12,15.08844579,0.0002172,53.2178,327.9581,127.3193,232.7998,0.00018147,2.601e-05,0.0,0 STARLINK-5194,1 54186U 22141AF  24083.82375435  .00002601  00000-0  18147-3 0  9991,2 54186  53.2178 327.9581 0002172 127.3193 232.7998 15.08844579 78157,6917.866,95.437,541.234,538.229,0.0
54186.0,STARLINK-5194,PAYLOAD,2024-03-24 02:07:44,15.08844515,0.0001565,53.2189,326.7653,117.9508,242.1642,0.00042207,6.436e-05,0.0,0 STARLINK-5194,1 54186U 22141AF  24084.08871456  .00006436  00000-0  42207-3 0  9998,2 54186  53.2189 326.7653 0001565 117.9508 242.1642 15.08844515 77965,6917.867,95.437,540.814,538.649,0.0
54186.0,STARLINK-5194,PAYLOAD,2024-03-24 21:12:23,15.08830105,0.0001389,53.2175,323.2045,113.9152,246.1986,0.00044452,6.792e-05,0.0,0 STARLINK-5194,1 54186U 22141AF  24084.88360781  .00006792  00000-0  44452-3 0  9999,2 54186  53.2175 323.2045 0001389 113.9152 246.1986 15.08830105 78317,6917.911,95.438,540.737,538.815,0.0
54186.0,STARLINK-5194,PAYLOAD,2024-03-24 22:47:46,15.08834594,0.0001181,53.2171,322.908,86.3078,273.8049,0.00064734,0.00010028,0.0,0 STARLINK-5194,1 54186U 22141AF  24084.94984940  .00010028  00000-0  64734-3 0  9997,2 54186  53.2171 322.9080 0001181  86.3078 273.8049 15.08834594 78096,6917.897,95.438,540.579,538.945,0.0
54186.0,STARLINK-5194,PAYLOAD,2024-03-25 21:03:09,15.08893277,0.0001002,53.2163,318.7458,83.6094,276.5012,0.0022725,0.00036117,0.0,0 STARLINK-5194,1 54186U 22141AF  24085.87719822  .00036117  00000-0  22725-2 0  9995,2 54186  53.2163 318.7458 0001002  83.6094 276.5012 15.08893277 78463,6917.718,95.434,540.276,538.889,0.0
54186.0,STARLINK-5194,PAYLOAD,2024-03-26 08:10:51,15.08891866,0.0001425,53.2164,316.6641,50.9716,309.1402,0.0020212,0.00032072,0.0,0 STARLINK-5194,1 54186U 22141AF  24086.34087073  .00032072  00000-0  20212-2 0  9999,2 54186  53.2164 316.6641 0001425  50.9716 309.1402 15.08891866 78538,6917.722,95.434,540.573,538.601,0.0
54186.0,STARLINK-5194,PAYLOAD,2024-03-26 14:32:24,15.08843384,0.000308,53.2168,315.4756,72.5154,287.6175,0.00029256,4.371e-05,0.0,0 STARLINK-5194,1 54186U 22141AF  24086.60583970  .00004371  00000-0  29256-3 0  9994,2 54186  53.2168 315.4756 0003080  72.5154 287.6175 15.08843384 78349,6917.87,95.437,541.866,537.604,0.0
54186.0,STARLINK-5194,PAYLOAD,2024-03-26 20:53:57,15.08809361,0.0001154,53.2163,314.2858,61.3651,298.7457,0.001121,0.00017583,0.0,0 STARLINK-5194,1 54186U 22141AF  24086.87080214  .00017583  00000-0  11210-2 0  9995,2 54186  53.2163 314.2858 0001154  61.3651 298.7457 15.08809361 78615,6917.974,95.439,540.637,539.041,0.0
54186.0,STARLINK-5194,PAYLOAD,2024-03-26 22:29:20,15.08809337,0.0001274,53.2164,313.9885,62.7981,297.3141,0.0015145,0.00023877,0.0,0 STARLINK-5194,1 54186U 22141AF  24086.93704471  .00023877  00000-0  15145-2 0  9994,2 54186  53.2164 313.9885 0001274  62.7981 297.3141 15.08809337 78399,6917.974,95.439,540.72,538.958,0.0
54186.0,STARLINK-5194,PAYLOAD,2024-03-27 08:01:39,15.08843906,0.0001221,53.2164,312.2044,61.9521,298.1594,0.0021499,0.00034097,0.0,0 STARLINK-5194,1 54186U 22141AF  24087.33448620  .00034097  00000-0  21499-2 0  9995,2 54186  53.2164 312.2044 0001221  61.9521 298.1594 15.08843906 78684,6917.868,95.437,540.578,538.889,0.0
54186.0,STARLINK-5194,PAYLOAD,2024-03-27 22:20:07,15.08876279,0.000115,53.2159,309.5283,60.9379,299.1728,0.0017254,0.00027306,0.0,0 STARLINK-5194,1 54186U 22141AF  24087.93063728  .00027306  00000-0  17254-2 0  9992,2 54186  53.2159 309.5283 0001150  60.9379 299.1728 15.08876279 78547,6917.77,95.435,540.43,538.839,0.0
54186.0,STARLINK-5194,PAYLOAD,2024-03-28 07:52:25,15.08861802,0.0001098,53.2165,307.7421,80.7529,279.3587,0.00065572,0.00010169,0.0,0 STARLINK-5194,1 54186U 22141AF  24088.32807472  .00010169  00000-0  65572-3 0  9994,2 54186  53.2165 307.7421 0001098  80.7529 279.3587 15.08861802 78837,6917.814,95.436,540.438,538.919,0.0
54186.0,STARLINK-5194,PAYLOAD,2024-03-28 14:13:58,15.08845604,0.0001998,53.2152,306.5545,78.5358,281.5858,0.00047468,7.276e-05,0.0,0 STARLINK-5194,1 54186U 22141AF  24088.59304001  .00007276  00000-0  47468-3 0  9992,2 54186  53.2152 306.5545 0001998  78.5358 281.5858 15.08845604 78648,6917.863,95.437,541.11,538.346,0.0
54186.0,STARLINK-5194,PAYLOAD,2024-03-28 20:35:31,15.08843113,0.000158,53.2154,305.3646,81.2359,278.8812,0.0014048,0.00022142,0.0,0 STARLINK-5194,1 54186U 22141AF  24088.85800114  .00022142  00000-0  14048-2 0  9993,2 54186  53.2154 305.3646 0001580  81.2359 278.8812 15.08843113 78910,6917.871,95.437,540.829,538.643,0.0
54186.0,STARLINK-5194,PAYLOAD,2024-03-29 07:43:13,15.08846551,9.65e-05,53.215,303.2833,78.955,281.155,0.001414,0.00022291,0.0,0 STARLINK-5194,1 54186U 22141AF  24089.32168330  .00022291  00000-0  14140-2 0  9991,2 54186  53.2150 303.2833 0000965  78.9550 281.1550 15.08846551 78985,6917.86,95.437,540.393,539.058,0.0
54186.0,STARLINK-5194,PAYLOAD,2024-03-29 14:04:46,15.0884245,0.0001414,53.215,302.0947,77.5113,282.6037,0.00093649,0.00014649,0.0,0 STARLINK-5194,1 54186U 22141AF  24089.58664588  .00014649  00000-0  93649-3 0  9995,2 54186  53.2150 302.0947 0001414  77.5113 282.6037 15.08842450 78797,6917.873,95.437,540.716,538.76,0.0
54186.0,STARLINK-5194,PAYLOAD,2024-03-29 20:26:18,15.08849353,0.0001445,53.2148,300.9052,76.4549,283.6604,0.00078246,0.0001219,0.0,0 STARLINK-5194,1 54186U 22141AF  24089.85160379  .00012190  00000-0  78246-3 0  9999,2 54186  53.2148 300.9052 0001445  76.4549 283.6604 15.08849353 79064,6917.852,95.437,540.716,538.717,0.0
54186.0,STARLINK-5194,PAYLOAD,2024-03-30 07:34:00,15.08837996,0.0002001,53.2171,298.822,89.6274,270.4947,0.00017699,2.53e-05,0.0,0 STARLINK-5194,1 54186U 22141AF  24090.31528672  .00002530  00000-0  17699-3 0  9998,2 54186  53.2171 298.8220 0002001  89.6274 270.4947 15.08837996 79134,6917.887,95.438,541.136,538.367,0.0
54186.0,STARLINK-5194,PAYLOAD,2024-03-30 20:17:05,15.08841365,0.0001221,53.2171,296.445,86.6,273.5132,0.00033542,5.055e-05,0.0,0 STARLINK-5194,1 54186U 22141AF  24090.84520591  .00005055  00000-0  33542-3 0  9998,2 54186  53.2171 296.4450 0001221  86.6000 273.5132 15.08841365 78987,6917.876,95.437,540.586,538.897,0.0
54186.0,STARLINK-5194,PAYLOAD,2024-03-30 23:27:52,15.08847909,0.0001311,53.2174,295.8489,91.605,268.5092,0.00047589,7.296e-05,0.0,0 STARLINK-5194,1 54186U 22141AF  24090.97768569  .00007296  00000-0  47589-3 0  9996,2 54186  53.2174 295.8489 0001311  91.6050 268.5092 15.08847909 79009,6917.856,95.437,540.628,538.814,0.0
54186.0,STARLINK-5194,PAYLOAD,2024-03-31 20:07:52,15.0884441,0.0001188,53.217,291.9841,87.7254,272.3874,0.00021172,3.084e-05,0.0,0 STARLINK-5194,1 54186U 22141AF  24091.83880665  .00003084  00000-0  21172-3 0  9995,2 54186  53.2170 291.9841 0001188  87.7254 272.3874 15.08844410 79362,6917.867,95.437,540.554,538.91,0.0
54186.0,STARLINK-5194,PAYLOAD,2024-04-01 13:37:09,15.08811295,0.0001387,53.2173,288.7126,85.8909,274.2242,-0.00018287,-3.195e-05,0.0,0 STARLINK-5194,1 54186U 22141AF  24092.56747339 -.00003195  00000-0 -18287-3 0  9994,2 54186  53.2173 288.7126 0001387  85.8909 274.2242 15.08811295 79479,6917.968,95.439,540.793,538.874,0.0
54186.0,STARLINK-5194,PAYLOAD,2024-04-01 19:58:41,15.08828615,0.0001505,53.2171,287.5202,111.9163,248.1989,0.00017723,2.533e-05,0.0,0 STARLINK-5194,1 54186U 22141AF  24092.83242817  .00002533  00000-0  17723-3 0  9992,2 54186  53.2171 287.5202 0001505 111.9163 248.1989 15.08828615 79511,6917.915,95.438,540.821,538.739,0.0
54186.0,STARLINK-5194,PAYLOAD,2024-04-02 05:31:00,15.08842954,0.0001073,53.2164,285.7371,79.1639,280.9474,0.00041145,6.267e-05,0.0,0 STARLINK-5194,1 54186U 22141AF  24093.22986118  .00006267  00000-0  41145-3 0  9998,2 54186  53.2164 285.7371 0001073  79.1639 280.9474 15.08842954 79574,6917.871,95.437,540.479,538.994,0.0
54186.0,STARLINK-5194,PAYLOAD,2024-04-02 19:49:27,15.08857276,0.0001098,53.2158,283.0622,79.0177,281.0939,0.00057874,8.939e-05,0.0,0 STARLINK-5194,1 54186U 22141AF  24093.82601501  .00008939  00000-0  57874-3 0  9998,2 54186  53.2158 283.0622 0001098  79.0177 281.0939 15.08857276 79436,6917.828,95.436,540.452,538.933,0.0
54186.0,STARLINK-5194,PAYLOAD,2024-04-03 11:43:18,15.0885573,0.0001512,53.2179,280.0922,100.1401,259.9762,0.00027324,4.065e-05,0.0,0 STARLINK-5194,1 54186U 22141AF  24094.48841378  .00004065  00000-0  27324-3 0  9992,2 54186  53.2179 280.0922 0001512 100.1401 259.9762 15.08855730 79763,6917.832,95.437,540.743,538.651,0.0
54186.0,STARLINK-5194,PAYLOAD,2024-04-03 21:15:37,15.08850966,0.0001549,53.2177,278.3076,100.6214,259.4952,0.00016,2.26e-05,0.0,0 STARLINK-5194,1 54186U 22141AF  24094.88585346  .00002260  00000-0  16000-3 0  9990,2 54186  53.2177 278.3076 0001549 100.6214 259.4952 15.08850966 79591,6917.847,95.437,540.783,538.64,0.0
54186.0,STARLINK-5194,PAYLOAD,2024-04-04 05:12:33,15.08845785,0.0001535,53.2171,276.8185,107.353,252.763,-1.2325e-05,-4.84e-06,0.0,0 STARLINK-5194,1 54186U 22141AF  24095.21705323 -.00000484  00000-0 -12325-4 0  9992,2 54186  53.2171 276.8185 0001535 107.3530 252.7630 15.08845785 79872,6917.863,95.437,540.79,538.666,0.0
54186.0,STARLINK-5194,PAYLOAD,2024-04-04 21:06:24,15.08850341,0.0001383,53.2177,273.8433,88.5368,271.5782,-6.1775e-06,-3.86e-06,0.0,0 STARLINK-5194,1 54186U 22141AF  24095.87945193 -.00000386  00000-0 -61775-5 0  9990,2 54186  53.2177 273.8433 0001383  88.5368 271.5782 15.08850341 79748,6917.849,95.437,540.671,538.757,0.0
54186.0,STARLINK-5194,PAYLOAD,2024-04-05 11:24:53,15.0883901,0.0001338,53.2166,271.166,89.0004,271.1142,0.00010983,1.46e-05,0.0,0 STARLINK-5194,1 54186U 22141AF  24096.47561382  .00001460  00000-0  10983-3 0  9996,2 54186  53.2166 271.1660 0001338  89.0004 271.1142 15.08839010 80065,6917.883,95.438,540.674,538.823,0.0
54186.0,STARLINK-5194,PAYLOAD,2024-04-05 17:46:25,15.08845379,0.0001442,53.2156,269.9769,88.3542,271.7615,8.446e-05,1.057e-05,0.0,0 STARLINK-5194,1 54186U 22141AF  24096.74056938  .00001057  00000-0  84460-4 0  9996,2 54186  53.2156 269.9769 0001442  88.3542 271.7615 15.08845379 79877,6917.864,95.437,540.727,538.731,0.0
54186.0,STARLINK-5194,PAYLOAD,2024-04-06 04:54:07,15.08846473,0.0001316,53.2164,267.8958,92.7054,267.4088,3.8321e-05,3.22e-06,0.0,0 STARLINK-5194,1 54186U 22141AF  24097.20424810  .00000322  00000-0  38321-4 0  9995,2 54186  53.2164 267.8958 0001316  92.7054 267.4088 15.08846473 79940,6917.861,95.437,540.636,538.815,0.0
54186.0,STARLINK-5194,PAYLOAD,2024-04-06 17:37:12,15.08838854,0.0001422,53.2169,265.517,90.8319,269.2836,5.9605e-05,6.61e-06,0.0,0 STARLINK-5194,1 54186U 22141AF  24097.73417323  .00000661  00000-0  59605-4 0  9998,2 54186  53.2169 265.5170 0001422  90.8319 269.2836 15.08838854 80258,6917.884,95.438,540.733,538.765,0.0
54186.0,STARLINK-5194,PAYLOAD,2024-04-07 11:06:27,15.08839913,0.0001395,53.2168,262.2475,85.4246,274.6906,5.5354e-05,5.93e-06,0.0,0 STARLINK-5194,1 54186U 22141AF  24098.46281355  .00000593  00000-0  55354-4 0  9994,2 54186  53.2168 262.2475 0001395  85.4246 274.6906 15.08839913 80139,6917.881,95.438,540.711,538.781,0.0
54186.0,STARLINK-5194,PAYLOAD,2024-04-08 17:18:46,15.08841294,0.0001372,53.2173,256.5974,88.4265,271.6885,9.4161e-05,1.211e-05,0.0,0 STARLINK-5194,1 54186U 22141AF  24099.72137266  .00001211  00000-0  94161-4 0  9992,2 54186  53.2173 256.5974 0001372  88.4265 271.6885 15.08841294 80558,6917.876,95.437,540.691,538.792,0.0
54186.0,STARLINK-5194,PAYLOAD,2024-04-08 20:29:32,15.08840857,0.0001471,53.2168,256.0021,88.0155,272.1005,0.00010636,1.405e-05,0.0,0 STARLINK-5194,1 54186U 22141AF  24099.85385247  .00001405  00000-0  10636-3 0  9999,2 54186  53.2168 256.0021 0001471  88.0155 272.1005 15.08840857 80345,6917.878,95.438,540.76,538.725,0.0
54186.0,STARLINK-5194,PAYLOAD,2024-04-09 10:48:01,15.0883555,0.0001548,53.2149,253.3251,87.6079,272.5091,2.8471e-05,1.65e-06,0.0,0 STARLINK-5194,1 54186U 22141AF  24100.45001874  .00000165  00000-0  28471-4 0  9998,2 54186  53.2149 253.3251 0001548  87.6079 272.5091 15.08835550 80662,6917.894,95.438,540.83,538.688,0.0
54186.0,STARLINK-5194,PAYLOAD,2024-04-09 20:20:20,15.08840581,0.0001569,53.2144,251.5415,89.0893,271.0279,6.1788e-05,6.95e-06,0.0,0 STARLINK-5194,1 54186U 22141AF  24100.84745466  .00000695  00000-0  61788-4 0  9999,2 54186  53.2144 251.5415 0001569  89.0893 271.0279 15.08840581 80495,6917.879,95.438,540.829,538.658,0.0
54186.0,STARLINK-5194,PAYLOAD,2024-04-10 17:00:20,15.08840212,0.0001644,53.216,247.6756,88.5622,271.5559,0.00012073,1.634e-05,0.0,0 STARLINK-5194,1 54186U 22141AF  24101.70857295  .00001634  00000-0  12073-3 0  9995,2 54186  53.2160 247.6756 0001644  88.5622 271.5559 15.08840212 80627,6917.88,95.438,540.882,538.607,0.0
54186.0,STARLINK-5194,PAYLOAD,2024-04-11 02:32:39,15.08840564,0.0001602,53.2191,245.892,83.9337,276.1838,6.9781e-05,8.23e-06,0.0,0 STARLINK-5194,1 54186U 22141AF  24102.10601477  .00000823  00000-0  69781-4 0  9997,2 54186  53.2191 245.8920 0001602  83.9337 276.1838 15.08840564 80913,6917.879,95.438,540.852,538.635,0.0
54186.0,STARLINK-5194,PAYLOAD,2024-04-11 08:54:13,15.08822889,0.0001811,53.2239,244.7049,89.2699,270.8501,0.00026219,3.885e-05,0.0,0 STARLINK-5194,1 54186U 22141AF  24102.37098480  .00003885  00000-0  26219-3 0  9999,2 54186  53.2239 244.7049 0001811  89.2699 270.8501 15.08822889 80950,6917.933,95.439,541.051,538.545,0.0
54186.0,STARLINK-5194,PAYLOAD,2024-04-11 13:40:22,15.08834755,0.0001976,53.2249,243.813,87.8149,272.307,1.2277e-06,-2.69e-06,0.0,0 STARLINK-5194,1 54186U 22141AF  24102.56970328 -.00000269  00000-0  12277-5 0  9995,2 54186  53.2249 243.8130 0001976  87.8149 272.3070 15.08834755 80759,6917.896,95.438,541.128,538.394,0.0
54186.0,STARLINK-5194,PAYLOAD,2024-04-11 15:15:45,15.0883271,0.0001872,53.2213,243.514,85.6433,274.4773,1.5575e-05,-4e-07,0.0,0 STARLINK-5194,1 54186U 22141AF  24102.63594371 -.00000040  00000-0  15575-4 0  9993,2 54186  53.2213 243.5140 0001872  85.6433 274.4773 15.08832710 80768,6917.903,95.438,541.063,538.473,0.0
54186.0,STARLINK-5194,PAYLOAD,2024-04-12 02:23:27,15.08837886,0.0001704,53.2196,241.4314,77.9784,282.1399,1.7969e-05,-2e-08,0.0,0 STARLINK-5194,1 54186U 22141AF  24103.09962116 -.00000002  00000-0  17969-4 0  9997,2 54186  53.2196 241.4314 0001704  77.9784 282.1399 15.08837886 81068,6917.887,95.438,540.931,538.573,0.0
54186.0,STARLINK-5194,PAYLOAD,2024-04-12 13:31:09,15.08715253,0.0002611,53.2201,239.3501,71.0772,289.0503,0.0017997,0.00028373,0.0,0 STARLINK-5194,1 54186U 22141AF  24103.56330763  .00028373  00000-0  17997-2 0  9995,2 54186  53.2201 239.3501 0002611  71.0772 289.0503 15.08715253 80907,6918.262,95.445,541.933,538.32,0.0
54186.0,STARLINK-5194,PAYLOAD,2024-04-12 15:06:32,15.08825537,0.0002012,53.2207,239.0527,77.3785,282.7432,0.00035971,5.439e-05,0.0,0 STARLINK-5194,1 54186U 22141AF  24103.62953786  .00005439  00000-0  35971-3 0  9999,2 54186  53.2207 239.0527 0002012  77.3785 282.7432 15.08825537 80915,6917.925,95.438,541.181,538.398,0.0
54186.0,STARLINK-5194,PAYLOAD,2024-04-13 13:21:56,15.08833308,0.000155,53.2176,234.8895,73.0817,287.0345,0.0001089,1.445e-05,0.0,0 STARLINK-5194,1 54186U 22141AF  24104.55690434  .00001445  00000-0  10890-3 0  9996,2 54186  53.2176 234.8895 0001550  73.0817 287.0345 15.08833308 81283,6917.901,95.438,540.838,538.694,0.0
54186.0,STARLINK-5194,PAYLOAD,2024-04-13 14:57:19,15.08836999,0.000148,53.2175,234.592,72.1938,287.9215,9.0914e-05,1.159e-05,0.0,0 STARLINK-5194,1 54186U 22141AF  24104.62314263  .00001159  00000-0  90914-4 0  9995,2 54186  53.2175 234.5920 0001480  72.1938 287.9215 15.08836999 81064,6917.89,95.438,540.778,538.731,0.0
54186.0,STARLINK-5194,PAYLOAD,2024-04-14 11:37:19,15.08845663,0.0001548,53.2172,230.7276,71.0653,289.0507,9.0347e-05,1.15e-05,0.0,0 STARLINK-5194,1 54186U 22141AF  24105.48425793  .00001150  00000-0  90347-4 0  9992,2 54186  53.2172 230.7276 0001548  71.0653 289.0507 15.08845663 81425,6917.863,95.437,540.799,538.657,0.0
54186.0,STARLINK-5194,PAYLOAD,2024-04-14 14:48:06,15.0884671,0.0001635,53.2177,230.1329,76.0655,284.0519,0.00013976,1.937e-05,0.0,0 STARLINK-5194,1 54186U 22141AF  24105.61673626  .00001937  00000-0  13976-3 0  9992,2 54186  53.2177 230.1329 0001635  76.0655 284.0519 15.08846710 81216,6917.86,95.437,540.856,538.594,0.0
54186.0,STARLINK-5194,PAYLOAD,2024-04-15 13:03:30,15.08838554,0.0001583,53.2188,225.9694,96.5229,263.5943,7.3448e-05,8.81e-06,0.0,0 STARLINK-5194,1 54186U 22141AF  24106.54410443  .00000881  00000-0  73448-4 0  9999,2 54186  53.2188 225.9694 0001583  96.5229 263.5943 15.08838554 81581,6917.885,95.438,540.845,538.655,0.0
54186.0,STARLINK-5194,PAYLOAD,2024-04-15 17:49:39,15.08841394,0.0001664,53.2174,225.0757,100.6008,259.5172,0.0001103,1.468e-05,0.0,0 STARLINK-5194,1 54186U 22141AF  24106.74282259  .00001468  00000-0  11030-3 0  9993,2 54186  53.2174 225.0757 0001664 100.6008 259.5172 15.08841394 81382,6917.876,95.437,540.892,538.59,0.0
54186.0,STARLINK-5194,PAYLOAD,2024-04-16 12:54:16,15.08863486,0.0001855,53.2172,221.5079,116.1652,243.9531,0.00030861,4.63e-05,0.0,0 STARLINK-5194,1 54186U 22141AF  24107.53768927  .00004630  00000-0  30861-3 0  9999,2 54186  53.2172 221.5079 0001855 116.1652 243.9531 15.08863486 81738,6917.809,95.436,540.957,538.39,0.0
54186.0,STARLINK-5194,PAYLOAD,2024-04-16 14:29:39,15.08867421,0.0001311,53.2159,221.2112,88.0823,272.032,0.00039042,5.936e-05,0.0,0 STARLINK-5194,1 54186U 22141AF  24107.60392779  .00005936  00000-0  39042-3 0  9995,2 54186  53.2159 221.2112 0001311  88.0823 272.0320 15.08867421 81510,6917.797,95.436,540.568,538.755,0.0
54186.0,STARLINK-5194,PAYLOAD,2024-04-17 12:45:03,15.08850374,0.0001332,53.216,217.0459,85.0389,275.0755,0.0001453,2.026e-05,0.0,0 STARLINK-5194,1 54186U 22141AF  24108.53129141  .00002026  00000-0  14530-3 0  9991,2 54186  53.2160 217.0459 0001332  85.0389 275.0755 15.08850374 81880,6917.849,95.437,540.635,538.792,0.0
54186.0,STARLINK-5194,PAYLOAD,2024-04-17 14:20:26,15.08852092,0.0001365,53.2165,216.7484,86.6105,273.5044,0.00015757,2.221e-05,0.0,0 STARLINK-5194,1 54186U 22141AF  24108.59752992  .00002221  00000-0  15757-3 0  9992,2 54186  53.2165 216.7484 0001365  86.6105 273.5044 15.08852092 81667,6917.843,95.437,540.653,538.764,0.0
54186.0,STARLINK-5194,PAYLOAD,2024-04-18 12:35:51,15.08837257,0.0002374,53.2169,212.5877,47.1585,312.9606,-0.00016784,-2.958e-05,0.0,0 STARLINK-5194,1 54186U 22141AF  24109.52490232 -.00002958  00000-0 -16784-3 0  9992,2 54186  53.2169 212.5877 0002374  47.1585 312.9606 15.08837257 82036,6917.889,95.438,541.396,538.111,0.0
54186.0,STARLINK-5194,PAYLOAD,2024-04-18 14:11:13,15.0885425,0.0001318,53.2156,212.2903,83.1496,276.9646,2.6743e-05,1.38e-06,0.0,0 STARLINK-5194,1 54186U 22141AF  24109.59113077  .00000138  00000-0  26743-4 0  9991,2 54186  53.2156 212.2903 0001318  83.1496 276.9646 15.08854250 81817,6917.837,95.437,540.614,538.79,0.0
54186.0,STARLINK-5194,PAYLOAD,2024-04-19 12:26:38,15.08838838,0.0001872,53.2174,208.1258,64.9608,295.1578,6.6865e-05,7.76e-06,0.0,0 STARLINK-5194,1 54186U 22141AF  24110.51850010  .00000776  00000-0  66865-4 0  9997,2 54186  53.2174 208.1258 0001872  64.9608 295.1578 15.08838838 82183,6917.884,95.438,541.044,538.454,0.0
54186.0,STARLINK-5194,PAYLOAD,2024-04-19 14:02:00,15.08855043,0.0001528,53.2174,207.8283,89.6603,270.4564,0.000304,4.555e-05,0.0,0 STARLINK-5194,1 54186U 22141AF  24110.58473186  .00004555  00000-0  30400-3 0  9993,2 54186  53.2174 207.8283 0001528  89.6603 270.4564 15.08855043 81967,6917.834,95.437,540.756,538.642,0.0
54186.0,STARLINK-5194,PAYLOAD,2024-04-20 12:17:25,15.08850175,0.0001871,53.2167,203.6694,73.21,286.9098,0.00010618,1.403e-05,0.0,0 STARLINK-5194,1 54186U 22141AF  24111.51209545  .00001403  00000-0  10618-3 0  9991,2 54186  53.2167 203.6694 0001871  73.2100 286.9098 15.08850175 82338,6917.849,95.437,541.009,538.42,0.0
54186.0,STARLINK-5194,PAYLOAD,2024-04-20 13:52:47,15.0886503,0.0001998,53.2177,203.367,58.588,301.5307,0.00039062,5.938e-05,0.0,0 STARLINK-5194,1 54186U 22141AF  24111.57833047  .00005938  00000-0  39062-3 0  9998,2 54186  53.2177 203.3670 0001998  58.5880 301.5307 15.08865030 82110,6917.804,95.436,541.051,538.287,0.0
54186.0,STARLINK-5194,PAYLOAD,2024-04-21 12:08:13,15.08825972,0.0001673,53.2177,199.2055,93.0263,267.092,-0.00025149,-4.287e-05,0.0,0 STARLINK-5194,1 54186U 22141AF  24112.50571398 -.00004287  00000-0 -25149-3 0  9999,2 54186  53.2177 199.2055 0001673  93.0263 267.0920 15.08825972 82252,6917.923,95.438,540.946,538.631,0.0
54186.0,STARLINK-5194,PAYLOAD,2024-04-21 15:18:59,15.08829421,0.0001592,53.2176,198.6082,94.5883,265.5291,-0.00017134,-3.013e-05,0.0,0 STARLINK-5194,1 54186U 22141AF  24112.63819322 -.00003013  00000-0 -17134-3 0  9996,2 54186  53.2176 198.6082 0001592  94.5883 265.5291 15.08829421 82277,6917.913,95.438,540.879,538.676,0.0
54186.0,STARLINK-5194,PAYLOAD,2024-04-22 10:23:38,15.08832484,0.0001983,53.2183,195.0472,91.6511,268.4708,0.00018179,2.606e-05,0.0,0 STARLINK-5194,1 54186U 22141AF  24113.43308142  .00002606  00000-0  18179-3 0  9993,2 54186  53.2183 195.0472 0001983  91.6511 268.4708 15.08832484 82626,6917.903,95.438,541.14,538.397,0.0
54186.0,STARLINK-5194,PAYLOAD,2024-04-22 11:59:00,15.08843387,0.0001683,53.2178,194.7444,87.2835,272.8349,0.00031117,4.668e-05,0.0,0 STARLINK-5194,1 54186U 22141AF  24113.49931565  .00004668  00000-0  31117-3 0  9997,2 54186  53.2178 194.7444 0001683  87.2835 272.8349 15.08843387 82637,6917.87,95.437,540.899,538.571,0.0
54186.0,STARLINK-5194,PAYLOAD,2024-04-23 05:28:15,15.08841403,0.0001727,53.2176,191.473,99.9003,260.2185,0.00039491,6.003e-05,0.0,0 STARLINK-5194,1 54186U 22141AF  24114.22796189  .00006003  00000-0  39491-3 0  9998,2 54186  53.2176 191.4730 0001727  99.9003 260.2185 15.08841403 82741,6917.876,95.437,540.936,538.546,0.0
54186.0,STARLINK-5194,PAYLOAD,2024-04-23 11:49:48,15.0884853,0.0001801,53.2179,190.2866,97.6538,262.4659,0.00044858,6.86e-05,0.0,0 STARLINK-5194,1 54186U 22141AF  24114.49291873  .00006860  00000-0  44858-3 0  9991,2 54186  53.2179 190.2866 0001801  97.6538 262.4659 15.08848530 82559,6917.854,95.437,540.965,538.473,0.0
54186.0,STARLINK-5194,PAYLOAD,2024-04-24 11:40:35,15.08845552,0.0001635,53.2174,185.8277,104.0941,256.0233,6.7391e-05,7.85e-06,0.0,0 STARLINK-5194,1 54186U 22141AF  24115.48651728  .00000785  00000-0  67391-4 0  9998,2 54186  53.2174 185.8277 0001635 104.0941 256.0233 15.08845552 82936,6917.863,95.437,540.859,538.597,0.0
54186.0,STARLINK-5194,PAYLOAD,2024-04-25 05:09:50,15.08824008,0.0001411,53.2168,182.5523,102.0369,258.0781,-0.00026174,-4.449e-05,0.0,0 STARLINK-5194,1 54186U 22141AF  24116.21516821 -.00004449  00000-0 -26174-3 0  9990,2 54186  53.2168 182.5523 0001411 102.0369 258.0781 15.08824008 83047,6917.929,95.439,540.77,538.818,0.0
54186.0,STARLINK-5194,PAYLOAD,2024-04-25 09:56:00,15.08825813,0.0001453,53.2168,181.6611,103.6487,256.4667,-0.00018878,-3.29e-05,0.0,0 STARLINK-5194,1 54186U 22141AF  24116.41389175 -.00003290  00000-0 -18878-3 0  9997,2 54186  53.2168 181.6611 0001453 103.6487 256.4667 15.08825813 82846,6917.924,95.438,540.794,538.784,0.0
54186.0,STARLINK-5194,PAYLOAD,2024-04-26 12:57:32,15.08868552,0.0001294,53.2164,176.6033,95.1967,264.9173,0.00053429,8.232e-05,0.0,0 STARLINK-5194,1 54186U 22141AF  24117.53995451  .00008232  00000-0  53429-3 0  9991,2 54186  53.2164 176.6033 0001294  95.1967 264.9173 15.08868552 83243,6917.793,95.436,540.553,538.763,0.0
54186.0,STARLINK-5194,PAYLOAD,2024-04-27 03:16:00,15.088559,0.0001655,53.2151,173.9319,88.329,271.7891,0.00035195,5.32e-05,0.0,0 STARLINK-5194,1 54186U 22141AF  24118.13612003  .00005320  00000-0  35195-3 0  9992,2 54186  53.2151 173.9319 0001655  88.3290 271.7891 15.08855900 83336,6917.832,95.437,540.842,538.552,0.0
54186.0,STARLINK-5194,PAYLOAD,2024-04-27 11:12:55,15.08864989,0.0001405,53.2153,172.4424,83.9458,276.1694,0.00038256,5.81e-05,0.0,0 STARLINK-5194,1 54186U 22141AF  24118.46731129  .00005810  00000-0  38256-3 0  9994,2 54186  53.2153 172.4424 0001405  83.9458 276.1694 15.08864989 83156,6917.804,95.436,540.641,538.697,0.0
54186.0,STARLINK-5194,PAYLOAD,2024-04-27 20:45:14,15.08845806,0.0002028,53.2156,170.6591,56.674,303.4446,-0.00016951,-2.985e-05,0.0,0 STARLINK-5194,1 54186U 22141AF  24118.86475562 -.00002985  00000-0 -16951-3 0  9994,2 54186  53.2156 170.6591 0002028  56.6740 303.4446 15.08845806 83445,6917.863,95.437,541.131,538.325,0.0
54186.0,STARLINK-5194,PAYLOAD,2024-04-28 09:28:20,15.08828981,0.0001625,53.2157,168.2793,74.1729,285.9442,-0.00042779,-7.088e-05,0.0,0 STARLINK-5194,1 54186U 22141AF  24119.39468232 -.00007088  00000-0 -42779-3 0  9995,2 54186  53.2157 168.2793 0001625  74.1729 285.9442 15.08828981 83521,6917.914,95.438,540.903,538.655,0.0
54186.0,STARLINK-5194,PAYLOAD,2024-04-28 20:36:02,15.08832738,0.0001842,53.2169,166.1986,74.4083,285.7112,-0.00010738,-1.996e-05,0.0,0 STARLINK-5194,1 54186U 22141AF  24119.85836509 -.00001996  00000-0 -10738-3 0  9994,2 54186  53.2169 166.1986 0001842  74.4083 285.7112 15.08832738 83361,6917.903,95.438,541.042,538.493,0.0
54186.0,STARLINK-5194,PAYLOAD,2024-04-29 02:57:35,15.08836502,0.0001791,53.2156,165.0099,74.4811,285.6379,0.00014618,2.039e-05,0.0,0 STARLINK-5194,1 54186U 22141AF  24120.12332605  .00002039  00000-0  14618-3 0  9992,2 54186  53.2156 165.0099 0001791  74.4811 285.6379 15.08836502 83639,6917.891,95.438,540.995,538.517,0.0
54186.0,STARLINK-5194,PAYLOAD,2024-04-29 09:19:07,15.08842484,0.0001649,53.2147,163.8206,71.7749,288.3422,0.00044726,6.838e-05,0.0,0 STARLINK-5194,1 54186U 22141AF  24120.38828582  .00006838  00000-0  44726-3 0  9998,2 54186  53.2147 163.8206 0001649  71.7749 288.3422 15.08842484 83441,6917.873,95.437,540.879,538.597,0.0
54186.0,STARLINK-5194,PAYLOAD,2024-04-29 20:26:49,15.0884983,0.0001681,53.2145,161.7384,70.4561,289.6612,0.00059603,9.213e-05,0.0,0 STARLINK-5194,1 54186U 22141AF  24120.85196537  .00009213  00000-0  59603-3 0  9998,2 54186  53.2145 161.7384 0001681  70.4561 289.6612 15.08849830 83512,6917.85,95.437,540.878,538.552,0.0
54186.0,STARLINK-5194,PAYLOAD,2024-04-30 09:09:54,15.0885843,0.0001725,53.2152,159.3593,71.2968,288.8211,0.000505,7.762e-05,0.0,0 STARLINK-5194,1 54186U 22141AF  24121.38188003  .00007762  00000-0  50500-3 0  9990,2 54186  53.2152 159.3593 0001725  71.2968 288.8211 15.08858430 83594,6917.824,95.436,540.882,538.496,0.0
54186.0,STARLINK-5194,PAYLOAD,2024-05-01 02:39:08,15.0884904,0.0001715,53.2151,156.088,72.4558,287.6622,0.00016206,2.293e-05,0.0,0 STARLINK-5194,1 54186U 22141AF  24122.11051766  .00002293  00000-0  16206-3 0  9996,2 54186  53.2151 156.0880 0001715  72.4558 287.6622 15.08849040 83931,6917.853,95.437,540.904,538.531,0.0
54186.0,STARLINK-5194,PAYLOAD,2024-05-01 09:00:41,15.08849859,0.0001715,53.2155,154.8982,75.3984,284.7198,0.00012749,1.742e-05,0.0,0 STARLINK-5194,1 54186U 22141AF  24122.37547698  .00001742  00000-0  12749-3 0  9994,2 54186  53.2155 154.8982 0001715  75.3984 284.7198 15.08849859 83742,6917.85,95.437,540.902,538.529,0.0
54186.0,STARLINK-5194,PAYLOAD,2024-05-01 18:33:00,15.08843439,0.0001691,53.2155,153.1138,73.9181,286.1997,-1.2847e-05,-4.93e-06,0.0,0 STARLINK-5194,1 54186U 22141AF  24122.77291758 -.00000493  00000-0 -12847-4 0  9995,2 54186  53.2155 153.1138 0001691  73.9181 286.1997 15.08843439 84037,6917.87,95.437,540.905,538.565,0.0
54186.0,STARLINK-5194,PAYLOAD,2024-05-02 08:51:28,15.08840241,0.0001664,53.2163,150.4383,77.2236,282.8942,1.0102e-05,-1.27e-06,0.0,0 STARLINK-5194,1 54186U 22141AF  24123.36908187 -.00000127  00000-0  10102-4 0  9997,2 54186  53.2163 150.4383 0001664  77.2236 282.8942 15.08840241 83890,6917.88,95.438,540.896,538.594,0.0
54186.0,STARLINK-5194,PAYLOAD,2024-05-03 08:42:15,15.08843453,0.0001595,53.2163,145.9785,77.5755,282.5415,9.3003e-05,1.193e-05,0.0,0 STARLINK-5194,1 54186U 22141AF  24124.36267674  .00001193  00000-0  93003-4 0  9991,2 54186  53.2163 145.9785 0001595  77.5755 282.5415 15.08843453 84045,6917.87,95.437,540.838,538.631,0.0
54186.0,STARLINK-5194,PAYLOAD,2024-05-03 18:14:34,15.08846731,0.0001511,53.2153,144.1946,86.7955,273.321,-0.0001123,-2.075e-05,0.0,0 STARLINK-5194,1 54186U 22141AF  24124.76011814 -.00002075  00000-0 -11230-3 0  9991,2 54186  53.2153 144.1946 0001511  86.7955 273.3210 15.08846731 84331,6917.86,95.437,540.77,538.68,0.0
54186.0,STARLINK-5194,PAYLOAD,2024-05-04 05:22:17,15.08827305,0.0001586,53.2165,142.1134,89.2325,270.8849,-1.6459e-05,-5.5e-06,0.0,0 STARLINK-5194,1 54186U 22141AF  24125.22381234 -.00000550  00000-0 -16459-4 0  9994,2 54186  53.2165 142.1134 0001586  89.2325 270.8849 15.08827305 84406,6917.919,95.438,540.881,538.687,0.0
54186.0,STARLINK-5194,PAYLOAD,2024-05-05 05:13:04,15.08834834,0.0001575,53.2162,137.6528,87.7203,272.397,1.8703e-05,1e-07,0.0,0 STARLINK-5194,1 54186U 22141AF  24126.21741167  .00000010  00000-0  18703-4 0  9992,2 54186  53.2162 137.6528 0001575  87.7203 272.3970 15.08834834 84558,6917.896,95.438,540.851,538.672,0.0
54186.0,STARLINK-5194,PAYLOAD,2024-05-05 09:59:13,15.08836327,0.0001575,53.2161,136.7606,87.4875,272.6298,2.7639e-05,1.52e-06,0.0,0 STARLINK-5194,1 54186U 22141AF  24126.41613103  .00000152  00000-0  27639-4 0  9997,2 54186  53.2161 136.7606 0001575  87.4875 272.6298 15.08836327 84359,6917.892,95.438,540.846,538.667,0.0
54186.0,STARLINK-5194,PAYLOAD,2024-05-06 09:50:00,15.08840984,0.0001518,53.216,132.2984,88.5766,271.54,0.00016115,2.278e-05,0.0,0 STARLINK-5194,1 54186U 22141AF  24127.40972743  .00002278  00000-0  16115-3 0  9992,2 54186  53.2160 132.2984 0001518  88.5766 271.5400 15.08840984 84735,6917.877,95.437,540.793,538.692,0.0
54186.0,STARLINK-5194,PAYLOAD,2024-05-06 17:46:56,15.08842001,0.000152,53.216,130.8116,88.6504,271.4662,0.00015578,2.192e-05,0.0,0 STARLINK-5194,1 54186U 22141AF  24127.74092785  .00002192  00000-0  15578-3 0  9995,2 54186  53.2160 130.8116 0001520  88.6504 271.4662 15.08842001 84551,6917.874,95.437,540.791,538.688,0.0
54186.0,STARLINK-5194,PAYLOAD,2024-05-07 06:30:01,15.08846398,0.0001542,53.2162,128.4327,90.1286,269.9883,0.00015262,2.142e-05,0.0,0 STARLINK-5194,1 54186U 22141AF  24128.27084557  .00002142  00000-0  15262-3 0  9997,2 54186  53.2162 128.4327 0001542  90.1286 269.9883 15.08846398 84638,6917.861,95.437,540.793,538.659,0.0
54186.0,STARLINK-5194,PAYLOAD,2024-05-08 04:45:25,15.08844735,0.0001555,53.2163,124.2686,93.8529,266.2641,4.0716e-05,3.6e-06,0.0,0 STARLINK-5194,1 54186U 22141AF  24129.19820682  .00000360  00000-0  40716-4 0  9999,2 54186  53.2163 124.2686 0001555  93.8529 266.2641 15.08844735 85002,6917.866,95.437,540.807,538.655,0.0
54186.0,STARLINK-5194,PAYLOAD,2024-05-08 06:20:48,15.08845629,0.0001555,53.2164,123.971,94.7179,265.399,4.584e-05,4.42e-06,0.0,0 STARLINK-5194,1 54186U 22141AF  24129.26444574  .00000442  00000-0  45840-4 0  9993,2 54186  53.2164 123.9710 0001555  94.7179 265.3990 15.08845629 84782,6917.863,95.437,540.804,538.652,0.0
54186.0,STARLINK-5194,PAYLOAD,2024-05-09 09:22:21,15.08843382,0.0001512,53.2163,118.9172,93.9932,266.1233,3.1169e-05,2.08e-06,0.0,0 STARLINK-5194,1 54186U 22141AF  24130.39052543  .00000208  00000-0  31169-4 0  9999,2 54186  53.2163 118.9172 0001512  93.9932 266.1233 15.08843382 85186,6917.87,95.437,540.781,538.689,0.0
54186.0,STARLINK-5194,PAYLOAD,2024-05-09 15:43:54,15.088404,0.0001456,53.2158,117.7273,92.7233,267.3926,2.5451e-05,1.17e-06,0.0,0 STARLINK-5194,1 54186U 22141AF  24130.65548766  .00000117  00000-0  25451-4 0  9991,2 54186  53.2158 117.7273 0001456  92.7233 267.3926 15.08840400 84995,6917.879,95.438,540.751,538.737,0.0
54186.0,STARLINK-5194,PAYLOAD,2024-05-10 04:26:59,15.08836438,0.0001564,53.2166,115.3495,95.575,264.5421,2.4458e-05,1.01e-06,0.0,0 STARLINK-5194,1 54186U 22141AF  24131.18541214  .00000101  00000-0  24458-4 0  9990,2 54186  53.2166 115.3495 0001564  95.5750 264.5421 15.08836438 85300,6917.891,95.438,540.838,538.674,0.0
54186.0,STARLINK-5194,PAYLOAD,2024-05-10 06:02:22,15.08838169,0.0001557,53.2167,115.0525,95.907,264.2099,4.1445e-05,3.72e-06,0.0,0 STARLINK-5194,1 54186U 22141AF  24131.25165061  .00000372  00000-0  41445-4 0  9995,2 54186  53.2167 115.0525 0001557  95.9070 264.2099 15.08838169 85089,6917.886,95.438,540.828,538.674,0.0
54186.0,STARLINK-5194,PAYLOAD,2024-05-10 15:34:41,15.08838512,0.0001539,53.2169,113.2684,94.7051,265.4117,5.6264e-05,6.08e-06,0.0,0 STARLINK-5194,1 54186U 22141AF  24131.64909097  .00000608  00000-0  56264-4 0  9990,2 54186  53.2169 113.2684 0001539  94.7051 265.4117 15.08838512 85146,6917.885,95.438,540.815,538.685,0.0
54186.0,STARLINK-5194,PAYLOAD,2024-05-11 04:17:45,15.08849918,0.0001529,53.2154,110.8871,79.0422,281.0742,0.0001415,1.965e-05,0.0,0 STARLINK-5194,1 54186U 22141AF  24132.17900329  .00001965  00000-0  14150-3 0  9992,2 54186  53.2154 110.8871 0001529  79.0422 281.0742 15.08849918 85452,6917.85,95.437,540.773,538.657,0.0
54186.0,STARLINK-5194,PAYLOAD,2024-05-11 21:46:59,15.08867908,0.0003797,53.2164,107.6186,85.4122,274.7304,0.00042075,6.42e-05,0.0,0 STARLINK-5194,1 54186U 22141AF  24132.90763188  .00006420  00000-0  42075-3 0  9991,2 54186  53.2164 107.6186 0003797  85.4122 274.7304 15.08867908 85567,6917.795,95.436,542.287,537.033,0.0
54186.0,STARLINK-5194,PAYLOAD,2024-05-12 04:08:35,15.08790236,0.0002092,53.2152,106.4261,38.6358,321.4783,-0.00065039,-0.0001061,0.0,0 STARLINK-5194,1 54186U 22141AF  24133.17263592 -.00010610  00000-0 -65039-3 0  9998,2 54186  53.2152 106.4261 0002092  38.6358 321.4783 15.08790236 85608,6918.033,95.441,541.345,538.45,0.0
54186.0,STARLINK-5194,PAYLOAD,2024-05-12 07:19:21,15.08781902,0.0001571,53.2159,105.8326,78.3678,281.749,-0.0010381,-0.00016745,0.0,0 STARLINK-5194,1 54186U 22141AF  24133.30511259 -.00016745  00000-0 -10381-2 0  9993,2 54186  53.2159 105.8326 0001571  78.3678 281.7490 15.08781902 85396,6918.058,95.441,541.01,538.836,0.0
54186.0,STARLINK-5194,PAYLOAD,2024-05-12 15:16:18,15.08784021,0.0001488,53.2159,104.3452,75.9813,284.1344,-0.00079257,-0.0001286,0.0,0 STARLINK-5194,1 54186U 22141AF  24133.63632181 -.00012860  00000-0 -79257-3 0  9999,2 54186  53.2159 104.3452 0001488  75.9813 284.1344 15.08784021 85672,6918.051,95.441,540.946,538.887,0.0
54186.0,STARLINK-5194,PAYLOAD,2024-05-13 03:59:22,15.08821316,0.0001616,53.2169,101.9683,89.5077,270.6101,0.00029954,4.48e-05,0.0,0 STARLINK-5194,1 54186U 22141AF  24134.16623666  .00004480  00000-0  29954-3 0  9992,2 54186  53.2169 101.9683 0001616  89.5077 270.6101 15.08821316 85757,6917.937,95.439,540.92,538.685,0.0
54186.0,STARLINK-5194,PAYLOAD,2024-05-13 05:34:46,15.0882613,0.0001559,53.2166,101.6718,81.4031,278.7137,0.00049523,7.599e-05,0.0,0 STARLINK-5194,1 54186U 22141AF  24134.23247784  .00007599  00000-0  49523-3 0  9991,2 54186  53.2166 101.6718 0001559  81.4031 278.7137 15.08826130 85530,6917.923,95.438,540.866,538.709,0.0
54186.0,STARLINK-5194,PAYLOAD,2024-05-13 15:07:05,15.08831367,0.0001568,53.2167,99.8864,82.3068,277.8102,0.00078096,0.0001216,0.0,0 STARLINK-5194,1 54186U 22141AF  24134.62992276  .00012160  00000-0  78096-3 0  9994,2 54186  53.2167  99.8864 0001568  82.3068 277.8102 15.08831367 85597,6917.907,95.438,540.857,538.687,0.0
54186.0,STARLINK-5194,PAYLOAD,2024-05-14 03:50:10,15.08842513,0.0001532,53.2165,97.5064,82.6311,277.4855,0.00098427,0.00015412,0.0,0 STARLINK-5194,1 54186U 22141AF  24135.15984184  .00015412  00000-0  98427-3 0  9995,2 54186  53.2165  97.5064 0001532  82.6311 277.4855 15.08842513 85908,6917.873,95.437,540.798,538.678,0.0
54186.0,STARLINK-5194,PAYLOAD,2024-05-14 14:57:51,15.08859925,0.0001582,53.2163,95.4268,75.9125,284.2042,0.00077167,0.00012021,0.0,0 STARLINK-5194,1 54186U 22141AF  24135.62351271  .00012021  00000-0  77167-3 0  9993,2 54186  53.2163  95.4268 0001582  75.9125 284.2042 15.08859925 85743,6917.819,95.436,540.779,538.59,0.0
54186.0,STARLINK-5194,PAYLOAD,2024-05-15 03:40:54,15.08895934,0.0001471,53.2163,93.0457,86.8313,273.2847,0.0010327,0.00016211,0.0,0 STARLINK-5194,1 54186U 22141AF  24136.15341083  .00016211  00000-0  10327-2 0  9991,2 54186  53.2163  93.0457 0001471  86.8313 273.2847 15.08895934 86050,6917.709,95.434,540.592,538.557,0.0
54186.0,STARLINK-5194,PAYLOAD,2024-05-15 06:51:40,15.08899945,0.0001516,53.2164,92.451,85.8628,274.2537,0.0011001,0.00017292,0.0,0 STARLINK-5194,1 54186U 22141AF  24136.28588610  .00017292  00000-0  11001-2 0  9994,2 54186  53.2164  92.4510 0001516  85.8628 274.2537 15.08899945 85841,6917.697,95.434,540.611,538.513,0.0
54186.0,STARLINK-5194,PAYLOAD,2024-05-15 21:10:08,15.08859338,0.0001665,53.2162,89.7745,90.0121,270.1062,-8.4128e-05,-1.627e-05,0.0,0 STARLINK-5194,1 54186U 22141AF  24136.88204618 -.00001627  00000-0 -84128-4 0  9992,2 54186  53.2162  89.7745 0001665  90.0121 270.1062 15.08859338 86165,6917.821,95.436,540.838,538.534,0.0
54186.0,STARLINK-5194,PAYLOAD,2024-05-16 06:42:27,15.08854464,0.0001405,53.2169,87.9898,94.1644,265.9509,0.00041519,6.329e-05,0.0,0 STARLINK-5194,1 54186U 22141AF  24137.27948562  .00006329  00000-0  41519-3 0  9997,2 54186  53.2169  87.9898 0001405  94.1644 265.9509 15.08854464 85991,6917.836,95.437,540.673,538.729,0.0
54186.0,STARLINK-5194,PAYLOAD,2024-05-17 03:22:28,15.0884338,0.000147,53.217,84.123,89.4933,270.6228,0.00048794,7.487e-05,0.0,0 STARLINK-5194,1 54186U 22141AF  24138.14060789  .00007487  00000-0  48794-3 0  9998,2 54186  53.2170  84.1230 0001470  89.4933 270.6228 15.08843380 86359,6917.87,95.437,540.752,538.718,0.0
54186.0,STARLINK-5194,PAYLOAD,2024-05-17 12:54:47,15.08839725,0.000152,53.2176,82.3404,99.3197,260.7967,0.00048558,7.448e-05,0.0,0 STARLINK-5194,1 54186U 22141AF  24138.53804948  .00007448  00000-0  48558-3 0  9999,2 54186  53.2176  82.3404 0001520  99.3197 260.7967 15.08839725 86185,6917.881,95.438,540.798,538.695,0.0
54186.0,STARLINK-5194,PAYLOAD,2024-05-18 12:45:34,15.0884432,0.0001155,53.216,77.8784,76.2972,283.8149,0.00026743,3.971e-05,0.0,0 STARLINK-5194,1 54186U 22141AF  24139.53165207  .00003971  00000-0  26743-3 0  9997,2 54186  53.2160  77.8784 0001155  76.2972 283.8149 15.08844320 86564,6917.867,95.437,540.531,538.933,0.0
54186.0,STARLINK-5194,PAYLOAD,2024-05-19 03:04:02,15.0885537,0.0001323,53.2167,75.2031,76.7192,283.3947,0.00019356,2.795e-05,0.0,0 STARLINK-5194,1 54186U 22141AF  24140.12780724  .00002795  00000-0  19356-3 0  9996,2 54186  53.2167  75.2031 0001323  76.7192 283.3947 15.08855370 86427,6917.833,95.437,540.614,538.783,0.0
54186.0,STARLINK-5194,PAYLOAD,2024-05-19 18:57:55,15.08818671,0.0001145,53.2167,72.2293,96.544,263.5683,2.7186e-05,1.45e-06,0.0,0 STARLINK-5194,1 54186U 22141AF  24140.79023039  .00000145  00000-0  27186-4 0  9996,2 54186  53.2167  72.2293 0001145  96.5440 263.5683 15.08818671 86758,6917.946,95.439,540.603,539.018,0.0
54186.0,STARLINK-5194,PAYLOAD,2024-05-20 04:30:14,15.08830241,0.0001446,53.2183,70.4465,78.6335,281.482,-7.2322e-05,-1.438e-05,0.0,0 STARLINK-5194,1 54186U 22141AF  24141.18766985 -.00001438  00000-0 -72322-4 0  9994,2 54186  53.2183  70.4465 0001446  78.6335 281.4820 15.08830241 86811,6917.91,95.438,540.776,538.775,0.0
54186.0,STARLINK-5194,PAYLOAD,2024-05-21 02:45:37,15.08860582,0.0001299,53.2177,66.2864,80.5291,279.5848,0.00035287,5.336e-05,0.0,0 STARLINK-5194,1 54186U 22141AF  24142.11501813  .00005336  00000-0  35287-3 0  9992,2 54186  53.2177  66.2864 0001299  80.5291 279.5848 15.08860582 86953,6917.817,95.436,540.581,538.784,0.0
54186.0,STARLINK-5194,PAYLOAD,2024-05-22 01:01:02,15.08844014,0.0001703,53.2184,62.1182,66.6422,293.4749,0.0002302,3.378e-05,0.0,0 STARLINK-5194,1 54186U 22141AF  24143.04238991  .00003378  00000-0  23020-3 0  9995,2 54186  53.2184  62.1182 0001703  66.6422 293.4749 15.08844014 87093,6917.868,95.437,540.911,538.555,0.0
54186.0,STARLINK-5194,PAYLOAD,2024-05-22 21:41:02,15.08852752,0.0001316,53.2178,58.2714,104.4339,255.6799,-0.00014547,-2.603e-05,0.0,0 STARLINK-5194,1 54186U 22141AF  24143.90350398 -.00002603  00000-0 -14547-3 0  9992,2 54186  53.2178  58.2714 0001316 104.4339 255.6799 15.08852752 86992,6917.841,95.437,540.617,538.796,0.0
54186.0,STARLINK-5194,PAYLOAD,2024-05-23 00:51:48,15.08851884,0.0001264,53.2174,57.6699,98.5699,261.5437,-3.5166e-05,-8.48e-06,0.0,0 STARLINK-5194,1 54186U 22141AF  24144.03598051 -.00000848  00000-0 -35166-4 0  9997,2 54186  53.2174  57.6699 0001264  98.5699 261.5437 15.08851884 87011,6917.844,95.437,540.583,538.835,0.0
54186.0,STARLINK-5194,PAYLOAD,2024-05-23 21:31:49,15.08840942,0.0001321,53.217,53.7959,90.3485,269.7658,6.1742e-05,6.95e-06,0.0,0 STARLINK-5194,1 54186U 22141AF  24144.89710631  .00000695  00000-0  61742-4 0  9998,2 54186  53.2170  53.7959 0001321  90.3485 269.7658 15.08840942 87142,6917.878,95.437,540.656,538.829,0.0
54186.0,STARLINK-5194,PAYLOAD,2024-05-24 00:42:36,15.088465,0.0001647,53.2176,53.2044,71.5818,288.5354,5.7797e-05,6.32e-06,0.0,0 STARLINK-5194,1 54186U 22141AF  24145.02958450  .00000632  00000-0  57797-4 0  9993,2 54186  53.2176  53.2044 0001647  71.5818 288.5354 15.08846500 87395,6917.861,95.437,540.865,538.586,0.0
54186.0,STARLINK-5194,PAYLOAD,2024-05-24 21:22:37,15.08839654,0.0001263,53.2173,49.3327,100.8587,259.2547,-2.7243e-05,-7.21e-06,0.0,0 STARLINK-5194,1 54186U 22141AF  24145.89070881 -.00000721  00000-0 -27243-4 0  9995,2 54186  53.2173  49.3327 0001263 100.8587 259.2547 15.08839654 87521,6917.881,95.438,540.62,538.873,0.0
54186.0,STARLINK-5194,PAYLOAD,2024-05-25 00:33:24,15.08824825,0.0001101,53.2184,48.748,110.1445,249.9665,-0.00014666,-2.62e-05,0.0,0 STARLINK-5194,1 54186U 22141AF  24146.02320220 -.00002620  00000-0 -14666-3 0  9990,2 54186  53.2184  48.7480 0001101 110.1445 249.9665 15.08824825 87547,6917.927,95.439,540.553,539.03,0.0
54186.0,STARLINK-5194,PAYLOAD,2024-05-25 10:05:42,15.08843532,0.0001366,53.2187,46.9667,134.3277,225.7827,-1.4772e-05,-5.23e-06,0.0,0 STARLINK-5194,1 54186U 22141AF  24146.42062723 -.00000523  00000-0 -14772-4 0  9994,2 54186  53.2187  46.9667 0001366 134.3277 225.7827 15.08843532 87606,6917.87,95.437,540.68,538.79,0.0
54186.0,STARLINK-5194,PAYLOAD,2024-05-25 21:13:24,15.08836038,0.000127,53.2181,44.8776,100.0375,260.076,-3.3694e-05,-8.24e-06,0.0,0 STARLINK-5194,1 54186U 22141AF  24146.88431628 -.00000824  00000-0 -33694-4 0  9996,2 54186  53.2181  44.8776 0001270 100.0375 260.0760 15.08836038 87679,6917.892,95.438,540.636,538.879,0.0
54186.0,STARLINK-5194,PAYLOAD,2024-05-26 03:34:57,15.08834816,9.09e-05,53.2192,43.6984,73.5926,286.5166,-3.8211e-05,-8.96e-06,0.0,0 STARLINK-5194,1 54186U 22141AF  24147.14927506 -.00000896  00000-0 -38211-4 0  9990,2 54186  53.2192  43.6984 0000909  73.5926 286.5166 15.08834816 87487,6917.896,95.438,540.39,539.132,0.0
54186.0,STARLINK-5194,PAYLOAD,2024-05-26 21:04:13,15.08801984,0.0002158,53.2196,40.4283,8.0083,352.0943,0.00039964,6.071e-05,0.0,0 STARLINK-5194,1 54186U 22141AF  24147.87793134  .00006071  00000-0  39964-3 0  9992,2 54186  53.2196  40.4283 0002158   8.0083 352.0943 15.08801984 87823,6917.997,95.44,541.354,538.369,0.0
54186.0,STARLINK-5194,PAYLOAD,2024-05-27 03:25:44,15.08842839,0.0001338,53.2185,39.2225,97.6791,262.4353,0.00014577,2.033e-05,0.0,0 STARLINK-5194,1 54186U 22141AF  24148.14287088  .00002033  00000-0  14577-3 0  9996,2 54186  53.2185  39.2225 0001338  97.6791 262.4353 15.08842839 87869,6917.872,95.437,540.662,538.811,0.0
54186.0,STARLINK-5194,PAYLOAD,2024-05-27 22:30:21,15.08844625,0.0001355,53.2191,35.6545,92.2798,267.8349,6.1055e-05,6.84e-06,0.0,0 STARLINK-5194,1 54186U 22141AF  24148.93775231  .00000684  00000-0  61055-4 0  9999,2 54186  53.2191  35.6545 0001355  92.2798 267.8349 15.08844625 87755,6917.866,95.437,540.669,538.794,0.0
54186.0,STARLINK-5194,PAYLOAD,2024-05-28 09:38:03,15.08848125,0.0001259,53.2183,33.5722,106.0796,254.0335,0.00012801,1.75e-05,0.0,0 STARLINK-5194,1 54186U 22141AF  24149.40142507  .00001750  00000-0  12801-3 0  9995,2 54186  53.2183  33.5722 0001259 106.0796 254.0335 15.08848125 88051,6917.856,95.437,540.592,538.85,0.0
54186.0,STARLINK-5194,PAYLOAD,2024-05-28 20:45:45,15.08843985,0.0001379,53.2186,31.49,85.8099,274.3051,-9.6797e-06,-4.42e-06,0.0,0 STARLINK-5194,1 54186U 22141AF  24149.86511301 -.00000442  00000-0 -96797-5 0  9994,2 54186  53.2186  31.4900 0001379  85.8099 274.3051 15.08843985 88129,6917.868,95.437,540.687,538.779,0.0
54186.0,STARLINK-5194,PAYLOAD,2024-05-28 22:21:08,15.08844927,0.0001386,53.2185,31.1936,86.5947,273.5204,-6.8526e-06,-3.97e-06,0.0,0 STARLINK-5194,1 54186U 22141AF  24149.93135216 -.00000397  00000-0 -68526-5 0  9997,2 54186  53.2185  31.1936 0001386  86.5947 273.5204 15.08844927 87905,6917.865,95.437,540.689,538.772,0.0
54186.0,STARLINK-5194,PAYLOAD,2024-05-29 01:31:54,15.08847142,0.0001603,53.2197,30.5956,74.7445,285.3724,1.591e-05,-3.5e-07,0.0,0 STARLINK-5194,1 54186U 22141AF  24150.06383024 -.00000035  00000-0  15910-4 0  9991,2 54186  53.2197  30.5956 0001603  74.7445 285.3724 15.08847142 87929,6917.859,95.437,540.832,538.615,0.0
54186.0,STARLINK-5194,PAYLOAD,2024-05-29 22:11:55,15.08845948,0.0001355,53.2187,26.7335,89.0237,271.0911,-1.7368e-05,-5.64e-06,0.0,0 STARLINK-5194,1 54186U 22141AF  24150.92494954 -.00000564  00000-0 -17368-4 0  9998,2 54186  53.2187  26.7335 0001355  89.0237 271.0911 15.08845948 88055,6917.862,95.437,540.665,538.79,0.0
54186.0,STARLINK-5194,PAYLOAD,2024-05-30 22:02:42,15.08852078,0.00014,53.2191,22.2772,93.9429,266.1723,5.7516e-05,6.28e-06,0.0,0 STARLINK-5194,1 54186U 22141AF  24151.91854282  .00000628  00000-0  57516-4 0  9990,2 54186  53.2191  22.2772 0001400  93.9429 266.1723 15.08852078 88209,6917.843,95.437,540.677,538.74,0.0
54186.0,STARLINK-5194,PAYLOAD,2024-05-31 01:13:28,15.08847848,0.0001181,53.218,21.6797,101.829,258.2834,0.0001532,2.152e-05,0.0,0 STARLINK-5194,1 54186U 22141AF  24152.05102135  .00002152  00000-0  15320-3 0  9999,2 54186  53.2180  21.6797 0001181 101.8290 258.2834 15.08847848 88459,6917.856,95.437,540.538,538.904,0.0
54186.0,STARLINK-5194,PAYLOAD,2024-05-31 20:18:06,15.08838402,0.0001335,53.2186,18.1113,100.6417,259.4726,6.0465e-05,6.74e-06,0.0,0 STARLINK-5194,1 54186U 22141AF  24152.84590975  .00000674  00000-0  60465-4 0  9997,2 54186  53.2186  18.1113 0001335 100.6417 259.4726 15.08838402 88579,6917.885,95.438,540.674,538.827,0.0
54186.0,STARLINK-5194,PAYLOAD,2024-06-01 07:25:48,15.08834544,0.000134,53.2175,16.0274,76.539,283.5752,9.8664e-06,-1.31e-06,0.0,0 STARLINK-5194,1 54186U 22141AF  24153.30959482 -.00000131  00000-0  98664-5 0  9993,2 54186  53.2175  16.0274 0001340  76.5390 283.5752 15.08834544 88412,6917.897,95.438,540.689,538.835,0.0
54186.0,STARLINK-5194,PAYLOAD,2024-06-01 21:44:18,15.08827549,0.0001374,53.2185,13.3566,94.0541,266.0608,-7.4381e-05,-1.471e-05,0.0,0 STARLINK-5194,1 54186U 22141AF  24153.90576531 -.00001471  00000-0 -74381-4 0  9997,2 54186  53.2185  13.3566 0001374  94.0541 266.0608 15.08827549 88735,6917.918,95.438,540.734,538.833,0.0
54186.0,STARLINK-5194,PAYLOAD,2024-06-02 07:16:36,15.08837114,0.0001436,53.2186,11.5727,96.1698,263.9458,-6.9436e-05,-1.393e-05,0.0,0 STARLINK-5194,1 54186U 22141AF  24154.30320076 -.00001393  00000-0 -69436-4 0  9991,2 54186  53.2186  11.5727 0001436  96.1698 263.9458 15.08837114 88794,6917.889,95.438,540.748,538.761,0.0
54186.0,STARLINK-5194,PAYLOAD,2024-06-02 21:35:04,15.08844498,0.0001596,53.2189,8.8969,115.0078,245.1081,0.00013889,1.923e-05,0.0,0 STARLINK-5194,1 54186U 22141AF  24154.89935273  .00001923  00000-0  13889-3 0  9993,2 54186  53.2189   8.8969 0001596 115.0078 245.1081 15.08844498 88881,6917.867,95.437,540.836,538.628,0.0
54186.0,STARLINK-5194,PAYLOAD,2024-06-03 07:07:22,15.08847685,0.0001149,53.2175,7.1068,56.7393,303.3709,0.00018362,2.636e-05,0.0,0 STARLINK-5194,1 54186U 22141AF  24155.29679006  .00002636  00000-0  18362-3 0  9990,2 54186  53.2175   7.1068 0001149  56.7393 303.3709 15.08847685 88710,6917.857,95.437,540.517,538.927,0.0
54186.0,STARLINK-5194,PAYLOAD,2024-06-03 23:01:14,15.08841506,0.0001192,53.2177,4.1357,76.2424,283.87,0.00013908,1.926e-05,0.0,0 STARLINK-5194,1 54186U 22141AF  24155.95919826  .00001926  00000-0  13908-3 0  9992,2 54186  53.2177   4.1357 0001192  76.2424 283.8700 15.08841506 89046,6917.876,95.437,540.565,538.916,0.0
54186.0,STARLINK-5194,PAYLOAD,2024-06-04 06:58:10,15.0883804,0.00013,53.2183,2.6501,85.4463,274.6678,8.5204e-05,1.068e-05,0.0,0 STARLINK-5194,1 54186U 22141AF  24156.29040206  .00001068  00000-0  85204-4 0  9993,2 54186  53.2183   2.6501 0001300  85.4463 274.6678 15.08838040 88863,6917.886,95.438,540.651,538.852,0.0
54186.0,STARLINK-5194,PAYLOAD,2024-06-04 19:41:15,15.08839781,0.0001247,53.2215,0.272,84.3019,275.8115,2.7297e-05,1.47e-06,0.0,0 STARLINK-5194,1 54186U 22141AF  24156.82032268  .00000147  00000-0  27297-4 0  9996,2 54186  53.2215   0.2720 0001247  84.3019 275.8115 15.08839781 89178,6917.881,95.438,540.609,538.883,0.0
54186.0,STARLINK-5194,PAYLOAD,2024-06-04 22:52:01,15.08846621,0.0001297,53.2144,359.6738,78.8367,281.2771,-1.0703e-05,-4.58e-06,0.0,0 STARLINK-5194,1 54186U 22141AF  24156.95279828 -.00000458  00000-0 -10703-4 0  9996,2 54186  53.2144 359.6738 0001297  78.8367 281.2771 15.08846621 88964,6917.86,95.437,540.622,538.828,0.0
54186.0,STARLINK-5194,PAYLOAD,2024-06-05 13:10:30,15.08841268,0.0001516,53.2175,356.9991,86.4479,273.6687,2.9635e-07,-2.83e-06,0.0,0 STARLINK-5194,1 54186U 22141AF  24157.54896082 -.00000283  00000-0  29635-6 0  9990,2 54186  53.2175 356.9991 0001516  86.4479 273.6687 15.08841268 89056,6917.877,95.437,540.79,538.693,0.0
54186.0,STARLINK-5194,PAYLOAD,2024-06-05 19:32:02,15.08844708,0.0001876,53.2117,355.8084,88.242,271.8787,5.3107e-05,5.57e-06,0.0,0 STARLINK-5194,1 54186U 22141AF  24157.81391757  .00000557  00000-0  53107-4 0  9991,2 54186  53.2117 355.8084 0001876  88.2420 271.8787 15.08844708 89095,6917.866,95.437,541.029,538.433,0.0
54186.0,STARLINK-5194,PAYLOAD,2024-06-06 06:39:44,15.08840133,0.0001423,53.2128,353.727,97.1023,263.0131,8.2491e-05,1.025e-05,0.0,0 STARLINK-5194,1 54186U 22141AF  24158.27759848  .00001025  00000-0  82491-4 0  9990,2 54186  53.2128 353.7270 0001423  97.1023 263.0131 15.08840133 89169,6917.88,95.438,540.729,538.761,0.0
54186.0,STARLINK-5194,PAYLOAD,2024-06-07 19:13:36,15.08842206,0.0001487,53.2132,346.8891,94.183,265.9332,7.6872e-05,9.36e-06,0.0,0 STARLINK-5194,1 54186U 22141AF  24159.80111901  .00000936  00000-0  76872-4 0  9998,2 54186  53.2132 346.8891 0001487  94.1830 265.9332 15.08842206 89627,6917.874,95.437,540.767,538.71,0.0
54186.0,STARLINK-5194,PAYLOAD,2024-06-08 22:15:09,15.08845847,0.0001797,53.2133,341.833,90.9128,269.207,5.9859e-05,6.65e-06,0.0,0 STARLINK-5194,1 54186U 22141AF  24160.92719350  .00000665  00000-0  59859-4 0  9990,2 54186  53.2133 341.8330 0001797  90.9128 269.2070 15.08845847 89562,6917.863,95.437,540.971,538.484,0.0
54186.0,STARLINK-5194,PAYLOAD,2024-06-09 04:36:42,15.08845694,0.0001564,53.2133,340.6436,90.7521,269.365,6.3563e-05,7.24e-06,0.0,0 STARLINK-5194,1 54186U 22141AF  24161.19215308  .00000724  00000-0  63563-4 0  9997,2 54186  53.2133 340.6436 0001564  90.7521 269.3650 15.08845694 89838,6917.863,95.437,540.81,538.646,0.0
54186.0,STARLINK-5194,PAYLOAD,2024-06-09 12:33:39,15.08830613,0.0001862,53.2249,339.1617,98.866,261.2543,-6.1385e-05,-1.265e-05,0.0,0 STARLINK-5194,1 54186U 22141AF  24161.52336955 -.00001265  00000-0 -61385-4 0  9999,2 54186  53.2249 339.1617 0001862  98.8660 261.2543 15.08830613 89886,6917.909,95.438,541.062,538.486,0.0
54186.0,STARLINK-5194,PAYLOAD,2024-06-09 18:55:11,15.0883248,8.63e-05,53.2199,337.972,81.2989,278.8101,-4.7242e-05,-1.039e-05,0.0,0 STARLINK-5194,1 54186U 22141AF  24161.78832900 -.00001039  00000-0 -47242-4 0  9993,2 54186  53.2199 337.9720 0000863  81.2989 278.8101 15.08832480 89698,6917.903,95.438,540.365,539.171,0.0
54186.0,STARLINK-5194,PAYLOAD,2024-06-10 12:24:25,15.08847784,0.0001244,53.2171,334.6997,92.567,267.5465,-0.00011949,-2.189e-05,0.0,0 STARLINK-5194,1 54186U 22141AF  24162.51696608 -.00002189  00000-0 -11949-3 0  9999,2 54186  53.2171 334.6997 0001244  92.5670 267.5465 15.08847784 90035,6917.857,95.437,540.582,538.861,0.0
54186.0,STARLINK-5194,PAYLOAD,2024-06-10 18:45:57,15.08843056,0.0001664,53.2179,333.5089,88.5652,271.553,0.00018625,2.678e-05,0.0,0 STARLINK-5194,1 54186U 22141AF  24162.78191886  .00002678  00000-0  18625-3 0  9995,2 54186  53.2179 333.5089 0001664  88.5652 271.5530 15.08843056 89847,6917.871,95.437,540.887,538.585,0.0
54186.0,STARLINK-5194,PAYLOAD,2024-06-11 04:18:17,15.08834895,0.0001924,53.2181,331.7264,97.9299,262.1911,0.00015994,2.258e-05,0.0,0 STARLINK-5194,1 54186U 22141AF  24163.17936626  .00002258  00000-0  15994-3 0  9998,2 54186  53.2181 331.7264 0001924  97.9299 262.1911 15.08834895 89902,6917.896,95.438,541.092,538.43,0.0
54186.0,STARLINK-5194,PAYLOAD,2024-06-12 04:09:04,15.08835406,0.0001325,53.2195,327.264,69.7811,290.3323,9.6127e-05,1.242e-05,0.0,0 STARLINK-5194,1 54186U 22141AF  24164.17296926  .00001242  00000-0  96127-4 0  9991,2 54186  53.2195 327.2640 0001325  69.7811 290.3323 15.08835406 90289,6917.894,95.438,540.676,538.843,0.0
54186.0,STARLINK-5194,PAYLOAD,2024-06-12 18:27:33,15.08836683,0.0001239,53.2185,324.5903,75.9177,284.1952,-1.5242e-05,-5.3e-06,0.0,0 STARLINK-5194,1 54186U 22141AF  24164.76913397 -.00000530  00000-0 -15242-4 0  9994,2 54186  53.2185 324.5903 0001239  75.9177 284.1952 15.08836683 90140,6917.891,95.438,540.613,538.898,0.0
54186.0,STARLINK-5194,PAYLOAD,2024-06-13 10:21:24,15.08842751,0.0001259,53.2182,321.6157,76.3955,283.7178,9.2042e-05,1.177e-05,0.0,0 STARLINK-5194,1 54186U 22141AF  24165.43152805  .00001177  00000-0  92042-4 0  9997,2 54186  53.2182 321.6157 0001259  76.3955 283.7178 15.08842751 90471,6917.872,95.437,540.608,538.866,0.0
54186.0,STARLINK-5194,PAYLOAD,2024-06-13 15:07:33,15.08846163,0.0001251,53.2182,320.724,75.8957,284.2174,0.00012114,1.641e-05,0.0,0 STARLINK-5194,1 54186U 22141AF  24165.63024489  .00001641  00000-0  12114-3 0  9992,2 54186  53.2182 320.7240 0001251  75.8957 284.2174 15.08846163 90273,6917.862,95.437,540.592,538.861,0.0
54186.0,STARLINK-5194,PAYLOAD,2024-06-13 16:42:56,15.08852346,0.0001217,53.218,320.4263,71.4094,288.703,9.9138e-05,1.291e-05,0.0,0 STARLINK-5194,1 54186U 22141AF  24165.69648189  .00001291  00000-0  99138-4 0  9990,2 54186  53.2180 320.4263 0001217  71.4094 288.7030 15.08852346 90280,6917.843,95.437,540.55,538.866,0.0
54186.0,STARLINK-5194,PAYLOAD,2024-06-14 13:22:57,15.08832281,0.0001122,53.2177,316.5607,69.0415,291.0697,0.00020682,3.005e-05,0.0,0 STARLINK-5194,1 54186U 22141AF  24166.55761403  .00003005  00000-0  20682-3 0  9993,2 54186  53.2177 316.5607 0001122  69.0415 291.0697 15.08832281 90416,6917.904,95.438,540.545,538.993,0.0
54186.0,STARLINK-5194,PAYLOAD,2024-06-14 19:44:29,15.08843809,0.0001338,53.2206,315.3689,87.7048,272.4098,9.77e-05,1.267e-05,0.0,0 STARLINK-5194,1 54186U 22141AF  24166.82256713  .00001267  00000-0  97700-4 0  9990,2 54186  53.2206 315.3689 0001338  87.7048 272.4098 15.08843809 90454,6917.869,95.437,540.659,538.808,0.0
54186.0,STARLINK-5194,PAYLOAD,2024-06-15 14:49:07,15.08841681,0.0001072,53.22,311.7997,96.2026,263.9088,0.00010301,1.352e-05,0.0,0 STARLINK-5194,1 54186U 22141AF  24167.61744658  .00001352  00000-0  10301-3 0  9994,2 54186  53.2200 311.7997 0001072  96.2026 263.9088 15.08841681 90579,6917.875,95.437,540.482,538.999,0.0
54186.0,STARLINK-5194,PAYLOAD,2024-06-15 16:24:30,15.08845083,0.0001025,53.2193,311.5028,86.764,273.347,0.0001207,1.634e-05,0.0,0 STARLINK-5194,1 54186U 22141AF  24167.68368409  .00001634  00000-0  12070-3 0  9995,2 54186  53.2193 311.5028 0001025  86.7640 273.3470 15.08845083 90588,6917.865,95.437,540.439,539.021,0.0
54186.0,STARLINK-5194,PAYLOAD,2024-06-16 14:39:54,15.08839577,0.0001064,53.2183,307.3388,96.1017,264.0096,8.7836e-05,1.11e-05,0.0,0 STARLINK-5194,1 54186U 22141AF  24168.61104642  .00001110  00000-0  87836-4 0  9998,2 54186  53.2183 307.3388 0001064  96.1017 264.0096 15.08839577 90723,6917.882,95.438,540.483,539.011,0.0
54186.0,STARLINK-5194,PAYLOAD,2024-06-16 19:26:03,15.08856445,0.0001128,53.2181,306.4493,100.2294,259.8826,-5.9082e-05,-1.228e-05,0.0,0 STARLINK-5194,1 54186U 22141AF  24168.80975865 -.00001228  00000-0 -59082-4 0  9996,2 54186  53.2181 306.4493 0001128 100.2294 259.8826 15.08856445 90752,6917.83,95.437,540.475,538.915,0.0
54186.0,STARLINK-5194,PAYLOAD,2024-06-17 16:06:04,15.08842342,0.0001558,53.2178,302.5811,82.3302,277.7867,4.567e-05,4.39e-06,0.0,0 STARLINK-5194,1 54186U 22141AF  24169.67088809  .00000439  00000-0  45670-4 0  9994,2 54186  53.2178 302.5811 0001558  82.3302 277.7867 15.08842342 91112,6917.873,95.437,540.816,538.66,0.0
54186.0,STARLINK-5194,PAYLOAD,2024-06-18 01:38:23,15.08835774,0.0001248,53.2178,300.8,84.5654,275.5481,4.3027e-05,3.97e-06,0.0,0 STARLINK-5194,1 54186U 22141AF  24170.06833323  .00000397  00000-0  43027-4 0  9995,2 54186  53.2178 300.8000 0001248  84.5654 275.5481 15.08835774 91178,6917.893,95.438,540.622,538.895,0.0
54186.0,STARLINK-5194,PAYLOAD,2024-06-18 14:21:29,15.08838168,0.0001264,53.2182,298.4213,86.165,273.9487,2.7897e-05,1.56e-06,0.0,0 STARLINK-5194,1 54186U 22141AF  24170.59825380  .00000156  00000-0  27897-4 0  9997,2 54186  53.2182 298.4213 0001264  86.1650 273.9487 15.08838168 91025,6917.886,95.438,540.625,538.877,0.0
54186.0,STARLINK-5194,PAYLOAD,2024-06-18 19:07:38,15.08843889,0.0001288,53.2186,297.5274,76.221,283.8925,5.8419e-05,6.42e-06,0.0,0 STARLINK-5194,1 54186U 22141AF  24170.79696941  .00000642  00000-0  58419-4 0  9992,2 54186  53.2186 297.5274 0001288  76.2210 283.8925 15.08843889 91050,6917.869,95.437,540.625,538.842,0.0
54186.0,STARLINK-5194,PAYLOAD,2024-06-19 12:36:53,15.08835462,0.0002019,53.2201,294.2533,81.4182,278.7039,6.3672e-06,-1.87e-06,0.0,0 STARLINK-5194,1 54186U 22141AF  24171.52562004 -.00000187  00000-0  63672-5 0  9999,2 54186  53.2201 294.2533 0002019  81.4182 278.7039 15.08835462 91393,6917.894,95.438,541.156,538.363,0.0
54186.0,STARLINK-5194,PAYLOAD,2024-06-19 14:12:16,15.08834742,0.0001361,53.2178,293.9579,78.1673,281.9472,1.2612e-05,-8.7e-07,0.0,0 STARLINK-5194,1 54186U 22141AF  24171.59185977 -.00000087  00000-0  12612-4 0  9992,2 54186  53.2178 293.9579 0001361  78.1673 281.9472 15.08834742 91172,6917.896,95.438,540.703,538.82,0.0
54186.0,STARLINK-5194,PAYLOAD,2024-06-19 17:23:02,15.08837823,0.0001261,53.2189,293.3635,76.9439,283.1694,3.491e-05,2.68e-06,0.0,0 STARLINK-5194,1 54186U 22141AF  24171.72433722  .00000268  00000-0  34910-4 0  9996,2 54186  53.2189 293.3635 0001261  76.9439 283.1694 15.08837823 91191,6917.887,95.438,540.624,538.88,0.0
54186.0,STARLINK-5194,PAYLOAD,2024-06-20 14:03:03,15.08846409,0.0001166,53.2175,289.501,85.1277,274.9849,5.4262e-05,5.76e-06,0.0,0 STARLINK-5194,1 54186U 22141AF  24172.58545280  .00000576  00000-0  54262-4 0  9998,2 54186  53.2175 289.5010 0001166  85.1277 274.9849 15.08846409 91321,6917.861,95.437,540.532,538.919,0.0
54186.0,STARLINK-5194,PAYLOAD,2024-06-20 15:38:26,15.08849378,0.0001106,53.2176,289.2039,92.141,267.9709,6.1958e-05,6.99e-06,0.0,0 STARLINK-5194,1 54186U 22141AF  24172.65169021  .00000699  00000-0  61958-4 0  9997,2 54186  53.2176 289.2039 0001106  92.1410 267.9709 15.08849378 91562,6917.852,95.437,540.482,538.952,0.0
54186.0,STARLINK-5194,PAYLOAD,2024-06-21 01:10:45,15.08842756,0.0001181,53.2176,287.417,87.5008,272.6119,3.658e-05,2.94e-06,0.0,0 STARLINK-5194,1 54186U 22141AF  24173.04913438  .00000294  00000-0  36580-4 0  9994,2 54186  53.2176 287.4170 0001181  87.5008 272.6119 15.08842756 91620,6917.872,95.437,540.554,538.92,0.0
54186.0,STARLINK-5194,PAYLOAD,2024-06-21 12:18:27,15.08835078,0.0001354,53.2174,285.337,85.0303,275.0844,6.9571e-05,8.19e-06,0.0,0 STARLINK-5194,1 54186U 22141AF  24173.51282134  .00000819  00000-0  69571-4 0  9997,2 54186  53.2174 285.3370 0001354  85.0303 275.0844 15.08835078 91698,6917.895,95.438,540.697,538.824,0.0
54186.0,STARLINK-5194,PAYLOAD,2024-06-21 13:53:50,15.08836918,0.0001317,53.2175,285.0412,77.894,282.22,1.8149e-05,1e-08,0.0,0 STARLINK-5194,1 54186U 22141AF  24173.57906213  .00000001  00000-0  18149-4 0  9992,2 54186  53.2175 285.0412 0001317  77.8940 282.2200 15.08836918 91474,6917.89,95.438,540.666,538.844,0.0
54186.0,STARLINK-5194,PAYLOAD,2024-06-22 12:09:14,15.08846553,0.0001252,53.218,280.876,96.9111,263.2024,3.9396e-05,3.39e-06,0.0,0 STARLINK-5194,1 54186U 22141AF  24174.50641448  .00000339  00000-0  39396-4 0  9993,2 54186  53.2180 280.8760 0001252  96.9111 263.2024 15.08846553 91849,6917.86,95.437,540.591,538.859,0.0
54186.0,STARLINK-5194,PAYLOAD,2024-06-22 13:44:37,15.08849112,0.0001228,53.2178,280.5788,85.5642,274.549,3.265e-05,2.32e-06,0.0,0 STARLINK-5194,1 54186U 22141AF  24174.57265336  .00000232  00000-0  32650-4 0  9996,2 54186  53.2178 280.5788 0001228  85.5642 274.5490 15.08849112 91621,6917.853,95.437,540.567,538.868,0.0
54186.0,STARLINK-5194,PAYLOAD,2024-06-22 16:55:23,15.0885052,0.0001183,53.2173,279.9832,97.5496,262.5631,6.3285e-05,7.2e-06,0.0,0 STARLINK-5194,1 54186U 22141AF  24174.70513051  .00000720  00000-0  63285-4 0  9991,2 54186  53.2173 279.9832 0001183  97.5496 262.5631 15.08850520 91649,6917.848,95.437,540.532,538.895,0.0
54186.0,STARLINK-5194,PAYLOAD,2024-06-23 13:35:24,15.08840529,0.0001329,53.2187,276.1192,88.0976,272.0169,7.8667e-05,9.64e-06,0.0,0 STARLINK-5194,1 54186U 22141AF  24175.56625706  .00000964  00000-0  78667-4 0  9997,2 54186  53.2187 276.1192 0001329  88.0976 272.0169 15.08840529 91776,6917.879,95.438,540.663,538.824,0.0
54186.0,STARLINK-5194,PAYLOAD,2024-06-24 13:26:10,15.0884926,0.0001279,53.2179,271.6546,87.7451,272.3687,9.4664e-05,1.219e-05,0.0,0 STARLINK-5194,1 54186U 22141AF  24176.55984860  .00001219  00000-0  94664-4 0  9995,2 54186  53.2179 271.6546 0001279  87.7451 272.3687 15.08849260 91924,6917.852,95.437,540.602,538.832,0.0
54186.0,STARLINK-5194,PAYLOAD,2024-06-25 11:41:35,15.0883605,0.0001301,53.218,267.4958,92.2084,267.9057,9.9286e-06,-1.3e-06,0.0,0 STARLINK-5194,1 54186U 22141AF  24177.48722058 -.00000130  00000-0  99286-5 0  9995,2 54186  53.2180 267.4958 0001301  92.2084 267.9057 15.08836050 92290,6917.892,95.438,540.657,538.857,0.0
54186.0,STARLINK-5194,PAYLOAD,2024-06-26 11:32:22,15.08840938,0.000124,53.2163,263.0287,72.5151,287.5976,-1.3144e-05,-4.97e-06,0.0,0 STARLINK-5194,1 54186U 22141AF  24178.48082075 -.00000497  00000-0 -13144-4 0  9999,2 54186  53.2163 263.0287 0001240  72.5151 287.5976 15.08840938 92216,6917.878,95.437,540.6,538.885,0.0
54186.0,STARLINK-5194,PAYLOAD,2024-06-27 12:58:32,15.08845637,0.0001276,53.2163,258.275,81.0069,279.1068,0.00019531,2.822e-05,0.0,0 STARLINK-5194,1 54186U 22141AF  24179.54065491  .00002822  00000-0  19531-3 0  9997,2 54186  53.2163 258.2750 0001276  81.0069 279.1068 15.08845637 92602,6917.863,95.437,540.611,538.845,0.0
54186.0,STARLINK-5194,PAYLOAD,2024-06-28 11:13:56,15.08842366,0.0001215,53.2142,254.1131,87.8333,272.2799,0.00012436,1.692e-05,0.0,0 STARLINK-5194,1 54186U 22141AF  24180.46801902  .00001692  00000-0  12436-3 0  9996,2 54186  53.2142 254.1131 0001215  87.8333 272.2799 15.08842366 92744,6917.873,95.437,540.579,538.898,0.0
54186.0,STARLINK-5194,PAYLOAD,2024-06-28 12:49:19,15.08850993,0.0001301,53.2151,253.8156,92.4685,267.6456,0.00019615,2.836e-05,0.0,0 STARLINK-5194,1 54186U 22141AF  24180.53425463  .00002836  00000-0  19615-3 0  9995,2 54186  53.2151 253.8156 0001301  92.4685 267.6456 15.08850993 92524,6917.847,95.437,540.612,538.812,0.0
54186.0,STARLINK-5194,PAYLOAD,2024-06-28 22:21:38,15.08844493,0.0001598,53.2162,252.0289,114.0486,246.0674,0.00010718,1.418e-05,0.0,0 STARLINK-5194,1 54186U 22141AF  24180.93169611  .00001418  00000-0  10718-3 0  9999,2 54186  53.2162 252.0289 0001598 114.0486 246.0674 15.08844493 92589,6917.867,95.437,540.837,538.626,0.0
54186.0,STARLINK-5194,PAYLOAD,2024-06-29 04:43:11,15.08844768,0.0001848,53.2144,250.842,81.9776,278.1425,2.577e-05,1.22e-06,0.0,0 STARLINK-5194,1 54186U 22141AF  24181.19665840  .00000122  00000-0  25770-4 0  9999,2 54186  53.2144 250.8420 0001848  81.9776 278.1425 15.08844768 92859,6917.866,95.437,541.009,538.452,0.0
54186.0,STARLINK-5194,PAYLOAD,2024-06-29 14:15:30,15.08842164,0.0001469,53.2157,249.057,100.6363,259.4794,-9.0291e-06,-4.32e-06,0.0,0 STARLINK-5194,1 54186U 22141AF  24181.59409768 -.00000432  00000-0 -90291-5 0  9995,2 54186  53.2157 249.0570 0001469 100.6363 259.4794 15.08842164 92689,6917.874,95.437,540.755,538.723,0.0
54186.0,STARLINK-5194,PAYLOAD,2024-06-30 10:55:31,15.08837093,0.0001487,53.2164,245.19,103.796,256.3198,-6.8596e-05,-1.379e-05,0.0,0 STARLINK-5194,1 54186U 22141AF  24182.45522773 -.00001379  00000-0 -68596-4 0  9996,2 54186  53.2164 245.1900 0001487 103.7960 256.3198 15.08837093 93048,6917.889,95.438,540.783,538.726,0.0
54186.0,STARLINK-5194,PAYLOAD,2024-06-30 14:06:17,15.08837078,0.0001485,53.2164,244.5951,104.0929,256.0229,-6.5363e-05,-1.328e-05,0.0,0 STARLINK-5194,1 54186U 22141AF  24182.58770778 -.00001328  00000-0 -65363-4 0  9993,2 54186  53.2164 244.5951 0001485 104.0929 256.0229 15.08837078 92835,6917.889,95.438,540.782,538.727,0.0
54186.0,STARLINK-5194,PAYLOAD,2024-07-01 10:46:18,15.08843079,0.0001367,53.2155,240.7315,93.3673,266.7475,0.00017091,2.433e-05,0.0,0 STARLINK-5194,1 54186U 22141AF  24183.44882160  .00002433  00000-0  17091-3 0  9998,2 54186  53.2155 240.7315 0001367  93.3673 266.7475 15.08843079 93191,6917.871,95.437,540.682,538.79,0.0
54186.0,STARLINK-5194,PAYLOAD,2024-07-01 13:57:04,15.0884496,0.0001221,53.2157,240.1367,88.8944,271.2188,0.00015629,2.201e-05,0.0,0 STARLINK-5194,1 54186U 22141AF  24183.58130093  .00002201  00000-0  15629-3 0  9992,2 54186  53.2157 240.1367 0001221  88.8944 271.2188 15.08844960 92981,6917.865,95.437,540.575,538.886,0.0
54186.0,STARLINK-5194,PAYLOAD,2024-07-01 20:18:37,15.08840988,0.0001276,53.2145,238.9465,82.0688,278.0449,0.00012781,1.747e-05,0.0,0 STARLINK-5194,1 54186U 22141AF  24183.84626637  .00001747  00000-0  12781-3 0  9995,2 54186  53.2145 238.9465 0001276  82.0688 278.0449 15.08840988 93020,6917.877,95.437,540.625,538.86,0.0
54186.0,STARLINK-5194,PAYLOAD,2024-07-02 02:40:10,15.08837404,0.0001235,53.2148,237.7606,87.0701,273.0432,0.00016041,2.266e-05,0.0,0 STARLINK-5194,1 54186U 22141AF  24184.11122880  .00002266  00000-0  16041-3 0  9997,2 54186  53.2148 237.7606 0001235  87.0701 273.0432 15.08837404 93298,6917.888,95.438,540.608,538.899,0.0
54186.0,STARLINK-5194,PAYLOAD,2024-07-02 10:37:05,15.0883852,0.0001194,53.2153,236.2728,92.2726,267.8403,9.2346e-05,1.182e-05,0.0,0 STARLINK-5194,1 54186U 22141AF  24184.44242937  .00001182  00000-0  92346-4 0  9998,2 54186  53.2153 236.2728 0001194  92.2726 267.8403 15.08838520 93112,6917.885,95.438,540.576,538.924,0.0
54186.0,STARLINK-5194,PAYLOAD,2024-07-03 12:03:16,15.08839637,0.0001245,53.2157,231.5148,90.0387,270.0748,1.5731e-05,-3.7e-07,0.0,0 STARLINK-5194,1 54186U 22141AF  24185.50227179 -.00000037  00000-0  15731-4 0  9999,2 54186  53.2157 231.5148 0001245  90.0387 270.0748 15.08839637 93507,6917.881,95.438,540.608,538.885,0.0
54186.0,STARLINK-5194,PAYLOAD,2024-07-03 20:00:12,15.08837456,0.0001222,53.2158,230.0268,84.589,275.5242,-3.4806e-05,-8.42e-06,0.0,0 STARLINK-5194,1 54186U 22141AF  24185.83347411 -.00000842  00000-0 -34806-4 0  9996,2 54186  53.2158 230.0268 0001222  84.5890 275.5242 15.08837456 93323,6917.888,95.438,540.599,538.908,0.0
54186.0,STARLINK-5194,PAYLOAD,2024-07-04 02:21:44,15.08832673,0.0001299,53.2157,228.8372,85.9246,274.1895,3.5786e-05,2.82e-06,0.0,0 STARLINK-5194,1 54186U 22141AF  24186.09843673  .00000282  00000-0  35786-4 0  9990,2 54186  53.2157 228.8372 0001299  85.9246 274.1895 15.08832673 93591,6917.903,95.438,540.666,538.869,0.0
54186.0,STARLINK-5194,PAYLOAD,2024-07-04 11:54:03,15.0883917,0.000123,53.2155,227.053,84.262,275.8513,5.0701e-05,5.19e-06,0.0,0 STARLINK-5194,1 54186U 22141AF  24186.49587237  .00000519  00000-0  50701-4 0  9992,2 54186  53.2155 227.0530 0001230  84.2620 275.8513 15.08839170 93425,6917.883,95.438,540.599,538.897,0.0
54186.0,STARLINK-5194,PAYLOAD,2024-07-04 19:50:58,15.08841661,0.0001222,53.2158,225.5661,85.9975,274.1156,0.0001043,1.373e-05,0.0,0 STARLINK-5194,1 54186U 22141AF  24186.82706943  .00001373  00000-0  10430-3 0  9999,2 54186  53.2158 225.5661 0001222  85.9975 274.1156 15.08841661 93702,6917.875,95.437,540.586,538.895,0.0
54186.0,STARLINK-5194,PAYLOAD,2024-07-05 11:44:52,15.08812918,0.0001118,53.2161,222.5924,90.3674,269.7446,-0.00015592,-2.766e-05,0.0,0 STARLINK-5194,1 54186U 22141AF  24187.48950223 -.00002766  00000-0 -15592-3 0  9997,2 54186  53.2161 222.5924 0001118  90.3674 269.7446 15.08812918 93801,6917.963,95.439,540.602,539.055,0.0
54186.0,STARLINK-5194,PAYLOAD,2024-07-05 19:41:47,15.08828144,9.87e-05,53.2163,221.1056,85.27,274.8405,-1.7741e-05,-5.7e-06,0.0,0 STARLINK-5194,1 54186U 22141AF  24187.82069193 -.00000570  00000-0 -17741-4 0  9992,2 54186  53.2163 221.1056 0000987  85.2700 274.8405 15.08828144 93855,6917.917,95.438,540.464,539.099,0.0
54186.0,STARLINK-5194,PAYLOAD,2024-07-06 11:35:38,15.08845024,0.0001052,53.2154,218.132,77.6713,282.4397,0.0001164,1.565e-05,0.0,0 STARLINK-5194,1 54186U 22141AF  24188.48307955  .00001565  00000-0  11640-3 0  9990,2 54186  53.2154 218.1320 0001052  77.6713 282.4397 15.08845024 93950,6917.865,95.437,540.458,539.002,0.0
54186.0,STARLINK-5194,PAYLOAD,2024-07-06 19:32:33,15.08849682,0.0001075,53.2156,216.6461,75.2884,284.8227,0.0001386,1.919e-05,0.0,0 STARLINK-5194,1 54186U 22141AF  24188.81427594  .00001919  00000-0  13860-3 0  9998,2 54186  53.2156 216.6461 0001075  75.2884 284.8227 15.08849682 93771,6917.851,95.437,540.459,538.972,0.0
54186.0,STARLINK-5194,PAYLOAD,2024-07-07 08:15:38,15.08844729,0.0001133,53.2163,214.2666,82.4543,277.6578,0.00035872,5.426e-05,0.0,0 STARLINK-5194,1 54186U 22141AF  24189.34419671  .00005426  00000-0  35872-3 0  9998,2 54186  53.2163 214.2666 0001133  82.4543 277.6578 15.08844729 93852,6917.866,95.437,540.515,538.947,0.0
54186.0,STARLINK-5194,PAYLOAD,2024-07-08 08:06:25,15.08854834,0.0001068,53.2145,209.8053,76.4921,283.619,8.9752e-05,1.141e-05,0.0,0 STARLINK-5194,1 54186U 22141AF  24190.33779148  .00001141  00000-0  89752-4 0  9994,2 54186  53.2145 209.8053 0001068  76.4921 283.6190 15.08854834 94230,6917.835,95.437,540.439,538.961,0.0
54186.0,STARLINK-5194,PAYLOAD,2024-07-09 04:46:25,15.08848827,0.0001105,53.2157,205.9384,80.531,279.5807,-4.4391e-05,-9.94e-06,0.0,0 STARLINK-5194,1 54186U 22141AF  24191.19891112 -.00000994  00000-0 -44391-4 0  9992,2 54186  53.2157 205.9384 0001105  80.5310 279.5807 15.08848827 94365,6917.853,95.437,540.483,538.954,0.0
54186.0,STARLINK-5194,PAYLOAD,2024-07-09 07:57:12,15.08848967,0.0001076,53.2152,205.3441,77.1416,282.9696,-4.3772e-05,-9.85e-06,0.0,0 STARLINK-5194,1 54186U 22141AF  24191.33138964 -.00000985  00000-0 -43772-4 0  9999,2 54186  53.2152 205.3441 0001076  77.1416 282.9696 15.08848967 94150,6917.853,95.437,540.462,538.974,0.0
54186.0,STARLINK-5194,PAYLOAD,2024-07-10 04:37:13,15.08832495,0.000109,53.2157,201.4809,79.8451,280.2664,-6.5778e-05,-1.334e-05,0.0,0 STARLINK-5194,1 54186U 22141AF  24192.19252030 -.00001334  00000-0 -65778-4 0  9994,2 54186  53.2157 201.4809 0001090  79.8451 280.2664 15.08832495 94519,6917.903,95.438,540.522,539.014,0.0
54186.0,STARLINK-5194,PAYLOAD,2024-07-10 07:48:00,15.08830986,0.0001082,53.2155,200.8856,77.8972,282.2141,-8.2494e-05,-1.6e-05,0.0,0 STARLINK-5194,1 54186U 22141AF  24192.32500210 -.00001600  00000-0 -82494-4 0  9995,2 54186  53.2155 200.8856 0001082  77.8972 282.2141 15.08830986 94301,6917.908,95.438,540.521,539.024,0.0
54186.0,STARLINK-5194,PAYLOAD,2024-07-11 09:14:10,15.08834546,0.0001094,53.2155,196.1278,79.5657,280.5459,2.496e-05,1.09e-06,0.0,0 STARLINK-5194,1 54186U 22141AF  24193.38484168  .00000109  00000-0  24960-4 0  9990,2 54186  53.2155 196.1278 0001094  79.5657 280.5459 15.08834546 94464,6917.897,95.438,540.519,539.005,0.0
54186.0,STARLINK-5194,PAYLOAD,2024-07-11 17:11:06,15.08834975,0.0001066,53.2151,194.6407,79.2536,280.8577,5.5588e-05,5.97e-06,0.0,0 STARLINK-5194,1 54186U 22141AF  24193.71604171  .00000597  00000-0  55588-4 0  9996,2 54186  53.2151 194.6407 0001066  79.2536 280.8577 15.08834975 94740,6917.896,95.438,540.498,539.023,0.0
54186.0,STARLINK-5194,PAYLOAD,2024-07-12 09:04:57,15.0883809,0.0001112,53.2155,191.6664,81.4663,278.6455,0.00014464,2.015e-05,0.0,0 STARLINK-5194,1 54186U 22141AF  24194.37844012  .00002015  00000-0  14464-3 0  9993,2 54186  53.2155 191.6664 0001112  81.4663 278.6455 15.08838090 94612,6917.886,95.438,540.52,538.982,0.0
54186.0,STARLINK-5194,PAYLOAD,2024-07-12 17:01:53,15.08839103,0.0001149,53.2158,190.1798,82.1554,277.9569,0.00012394,1.685e-05,0.0,0 STARLINK-5194,1 54186U 22141AF  24194.70964124  .00001685  00000-0  12394-3 0  9999,2 54186  53.2158 190.1798 0001149  82.1554 277.9569 15.08839103 94663,6917.883,95.438,540.543,538.953,0.0
54186.0,STARLINK-5194,PAYLOAD,2024-07-13 05:44:58,15.08842282,0.0001106,53.2155,187.8005,83.7282,276.3836,9.4063e-05,1.21e-05,0.0,0 STARLINK-5194,1 54186U 22141AF  24195.23956041  .00001210  00000-0  94063-4 0  9995,2 54186  53.2155 187.8005 0001106  83.7282 276.3836 15.08842282 94978,6917.873,95.437,540.504,538.973,0.0
54186.0,STARLINK-5194,PAYLOAD,2024-07-13 07:20:21,15.08844232,0.0001168,53.2157,187.5033,83.0679,277.0446,0.00011323,1.515e-05,0.0,0 STARLINK-5194,1 54186U 22141AF  24195.30579880  .00001515  00000-0  11323-3 0  9990,2 54186  53.2157 187.5033 0001168  83.0679 277.0446 15.08844232 94757,6917.867,95.437,540.54,538.924,0.0
54186.0,STARLINK-5194,PAYLOAD,2024-07-13 16:52:39,15.08844276,0.0001175,53.2158,185.7193,82.633,277.4796,9.3369e-05,1.199e-05,0.0,0 STARLINK-5194,1 54186U 22141AF  24195.70323887  .00001199  00000-0  93369-4 0  9997,2 54186  53.2158 185.7193 0001175  82.6330 277.4796 15.08844276 94819,6917.867,95.437,540.545,538.919,0.0
54186.0,STARLINK-5194,PAYLOAD,2024-07-14 05:35:44,15.08845786,0.0001197,53.2153,183.3403,83.973,276.1399,6.1503e-05,6.91e-06,0.0,0 STARLINK-5194,1 54186U 22141AF  24196.23315785  .00000691  00000-0  61503-4 0  9995,2 54186  53.2153 183.3403 0001197  83.9730 276.1399 15.08845786 94894,6917.863,95.437,540.556,538.9,0.0
54186.0,STARLINK-5194,PAYLOAD,2024-07-15 05:26:31,15.08850156,0.0001248,53.2163,178.8776,96.0958,264.0176,7.4639e-05,9.01e-06,0.0,0 STARLINK-5194,1 54186U 22141AF  24197.22675071  .00000901  00000-0  74639-4 0  9990,2 54186  53.2163 178.8776 0001248  96.0958 264.0176 15.08850156 95270,6917.849,95.437,540.578,538.851,0.0
54186.0,STARLINK-5194,PAYLOAD,2024-07-15 08:37:17,15.08849311,0.0001262,53.2164,178.2829,96.472,263.6416,8.6185e-05,1.084e-05,0.0,0 STARLINK-5194,1 54186U 22141AF  24197.35923034  .00001084  00000-0  86185-4 0  9991,2 54186  53.2164 178.2829 0001262  96.4720 263.6416 15.08849311 95061,6917.852,95.437,540.59,538.844,0.0
54186.0,STARLINK-5194,PAYLOAD,2024-07-15 22:55:46,15.08837269,0.00014,53.2171,175.6048,103.1518,256.963,-2.7572e-05,-7.27e-06,0.0,0 STARLINK-5194,1 54186U 22141AF  24197.95539997 -.00000727  00000-0 -27572-4 0  9998,2 54186  53.2171 175.6048 0001400 103.1518 256.9630 15.08837269 95150,6917.889,95.438,540.722,538.785,0.0
54186.0,STARLINK-5194,PAYLOAD,2024-07-16 05:17:18,15.0883986,0.0001295,53.2164,174.4182,95.8102,264.3038,6.7763e-08,-2.87e-06,0.0,0 STARLINK-5194,1 54186U 22141AF  24198.22035780 -.00000287  00000-0  67763-7 0  9999,2 54186  53.2164 174.4182 0001295  95.8102 264.3038 15.08839860 95420,6917.881,95.438,540.642,538.85,0.0
54186.0,STARLINK-5194,PAYLOAD,2024-07-16 08:28:05,15.08840399,0.0001319,53.2164,173.8233,94.4708,265.6435,1.3827e-05,-6.8e-07,0.0,0 STARLINK-5194,1 54186U 22141AF  24198.35283706 -.00000068  00000-0  13827-4 0  9992,2 54186  53.2164 173.8233 0001319  94.4708 265.6435 15.08840399 95215,6917.879,95.438,540.657,538.832,0.0
54186.0,STARLINK-5194,PAYLOAD,2024-07-16 22:46:33,15.08838149,0.0001447,53.2163,171.1468,108.0563,252.0587,-3.6533e-06,-3.46e-06,0.0,0 STARLINK-5194,1 54186U 22141AF  24198.94899891 -.00000346  00000-0 -36533-5 0  9995,2 54186  53.2163 171.1468 0001447 108.0563 252.0587 15.08838149 95306,6917.886,95.438,540.752,538.75,0.0
54186.0,STARLINK-5194,PAYLOAD,2024-07-17 14:40:24,15.08843261,0.0001307,53.2163,168.1752,92.5143,267.5998,-6.0793e-06,-3.85e-06,0.0,0 STARLINK-5194,1 54186U 22141AF  24199.61139626 -.00000385  00000-0 -60793-5 0  9991,2 54186  53.2163 168.1752 0001307  92.5143 267.5998 15.08843261 95403,6917.87,95.437,540.64,538.831,0.0
54186.0,STARLINK-5194,PAYLOAD,2024-07-18 04:58:53,15.08830206,0.0001516,53.2181,165.5021,95.006,265.1105,3.9272e-05,3.37e-06,0.0,0 STARLINK-5194,1 54186U 22141AF  24200.20756797  .00000337  00000-0  39272-4 0  9995,2 54186  53.2181 165.5021 0001516  95.0060 265.1105 15.08830206 95725,6917.91,95.438,540.824,538.727,0.0
54186.0,STARLINK-5194,PAYLOAD,2024-07-18 14:31:12,15.08834625,0.0001585,53.218,163.7181,99.9323,260.1848,8.9138e-06,-1.46e-06,0.0,0 STARLINK-5194,1 54186U 22141AF  24200.60500807 -.00000146  00000-0  89138-5 0  9994,2 54186  53.2180 163.7181 0001585  99.9323 260.1848 15.08834625 95551,6917.897,95.438,540.858,538.665,0.0
54186.0,STARLINK-5194,PAYLOAD,2024-07-19 04:49:40,15.0884431,0.0001454,53.2174,161.0409,93.9029,266.213,8.0644e-05,9.96e-06,0.0,0 STARLINK-5194,1 54186U 22141AF  24201.20116190  .00000996  00000-0  80644-4 0  9993,2 54186  53.2174 161.0409 0001454  93.9029 266.2130 15.08844310 95878,6917.867,95.437,540.738,538.726,0.0
54186.0,STARLINK-5194,PAYLOAD,2024-07-19 14:21:59,15.08845036,0.0001465,53.2169,159.2544,81.8057,278.3101,6.38e-05,7.28e-06,0.0,0 STARLINK-5194,1 54186U 22141AF  24201.59860117  .00000728  00000-0  63800-4 0  9998,2 54186  53.2169 159.2544 0001465  81.8057 278.3101 15.08845036 95700,6917.865,95.437,540.743,538.717,0.0
54186.0,STARLINK-5194,PAYLOAD,2024-07-20 04:40:27,15.08838726,0.0001499,53.2169,156.5794,86.9347,273.1816,8.779e-05,1.109e-05,0.0,0 STARLINK-5194,1 54186U 22141AF  24202.19476659  .00001109  00000-0  87790-4 0  9997,2 54186  53.2169 156.5794 0001499  86.9347 273.1816 15.08838726 96022,6917.884,95.438,540.786,538.712,0.0
54186.0,STARLINK-5194,PAYLOAD,2024-07-20 14:12:45,15.08867052,0.0001189,53.2166,154.7891,72.1602,287.952,-0.00039916,-6.64e-05,0.0,0 STARLINK-5194,1 54186U 22141AF  24202.59219703 -.00006640  00000-0 -39916-3 0  9999,2 54186  53.2166 154.7891 0001189  72.1602 287.9520 15.08867052 95853,6917.798,95.436,540.485,538.84,0.0
54186.0,STARLINK-5194,PAYLOAD,2024-07-21 02:55:51,15.08836863,0.0001127,53.2155,152.4099,103.07,257.0417,7.4258e-05,8.94e-06,0.0,0 STARLINK-5194,1 54186U 22141AF  24203.12212781  .00000894  00000-0  74258-4 0  9990,2 54186  53.2155 152.4099 0001127 103.0700 257.0417 15.08836863 96165,6917.89,95.438,540.535,538.975,0.0
54186.0,STARLINK-5194,PAYLOAD,2024-07-21 06:06:37,15.08848493,0.0001428,53.2167,151.8147,97.7426,262.3728,5.4856e-05,5.85e-06,0.0,0 STARLINK-5194,1 54186U 22141AF  24203.25460150  .00000585  00000-0  54856-4 0  9998,2 54186  53.2167 151.8147 0001428  97.7426 262.3728 15.08848493 96181,6917.854,95.437,540.707,538.732,0.0
54186.0,STARLINK-5194,PAYLOAD,2024-07-22 02:46:38,15.08843605,0.0001565,53.2178,147.9475,113.1907,246.925,-5.6923e-06,-3.79e-06,0.0,0 STARLINK-5194,1 54186U 22141AF  24204.11572544 -.00000379  00000-0 -56923-5 0  9996,2 54186  53.2178 147.9475 0001565 113.1907 246.9250 15.08843605 96315,6917.869,95.437,540.817,538.652,0.0
54186.0,STARLINK-5194,PAYLOAD,2024-07-23 02:37:25,15.0885145,0.000151,53.2175,143.4929,98.2035,261.9128,6.5542e-05,7.56e-06,0.0,0 STARLINK-5194,1 54186U 22141AF  24205.10931996  .00000756  00000-0  65542-4 0  9999,2 54186  53.2175 143.4929 0001510  98.2035 261.9128 15.08851450 96466,6917.845,95.437,540.755,538.666,0.0
54186.0,STARLINK-5194,PAYLOAD,2024-07-23 20:06:40,15.08834704,0.0001436,53.2169,140.2206,107.5751,252.5398,-5.0058e-06,-3.68e-06,0.0,0 STARLINK-5194,1 54186U 22141AF  24205.83797323 -.00000368  00000-0 -50058-5 0  9991,2 54186  53.2169 140.2206 0001436 107.5751 252.5398 15.08834704 96578,6917.897,95.438,540.755,538.768,0.0
54186.0,STARLINK-5194,PAYLOAD,2024-07-24 05:39:00,15.08833114,0.000145,53.2171,138.4363,110.7489,249.3659,-8.4678e-05,-1.635e-05,0.0,0 STARLINK-5194,1 54186U 22141AF  24206.23541738 -.00001635  00000-0 -84678-4 0  9995,2 54186  53.2171 138.4363 0001450 110.7489 249.3659 15.08833114 96404,6917.901,95.438,540.77,538.763,0.0
54186.0,STARLINK-5194,PAYLOAD,2024-07-24 19:57:27,15.08844814,0.0001557,53.2173,135.7616,119.7395,240.3752,-5.5545e-05,-1.172e-05,0.0,0 STARLINK-5194,1 54186U 22141AF  24206.83157192 -.00001172  00000-0 -55545-4 0  9995,2 54186  53.2173 135.7616 0001557 119.7395 240.3752 15.08844814 96493,6917.866,95.437,540.808,538.654,0.0
54186.0,STARLINK-5194,PAYLOAD,2024-07-25 00:43:36,15.08852589,0.0001236,53.2167,134.8695,97.9336,262.1797,4.4346e-06,-2.17e-06,0.0,0 STARLINK-5194,1 54186U 22141AF  24207.03028554 -.00000217  00000-0  44346-5 0  9993,2 54186  53.2167 134.8695 0001236  97.9336 262.1797 15.08852589 96757,6917.842,95.437,540.562,538.852,0.0
54186.0,STARLINK-5194,PAYLOAD,2024-07-25 18:12:52,15.08831065,0.0001516,53.2171,131.5986,113.3128,246.8024,0.00011992,1.621e-05,0.0,0 STARLINK-5194,1 54186U 22141AF  24207.75893585  .00001621  00000-0  11992-3 0  9994,2 54186  53.2171 131.5986 0001516 113.3128 246.8024 15.08831065 96862,6917.908,95.438,540.821,538.724,0.0
54186.0,STARLINK-5194,PAYLOAD,2024-07-26 03:45:10,15.08833866,0.0001223,53.2169,129.8153,93.6168,266.4964,0.0001264,1.724e-05,0.0,0 STARLINK-5194,1 54186U 22141AF  24208.15637583  .00001724  00000-0  12640-3 0  9998,2 54186  53.2169 129.8153 0001223  93.6168 266.4964 15.08833866 96697,6917.899,95.438,540.61,538.918,0.0
54186.0,STARLINK-5194,PAYLOAD,2024-07-26 11:42:06,15.08841624,0.0001326,53.2182,128.3305,93.3587,266.7557,0.000101,1.32e-05,0.0,0 STARLINK-5194,1 54186U 22141AF  24208.48757181  .00001320  00000-0  10100-3 0  9992,2 54186  53.2182 128.3305 0001326  93.3587 266.7557 15.08841624 96974,6917.875,95.437,540.658,538.823,0.0
54186.0,STARLINK-5194,PAYLOAD,2024-07-27 22:40:36,15.08828316,0.0002204,53.2174,121.7884,87.7934,272.3311,2.3138e-05,8e-07,0.0,0 STARLINK-5194,1 54186U 22141AF  24209.94486392  .00000080  00000-0  23138-4 0  9995,2 54186  53.2174 121.7884 0002204  87.7934 272.3311 15.08828316 96966,6917.916,95.438,541.306,538.256,0.0
54186.0,STARLINK-5194,PAYLOAD,2024-07-28 00:15:59,15.08827808,0.0001362,53.2157,121.4908,89.7123,270.4025,-3.2501e-06,-3.4e-06,0.0,0 STARLINK-5194,1 54186U 22141AF  24210.01110226 -.00000340  00000-0 -32501-5 0  9991,2 54186  53.2157 121.4908 0001362  89.7123 270.4025 15.08827808 97201,6917.918,95.438,540.725,538.84,0.0
54186.0,STARLINK-5194,PAYLOAD,2024-07-28 17:45:12,15.08902308,7.13e-05,53.2148,118.2187,53.029,307.0767,-0.00095744,-0.00015519,0.0,0 STARLINK-5194,1 54186U 22141AF  24210.73972267 -.00015519  00000-0 -95744-3 0  9991,2 54186  53.2148 118.2187 0000713  53.0290 307.0767 15.08902308 97313,6917.69,95.434,540.048,539.062,0.0
54186.0,STARLINK-5194,PAYLOAD,2024-07-29 00:06:43,15.08914629,0.0001164,53.2147,117.0291,59.5272,300.5835,-0.0011598,-0.00018736,0.0,0 STARLINK-5194,1 54186U 22141AF  24211.00466976 -.00018736  00000-0 -11598-2 0  9995,2 54186  53.2147 117.0291 0001164  59.5272 300.5835 15.08914629 97354,6917.652,95.433,540.323,538.712,0.0
54186.0,STARLINK-5194,PAYLOAD,2024-07-29 11:14:27,15.0882191,0.0001608,53.2161,114.9477,92.1844,267.9332,0.00036328,5.496e-05,0.0,0 STARLINK-5194,1 54186U 22141AF  24211.46837875  .00005496  00000-0  36328-3 0  9991,2 54186  53.2161 114.9477 0001608  92.1844 267.9332 15.08821910 97429,6917.936,95.439,540.913,538.688,0.0
54186.0,STARLINK-5194,PAYLOAD,2024-07-29 22:22:10,15.08836426,0.0001683,53.2177,112.8691,83.1639,276.9545,0.00016718,2.373e-05,0.0,0 STARLINK-5194,1 54186U 22141AF  24211.93206028  .00002373  00000-0  16718-3 0  9995,2 54186  53.2177 112.8691 0001683  83.1639 276.9545 15.08836426 97262,6917.891,95.438,540.921,538.592,0.0
54186.0,STARLINK-5194,PAYLOAD,2024-07-29 23:57:32,15.08839565,0.0001466,53.2171,112.568,98.9429,261.1729,0.00022418,3.282e-05,0.0,0 STARLINK-5194,1 54186U 22141AF  24211.99829563  .00003282  00000-0  22418-3 0  9990,2 54186  53.2171 112.5680 0001466  98.9429 261.1729 15.08839565 97505,6917.882,95.438,540.761,538.733,0.0
54186.0,STARLINK-5194,PAYLOAD,2024-07-30 22:12:56,15.08842334,0.0001594,53.2172,108.4061,94.1586,265.9588,0.00014707,2.054e-05,0.0,0 STARLINK-5194,1 54186U 22141AF  24212.92565633  .00002054  00000-0  14707-3 0  9997,2 54186  53.2172 108.4061 0001594  94.1586 265.9588 15.08842334 97410,6917.873,95.437,540.841,538.636,0.0
54186.0,STARLINK-5194,PAYLOAD,2024-07-30 23:48:19,15.08848976,0.0001558,53.2176,108.1079,90.2227,269.8944,0.00010486,1.382e-05,0.0,0 STARLINK-5194,1 54186U 22141AF  24212.99189318  .00001382  00000-0  10486-3 0  9999,2 54186  53.2176 108.1079 0001558  90.2227 269.8944 15.08848976 97427,6917.853,95.437,540.796,538.64,0.0
54186.0,STARLINK-5194,PAYLOAD,2024-07-31 20:28:21,15.08836641,0.0001279,53.2172,104.2425,92.4916,267.6223,-3.0893e-05,-7.79e-06,0.0,0 STARLINK-5194,1 54186U 22141AF  24213.85302414 -.00000779  00000-0 -30893-4 0  9995,2 54186  53.2172 104.2425 0001279  92.4916 267.6223 15.08836641 97785,6917.891,95.438,540.64,538.871,0.0
54186.0,STARLINK-5194,PAYLOAD,2024-07-31 22:03:44,15.08837264,0.0001462,53.2174,103.9448,99.2763,260.8394,-3.0631e-05,-7.75e-06,0.0,0 STARLINK-5194,1 54186U 22141AF  24213.91926375 -.00000775  00000-0 -30631-4 0  9996,2 54186  53.2174 103.9448 0001462  99.2763 260.8394 15.08837264 97569,6917.889,95.438,540.765,538.742,0.0
54186.0,STARLINK-5194,PAYLOAD,2024-08-01 09:11:25,15.08843406,0.0001418,53.2172,101.862,102.0127,258.1024,1.568e-05,-3.8e-07,0.0,0 STARLINK-5194,1 54186U 22141AF  24214.38293768 -.00000038  00000-0  15680-4 0  9999,2 54186  53.2172 101.8620 0001418 102.0127 258.1024 15.08843406 97862,6917.87,95.437,540.716,538.754,0.0
54186.0,STARLINK-5194,PAYLOAD,2024-08-01 20:19:07,15.08866492,0.0001146,53.2164,99.7762,93.3265,266.7858,-0.00019956,-3.465e-05,0.0,0 STARLINK-5194,1 54186U 22141AF  24214.84660977 -.00003465  00000-0 -19956-3 0  9997,2 54186  53.2164  99.7762 0001146  93.3265 266.7858 15.08866492 97936,6917.799,95.436,540.457,538.872,0.0
54186.0,STARLINK-5194,PAYLOAD,2024-08-01 21:54:29,15.08862446,0.0001443,53.2182,99.4893,99.6234,260.4921,3.5138e-05,2.72e-06,0.0,0 STARLINK-5194,1 54186U 22141AF  24214.91284395  .00000272  00000-0  35138-4 0  9993,2 54186  53.2182  99.4893 0001443  99.6234 260.4921 15.08862446 97716,6917.812,95.436,540.675,538.679,0.0
54186.0,STARLINK-5194,PAYLOAD,2024-08-01 23:29:52,15.08863684,0.0001223,53.2169,99.1897,88.8408,271.2724,9.7291e-05,1.262e-05,0.0,0 STARLINK-5194,1 54186U 22141AF  24214.97908050  .00001262  00000-0  97291-4 0  9998,2 54186  53.2169  99.1897 0001223  88.8408 271.2724 15.08863684 97953,6917.808,95.436,540.519,538.827,0.0
54186.0,STARLINK-5194,PAYLOAD,2024-08-02 09:02:12,15.08849551,0.0001101,53.2161,97.407,102.5576,257.5539,-4.0931e-05,-9.39e-06,0.0,0 STARLINK-5194,1 54186U 22141AF  24215.37653031 -.00000939  00000-0 -40931-4 0  9990,2 54186  53.2161  97.4070 0001101 102.5576 257.5539 15.08849551 98010,6917.851,95.437,540.478,538.955,0.0
54186.0,STARLINK-5194,PAYLOAD,2024-08-02 20:09:55,15.08827101,0.0001769,53.2171,95.3204,85.8258,274.2936,3.47e-05,2.64e-06,0.0,0 STARLINK-5194,1 54186U 22141AF  24215.84023018  .00000264  00000-0  34700-4 0  9994,2 54186  53.2171  95.3204 0001769  85.8258 274.2936 15.08827101 98088,6917.92,95.438,541.009,538.561,0.0
54186.0,STARLINK-5194,PAYLOAD,2024-08-02 21:45:19,15.08827109,0.0001799,53.2188,95.0249,95.4425,264.6772,3.8287e-05,3.21e-06,0.0,0 STARLINK-5194,1 54186U 22141AF  24215.90647051  .00000321  00000-0  38287-4 0  9998,2 54186  53.2188  95.0249 0001799  95.4425 264.6772 15.08827109 97862,6917.92,95.438,541.029,538.54,0.0
54186.0,STARLINK-5194,PAYLOAD,2024-08-03 08:53:00,15.08836888,0.0001637,53.2181,92.946,95.1658,264.9521,7.6752e-05,9.34e-06,0.0,0 STARLINK-5194,1 54186U 22141AF  24216.37014554  .00000934  00000-0  76752-4 0  9995,2 54186  53.2181  92.9460 0001637  95.1658 264.9521 15.08836888 98165,6917.89,95.438,540.887,538.622,0.0
54186.0,STARLINK-5194,PAYLOAD,2024-08-03 21:36:05,15.08843167,0.0001622,53.2167,90.5661,88.4102,271.7076,-3.2951e-05,-8.12e-06,0.0,0 STARLINK-5194,1 54186U 22141AF  24216.90005978 -.00000812  00000-0 -32951-4 0  9994,2 54186  53.2167  90.5661 0001622  88.4102 271.7076 15.08843167 98012,6917.871,95.437,540.858,538.614,0.0
54186.0,STARLINK-5194,PAYLOAD,2024-08-04 00:46:51,15.0884561,0.0001596,53.2164,89.9704,90.5094,269.6081,3.784e-05,3.14e-06,0.0,0 STARLINK-5194,1 54186U 22141AF  24217.03253833  .00000314  00000-0  37840-4 0  9991,2 54186  53.2164  89.9704 0001596  90.5094 269.6081 15.08845610 98267,6917.863,95.437,540.832,538.624,0.0
54186.0,STARLINK-5194,PAYLOAD,2024-08-04 15:05:19,15.08839145,0.0001571,53.216,87.2939,92.2188,267.8984,0.00025378,3.753e-05,0.0,0 STARLINK-5194,1 54186U 22141AF  24217.62870256  .00003753  00000-0  25378-3 0  9992,2 54186  53.2160  87.2939 0001571  92.2188 267.8984 15.08839145 98123,6917.883,95.438,540.835,538.661,0.0
54186.0,STARLINK-5194,PAYLOAD,2024-08-04 23:02:14,15.08861837,0.00017,53.2166,85.8067,81.9654,278.1531,0.00041134,6.268e-05,0.0,0 STARLINK-5194,1 54186U 22141AF  24217.95989167  .00006268  00000-0  41134-3 0  9992,2 54186  53.2166  85.8067 0001700  81.9654 278.1531 15.08861837 98173,6917.814,95.436,540.855,538.503,0.0
54186.0,STARLINK-5194,PAYLOAD,2024-08-05 00:37:37,15.0886768,0.0001512,53.2162,85.5084,93.5217,266.5948,0.00046614,7.144e-05,0.0,0 STARLINK-5194,1 54186U 22141AF  24218.02612674  .00007144  00000-0  46614-3 0  9999,2 54186  53.2162  85.5084 0001512  93.5217 266.5948 15.08867680 98412,6917.796,95.436,540.707,538.615,0.0
54186.0,STARLINK-5194,PAYLOAD,2024-08-05 21:17:39,15.08836808,0.0001484,53.2162,81.6412,85.4736,274.6426,1.9798e-05,2.7e-07,0.0,0 STARLINK-5194,1 54186U 22141AF  24218.88726227  .00000027  00000-0  19798-4 0  9990,2 54186  53.2162  81.6412 0001484  85.4736 274.6426 15.08836808 98541,6917.89,95.438,540.782,538.729,0.0
54186.0,STARLINK-5194,PAYLOAD,2024-08-06 08:25:21,15.08838192,0.0001527,53.217,79.5563,100.7369,259.3795,5.7046e-06,-1.97e-06,0.0,0 STARLINK-5194,1 54186U 22141AF  24219.35094153 -.00000197  00000-0  57046-5 0  9997,2 54186  53.2170  79.5563 0001527 100.7369 259.3795 15.08838192 98383,6917.886,95.438,540.807,538.695,0.0
54186.0,STARLINK-5194,PAYLOAD,2024-08-06 21:08:26,15.08841273,0.0001632,53.2172,77.1776,111.5145,248.6021,-7.4637e-05,-1.476e-05,0.0,0 STARLINK-5194,1 54186U 22141AF  24219.88086077 -.00001476  00000-0 -74637-4 0  9997,2 54186  53.2172  77.1776 0001632 111.5145 248.6021 15.08841273 98460,6917.876,95.437,540.87,538.613,0.0
54186.0,STARLINK-5194,PAYLOAD,2024-08-07 00:19:12,15.08843651,0.0001473,53.2168,76.585,98.0136,262.1023,-5.2612e-05,-1.125e-05,0.0,0 STARLINK-5194,1 54186U 22141AF  24220.01334012 -.00001125  00000-0 -52612-4 0  9999,2 54186  53.2168  76.5850 0001473  98.0136 262.1023 15.08843651 98716,6917.869,95.437,540.753,538.715,0.0
54186.0,STARLINK-5194,PAYLOAD,2024-08-07 20:59:12,15.0885812,0.0001466,53.2171,72.7178,101.8288,258.2869,0.00036301,5.497e-05,0.0,0 STARLINK-5194,1 54186U 22141AF  24220.87445150  .00005497  00000-0  36301-3 0  9999,2 54186  53.2171  72.7178 0001466 101.8288 258.2869 15.08858120 98849,6917.825,95.436,540.704,538.676,0.0
54186.0,STARLINK-5194,PAYLOAD,2024-08-08 20:50:00,15.08841244,0.0001213,53.2165,68.2575,92.2382,267.875,4.9192e-05,4.95e-06,0.0,0 STARLINK-5194,1 54186U 22141AF  24221.86806123  .00000495  00000-0  49192-4 0  9996,2 54186  53.2165  68.2575 0001213  92.2382 267.8750 15.08841244 98991,6917.877,95.437,540.581,538.902,0.0
54186.0,STARLINK-5194,PAYLOAD,2024-08-09 14:19:15,15.08830632,0.0001536,53.217,64.9888,108.903,251.2128,8.8072e-05,1.114e-05,0.0,0 STARLINK-5194,1 54186U 22141AF  24222.59670798  .00001114  00000-0  88072-4 0  9993,2 54186  53.2170  64.9888 0001536 108.9030 251.2128 15.08830632 98872,6917.909,95.438,540.837,538.711,0.0
54186.0,STARLINK-5194,PAYLOAD,2024-08-09 22:16:10,15.08849549,0.0001246,53.2168,63.5025,86.6728,273.4407,0.00031075,4.662e-05,0.0,0 STARLINK-5194,1 54186U 22141AF  24222.92789897  .00004662  00000-0  31075-3 0  9992,2 54186  53.2168  63.5025 0001246  86.6728 273.4407 15.08849549 98920,6917.851,95.437,540.578,538.854,0.0
54186.0,STARLINK-5194,PAYLOAD,2024-08-10 14:10:02,15.08838306,0.0001447,53.2172,60.5284,87.6859,272.4299,0.00017615,2.516e-05,0.0,0 STARLINK-5194,1 54186U 22141AF  24223.59030832  .00002516  00000-0  17615-3 0  9994,2 54186  53.2172  60.5284 0001447  87.6859 272.4299 15.08838306 99027,6917.886,95.438,540.752,538.75,0.0
54186.0,STARLINK-5194,PAYLOAD,2024-08-10 20:31:34,15.08859345,0.0001185,53.2172,59.3381,89.277,270.8358,0.00062978,9.754e-05,0.0,0 STARLINK-5194,1 54186U 22141AF  24223.85526119  .00009754  00000-0  62978-3 0  9994,2 54186  53.2172  59.3381 0001185  89.2770 270.8358 15.08859345 99293,6917.821,95.436,540.506,538.866,0.0
54186.0,STARLINK-5194,PAYLOAD,2024-08-11 12:25:25,15.0885322,0.0001378,53.2163,56.3679,83.3671,276.7478,0.00030936,4.641e-05,0.0,0 STARLINK-5194,1 54186U 22141AF  24224.51766021  .00004641  00000-0  30936-3 0  9995,2 54186  53.2163  56.3679 0001378  83.3671 276.7478 15.08853220 99394,6917.84,95.437,540.658,538.752,0.0
54186.0,STARLINK-5194,PAYLOAD,2024-08-12 05:54:39,15.088561,0.0001521,53.2181,53.0988,85.8385,274.2781,0.00035393,5.352e-05,0.0,0 STARLINK-5194,1 54186U 22141AF  24225.24629346  .00005352  00000-0  35393-3 0  9996,2 54186  53.2181  53.0988 0001521  85.8385 274.2781 15.08856100 99277,6917.831,95.437,540.748,538.644,0.0
54186.0,STARLINK-5194,PAYLOAD,2024-08-12 18:37:44,15.08862355,0.0002406,53.2163,50.7187,85.4405,274.6862,0.00035583,5.383e-05,0.0,0 STARLINK-5194,1 54186U 22141AF  24225.77621049  .00005383  00000-0  35583-3 0  9991,2 54186  53.2163  50.7187 0002406  85.4405 274.6862 15.08862355 99581,6917.812,95.436,541.341,538.013,0.0
54186.0,STARLINK-5194,PAYLOAD,2024-08-13 12:07:01,15.08802196,0.0002535,53.2077,47.4439,80.9929,279.135,-0.00046095,-7.61e-05,0.0,0 STARLINK-5194,1 54186U 22141AF  24226.50487549 -.00007610  00000-0 -46095-3 0  9995,2 54186  53.2077  47.4439 0002535  80.9929 279.1350 15.08802196 99693,6917.996,95.44,541.615,538.107,0.0
54186.0,STARLINK-5194,PAYLOAD,2024-08-13 20:03:58,15.08780363,9.8e-05,53.2131,45.9587,47.7747,312.3328,-0.00038057,-6.329e-05,0.0,0 STARLINK-5194,1 54186U 22141AF  24226.83609073 -.00006329  00000-0 -38057-3 0  9994,2 54186  53.2131  45.9587 0000980  47.7747 312.3328 15.08780363 99744,6918.063,95.441,540.606,539.25,0.0
54186.0,STARLINK-5194,PAYLOAD,2024-08-14 05:36:17,15.08809269,7.38e-05,53.2165,44.1733,84.1028,276.0048,0.00050996,7.831e-05,0.0,0 STARLINK-5194,1 54186U 22141AF  24227.23353707  .00007831  00000-0  50996-3 0  9992,2 54186  53.2165  44.1733 0000738  84.1028 276.0048 15.08809269 99802,6917.974,95.439,540.35,539.329,0.0
54186.0,STARLINK-5194,PAYLOAD,2024-08-14 18:19:22,15.08846176,9.09e-05,53.2177,41.7951,70.5988,289.5102,0.001007,0.00015777,0.0,0 STARLINK-5194,1 54186U 22141AF  24227.76345150  .00015777  00000-0  10070-2 0  9999,2 54186  53.2177  41.7951 0000909  70.5988 289.5102 15.08846176 99880,6917.862,95.437,540.355,539.098,0.0
54186.0,STARLINK-5194,PAYLOAD,2024-08-16 03:42:26,15.0885201,0.0001203,53.2176,35.5479,68.4712,291.6408,0.00011415,1.53e-05,0.0,0 STARLINK-5194,1 54186U 22141AF  24229.15447763  .00001530  00000-0  11415-3 0  9994,2 54186  53.2176  35.5479 0001203  68.4712 291.6408 15.08852010100097,6917.844,95.437,540.541,538.876,0.0
54186.0,STARLINK-5194,PAYLOAD,2024-08-16 21:11:40,15.08851009,0.0001323,53.2177,32.2781,63.5704,296.5424,-0.00010881,-2.02e-05,0.0,0 STARLINK-5194,1 54186U 22141AF  24229.88311271 -.00002020  00000-0 -10881-3 0  9991,2 54186  53.2177  32.2781 0001323  63.5704 296.5424 15.08851009 99971,6917.847,95.437,540.627,538.797,0.0
54186.0,STARLINK-5194,PAYLOAD,2024-08-18 09:45:33,15.08842872,0.0002789,53.2152,25.4411,84.3463,275.7847,-3.1319e-05,-7.87e-06,0.0,0 STARLINK-5194,1 54186U 22141AF  24231.40663582 -.00000787  00000-0 -31319-4 0  9995,2 54186  53.2152  25.4411 0002789  84.3463 275.7847 15.08842872100438,6917.872,95.437,541.666,537.807,0.0
54186.0,STARLINK-5194,PAYLOAD,2024-08-18 17:42:27,15.0884967,8.26e-05,53.2182,23.9521,98.8239,261.2847,0.00033079,4.982e-05,0.0,0 STARLINK-5194,1 54186U 22141AF  24231.73782349  .00004982  00000-0  33079-3 0  9997,2 54186  53.2182  23.9521 0000826  98.8239 261.2847 15.08849670100485,6917.851,95.437,540.287,539.144,0.0
54186.0,STARLINK-5194,PAYLOAD,2024-08-19 19:08:39,15.08839342,0.0001933,53.219,19.2001,49.001,311.1149,7.6272e-05,9.26e-06,0.0,0 STARLINK-5194,1 54186U 22141AF  24232.79768221  .00000926  00000-0  76272-4 0  9994,2 54186  53.2190  19.2001 0001933  49.0010 311.1149 15.08839342100643,6917.882,95.438,541.085,538.41,0.0
54186.0,STARLINK-5194,PAYLOAD,2024-08-20 03:05:35,15.08849338,0.0001045,53.2186,17.7067,113.1432,246.967,-5.2154e-05,-1.118e-05,0.0,0 STARLINK-5194,1 54186U 22141AF  24233.12887734 -.00001118  00000-0 -52154-4 0  9992,2 54186  53.2186  17.7067 0001045 113.1432 246.9670 15.08849338100693,6917.852,95.437,540.44,538.994,0.0
54186.0,STARLINK-5194,PAYLOAD,2024-08-20 14:13:16,15.0884855,0.0001193,53.2186,15.63,72.8928,287.2194,3.586e-05,2.83e-06,0.0,0 STARLINK-5194,1 54186U 22141AF  24233.59255432  .00000283  00000-0  35860-4 0  9992,2 54186  53.2186  15.6300 0001193  72.8928 287.2194 15.08848550100532,6917.854,95.437,540.545,538.894,0.0
54186.0,STARLINK-5194,PAYLOAD,2024-08-21 14:04:04,15.08833432,0.0001178,53.2182,11.1701,87.3737,272.739,5.2674e-05,5.5e-06,0.0,0 STARLINK-5194,1 54186U 22141AF  24234.58616432  .00000550  00000-0  52674-4 0  9992,2 54186  53.2182  11.1701 0001178  87.3737 272.7390 15.08833432100682,6917.9,95.438,540.58,538.951,0.0
54186.0,STARLINK-5194,PAYLOAD,2024-08-21 18:50:14,15.08834705,0.000123,53.2182,10.2744,79.2371,280.876,8.4712e-05,1.06e-05,0.0,0 STARLINK-5194,1 54186U 22141AF  24234.78488513  .00001060  00000-0  84712-4 0  9996,2 54186  53.2182  10.2744 0001230  79.2371 280.8760 15.08834705100946,6917.897,95.438,540.612,538.911,0.0
